xof 0303txt 0032
template Frame {
 <3d82ab46-62da-11cf-ab39-0020af71e433>
 [...]
}

template Matrix4x4 {
 <f6f23f45-7686-11cf-8f52-0040333594a3>
 array FLOAT matrix[16];
}

template FrameTransformMatrix {
 <f6f23f41-7686-11cf-8f52-0040333594a3>
 Matrix4x4 frameMatrix;
}

template AnimTicksPerSecond {
 <9e415a43-7ba6-4a73-8743-b73d47e88476>
 DWORD AnimTicksPerSecond;
}

template Animation {
 <3d82ab4f-62da-11cf-ab39-0020af71e433>
 [...]
}

template AnimationSet {
 <3d82ab50-62da-11cf-ab39-0020af71e433>
 [Animation <3d82ab4f-62da-11cf-ab39-0020af71e433>]
}

template FloatKeys {
 <10dd46a9-775b-11cf-8f52-0040333594a3>
 DWORD nValues;
 array FLOAT values[nValues];
}

template TimedFloatKeys {
 <f406b180-7b3b-11cf-8f52-0040333594a3>
 DWORD time;
 FloatKeys tfkeys;
}

template AnimationKey {
 <10dd46a8-775b-11cf-8f52-0040333594a3>
 DWORD keyType;
 DWORD nKeys;
 array TimedFloatKeys keys[nKeys];
}


Frame Bip001 {
 

 FrameTransformMatrix {
  -0.954047,-0.297801,-0.033306,0.000000,-0.297619,0.954628,-0.010390,0.000000,0.034889,0.000000,-0.999391,0.000000,0.053877,64.012685,0.000000,1.000000;;
 }

 Frame Bip001_Pelvis {
  

  FrameTransformMatrix {
   0.000000,1.000000,-0.000001,0.000000,-0.000001,0.000001,1.000000,0.000000,1.000000,0.000000,0.000001,0.000000,0.000000,0.000000,0.000000,1.000000;;
  }

  Frame Bip001_Spine {
   

   FrameTransformMatrix {
    0.974189,0.144791,0.173180,0.000000,-0.146738,0.989174,-0.001577,0.000000,-0.171533,-0.023875,0.984889,0.000000,12.269814,0.000301,-0.011597,1.000000;;
   }

   Frame Bip001_Spine1 {
    

    FrameTransformMatrix {
     0.934253,0.005788,0.356564,0.000000,-0.009844,0.999906,0.009562,0.000000,-0.356475,-0.012443,0.934222,0.000000,14.789032,0.000147,-0.010998,1.000000;;
    }

    Frame Bip001_Spine2 {
     

     FrameTransformMatrix {
      0.664316,-0.023009,0.747097,0.000000,0.039747,0.999199,-0.004571,0.000000,-0.746394,0.032732,0.664699,0.000000,14.797082,-0.000537,-0.010914,1.000000;;
     }

     Frame Bip001_Neck {
      

      FrameTransformMatrix {
       0.978158,0.158456,-0.134529,0.000000,-0.125436,0.966056,0.225834,0.000000,0.165748,-0.204027,0.964832,0.000000,23.256458,0.166697,-3.852089,1.000000;;
      }

      Frame Bip001_L_Clavicle {
       

       FrameTransformMatrix {
        -0.045171,0.971311,-0.233483,0.000000,0.989985,0.074816,0.119716,0.000000,0.133750,-0.225737,-0.964963,0.000000,-3.387497,8.744021,-1.612572,1.000000;;
       }

       Frame Bip001_L_UpperArm {
        

        FrameTransformMatrix {
         0.550876,0.042720,-0.833493,0.000000,0.705004,0.510665,0.492129,0.000000,0.446659,-0.858718,0.251195,0.000000,11.088629,0.000000,0.000008,1.000000;;
        }

        Frame Bip001_L_Forearm {
         

         FrameTransformMatrix {
          0.157045,0.000000,-0.987592,0.000000,0.000000,1.000000,-0.000000,0.000000,0.987592,0.000000,0.157045,0.000000,28.694573,0.000000,0.000000,1.000000;;
         }

         Frame Bip001_L_Hand {
          

          FrameTransformMatrix {
           0.970825,-0.239788,0.000000,0.000000,0.000191,0.000773,1.000000,0.000000,-0.239788,-0.970825,0.000796,0.000000,31.867773,-0.000008,0.000000,1.000000;;
          }

          Frame Bip001_L_Finger0 {
           

           FrameTransformMatrix {
            0.511349,-0.588084,0.626641,0.000000,0.857617,0.302623,-0.415827,0.000000,0.054906,0.750051,0.659097,0.000000,4.422608,-6.592365,0.107849,1.000000;;
           }

           Frame Bip001_L_Finger01 {
            

            FrameTransformMatrix {
             0.972901,-0.000000,0.231222,0.000000,0.000000,1.000000,0.000000,0.000000,-0.231222,-0.000000,0.972901,0.000000,7.311137,0.000000,0.000000,1.000000;;
            }

            Frame Bip001_L_Finger02 {
             

             FrameTransformMatrix {
              0.972901,0.000000,0.231222,0.000000,0.000000,1.000000,0.000000,0.000000,-0.231222,-0.000000,0.972901,0.000000,5.823690,-0.000008,0.000000,1.000000;;
             }
            }
           }
          }

          Frame Bip001_L_Finger1 {
           

           FrameTransformMatrix {
            0.959875,0.274939,0.055217,0.000000,-0.275400,0.961329,0.000765,0.000000,-0.052871,-0.015941,0.998474,0.000000,12.192886,-5.419224,-0.089653,1.000000;;
           }

           Frame Bip001_L_Finger11 {
            

            FrameTransformMatrix {
             0.997092,0.000000,0.076208,0.000000,0.000000,1.000000,-0.000000,0.000000,-0.076208,-0.000000,0.997092,0.000000,4.776684,0.000008,0.000000,1.000000;;
            }

            Frame Bip001_L_Finger12 {
             

             FrameTransformMatrix {
              0.997092,0.000000,0.076208,0.000000,0.000000,1.000000,0.000000,0.000000,-0.076208,-0.000000,0.997092,0.000000,4.515865,-0.000004,-0.000008,1.000000;;
             }
            }
           }
          }

          Frame Bip001_L_Finger2 {
           

           FrameTransformMatrix {
            0.986999,0.127698,0.097606,0.000000,-0.128388,0.991724,0.000790,0.000000,-0.096697,-0.013311,0.995225,0.000000,11.152559,-1.196819,0.049660,1.000000;;
           }

           Frame Bip001_L_Finger21 {
            

            FrameTransformMatrix {
             0.996587,0.000000,0.082545,0.000000,0.000000,1.000000,0.000000,0.000000,-0.082545,0.000000,0.996587,0.000000,4.651480,0.000000,-0.000008,1.000000;;
            }

            Frame Bip001_L_Finger22 {
             

             FrameTransformMatrix {
              0.996587,0.000000,0.082545,0.000000,0.000000,1.000000,0.000000,0.000000,-0.082545,0.000000,0.996587,0.000000,4.559380,0.000000,0.000000,1.000000;;
             }
            }
           }
          }

          Frame Bip001_L_Finger3 {
           

           FrameTransformMatrix {
            0.986659,-0.000130,0.162800,0.000000,0.000000,1.000000,0.000796,0.000000,-0.162800,-0.000786,0.986659,0.000000,11.614853,1.974895,0.069557,1.000000;;
           }

           Frame Bip001_L_Finger31 {
            

            FrameTransformMatrix {
             1.000000,0.000000,0.000000,0.000000,0.000000,1.000000,-0.000000,0.000000,0.000000,0.000000,1.000000,0.000000,4.684313,0.000000,0.000000,1.000000;;
            }

            Frame Bip001_L_Finger32 {
             

             FrameTransformMatrix {
              1.000000,0.000000,0.000000,0.000000,0.000000,1.000000,-0.000000,0.000000,0.000000,0.000000,1.000000,0.000000,3.361368,0.000004,0.000000,1.000000;;
             }
            }
           }
          }

          Frame Bip001_L_Finger4 {
           

           FrameTransformMatrix {
            0.987277,-0.000127,0.159012,0.000000,0.000000,1.000000,0.000796,0.000000,-0.159013,-0.000786,0.987276,0.000000,14.627659,5.073070,0.056625,1.000000;;
           }

           Frame Bip001_L_Finger41 {
            

            FrameTransformMatrix {
             1.000000,0.000000,0.000000,0.000000,0.000000,1.000000,-0.000000,0.000000,-0.000000,0.000000,1.000000,0.000000,4.276610,0.000000,0.000015,1.000000;;
            }

            Frame Bip001_L_Finger42 {
             

             FrameTransformMatrix {
              1.000000,0.000000,0.000000,0.000000,0.000000,1.000000,-0.000000,0.000000,-0.000000,0.000000,1.000000,0.000000,2.148655,0.000004,-0.000008,1.000000;;
             }
            }
           }
          }
         }
        }
       }
      }

      Frame Bip001_R_Clavicle {
       

       FrameTransformMatrix {
        -0.355371,-0.919879,0.165933,0.000000,-0.925107,0.320727,-0.203254,0.000000,0.133750,-0.225737,-0.964963,0.000000,-6.051514,-7.497620,1.817642,1.000000;;
       }

       Frame Bip001_R_UpperArm {
        

        FrameTransformMatrix {
         0.631306,-0.025470,-0.775115,0.000000,-0.484463,0.767505,-0.419799,0.000000,0.605597,0.640537,0.472192,0.000000,11.088632,0.000000,0.000008,1.000000;;
        }

        Frame Bip001_R_Forearm {
         

         FrameTransformMatrix {
          -0.055129,0.000000,-0.998479,0.000000,0.000000,1.000000,0.000000,0.000000,0.998479,-0.000000,-0.055129,0.000000,28.694566,0.000000,0.000000,1.000000;;
         }

         Frame Bip001_R_Hand {
          

          FrameTransformMatrix {
           0.994374,0.105927,-0.000000,0.000000,-0.000084,0.000792,-1.000000,0.000000,-0.105927,0.994374,0.000796,0.000000,31.867789,-0.000008,0.000008,1.000000;;
          }

          Frame Bip001_R_Finger0 {
           

           FrameTransformMatrix {
            0.436819,0.001873,0.899548,0.000000,-0.857617,0.302623,0.415827,0.000000,-0.271444,-0.953109,0.133798,0.000000,4.422604,6.592373,0.107841,1.000000;;
           }

           Frame Bip001_R_Finger01 {
            

            FrameTransformMatrix {
             0.624494,0.000000,0.781030,0.000000,0.000000,1.000000,0.000000,0.000000,-0.781030,-0.000000,0.624494,0.000000,7.311134,-0.000004,-0.000004,1.000000;;
            }

            Frame Bip001_R_Finger02 {
             

             FrameTransformMatrix {
              0.779713,0.000000,0.626136,0.000000,-0.000000,1.000000,0.000000,0.000000,-0.626136,0.000000,0.779714,0.000000,5.823685,0.000000,0.000002,1.000000;;
             }
            }
           }
          }

          Frame Bip001_R_Finger1 {
           

           FrameTransformMatrix {
            0.723996,0.207933,0.657718,0.000000,-0.275400,0.961330,-0.000766,0.000000,-0.632443,-0.180581,0.753264,0.000000,14.486870,5.692898,-0.139809,1.000000;;
           }

           Frame Bip001_R_Finger11 {
            

            FrameTransformMatrix {
             0.696390,0.000000,0.717664,0.000000,-0.000000,1.000000,0.000000,0.000000,-0.717664,-0.000000,0.696390,0.000000,4.776688,0.000000,0.000000,1.000000;;
            }

            Frame Bip001_R_Finger12 {
             

             FrameTransformMatrix {
              0.845061,0.000000,0.534671,0.000000,0.000000,1.000000,0.000000,0.000000,-0.534671,-0.000000,0.845061,0.000000,4.515862,0.000000,-0.000002,1.000000;;
             }
            }
           }
          }

          Frame Bip001_R_Finger2 {
           

           FrameTransformMatrix {
            0.718400,0.093553,0.689311,0.000000,-0.128388,0.991724,-0.000790,0.000000,-0.683679,-0.087932,0.724466,0.000000,15.802509,1.751560,-0.052002,1.000000;;
           }

           Frame Bip001_R_Finger21 {
            

            FrameTransformMatrix {
             0.720853,0.000000,0.693088,0.000000,0.000000,1.000000,0.000000,0.000000,-0.693088,-0.000000,0.720853,0.000000,4.651474,0.000000,0.000004,1.000000;;
            }

            Frame Bip001_R_Finger22 {
             

             FrameTransformMatrix {
              0.820585,0.000000,0.571524,0.000000,0.000000,1.000000,0.000000,0.000000,-0.571524,0.000000,0.820585,0.000000,4.559380,0.000000,-0.000006,1.000000;;
             }
            }
           }
          }

          Frame Bip001_R_Finger3 {
           

           FrameTransformMatrix {
            0.677449,0.000586,0.735570,0.000000,-0.000000,1.000000,-0.000796,0.000000,-0.735570,0.000539,0.677448,0.000000,15.406891,-1.522507,-0.013344,1.000000;;
           }

           Frame Bip001_R_Finger31 {
            

            FrameTransformMatrix {
             0.788162,0.000000,0.615468,0.000000,-0.000000,1.000000,0.000000,0.000000,-0.615468,-0.000000,0.788162,0.000000,4.684303,0.000004,-0.000004,1.000000;;
            }

            Frame Bip001_R_Finger32 {
             

             FrameTransformMatrix {
              0.788162,-0.000000,0.615468,0.000000,0.000000,1.000000,0.000000,0.000000,-0.615468,-0.000000,0.788162,0.000000,3.361374,-0.000004,-0.000002,1.000000;;
             }
            }
           }
          }

          Frame Bip001_R_Finger4 {
           

           FrameTransformMatrix {
            0.987277,0.000127,0.159012,0.000000,-0.000000,1.000000,-0.000796,0.000000,-0.159012,0.000786,0.987276,0.000000,12.516001,-5.324989,0.102776,1.000000;;
           }

           Frame Bip001_R_Finger41 {
            

            FrameTransformMatrix {
             1.000000,0.000000,0.000000,0.000000,0.000000,1.000000,0.000000,0.000000,-0.000000,0.000000,1.000000,0.000000,4.276611,-0.000004,0.000000,1.000000;;
            }

            Frame Bip001_R_Finger42 {
             

             FrameTransformMatrix {
              1.000000,0.000000,0.000000,0.000000,0.000000,1.000000,0.000000,0.000000,-0.000000,0.000000,1.000000,0.000000,2.148651,0.000000,0.000000,1.000000;;
             }
            }
           }
          }
         }
        }
       }
      }

      Frame Bip001_Head {
       

       FrameTransformMatrix {
        0.622144,-0.357699,-0.696411,0.000000,0.174756,0.930530,-0.321830,0.000000,0.763150,0.078523,0.641434,0.000000,7.329338,0.000000,1.324577,1.000000;;
       }
      }
     }
    }
   }

   Frame Bip001_L_Thigh {
    

    FrameTransformMatrix {
     -0.092207,0.554659,0.826953,0.000000,-0.144471,-0.829155,0.540028,0.000000,0.985204,-0.069676,0.156586,0.000000,-10.178444,13.910958,1.823814,1.000000;;
    }

    Frame Bip001_L_Calf {
     

     FrameTransformMatrix {
      -0.023202,0.000000,-0.999731,0.000000,-0.000000,1.000000,0.000000,0.000000,0.999731,-0.000000,-0.023202,0.000000,42.648650,0.000000,0.000000,1.000000;;
     }

     Frame Bip001_L_Foot {
      

      FrameTransformMatrix {
       0.820143,0.235140,0.521608,0.000000,0.000209,0.911526,-0.411243,0.000000,-0.572159,0.337387,0.747532,0.000000,38.622115,-0.000004,0.000000,1.000000;;
      }

      Frame Bip001_L_Toe0 {
       

       FrameTransformMatrix {
        -0.236658,-0.000000,0.971593,0.000000,-0.000000,1.000000,0.000000,0.000000,-0.971593,-0.000000,-0.236658,0.000000,9.809184,0.000000,15.818002,1.000000;;
       }
      }
     }
    }
   }

   Frame Bip001_R_Thigh {
    

    FrameTransformMatrix {
     -0.163209,-0.412206,0.896353,0.000000,-0.133715,-0.890910,-0.434050,0.000000,0.977488,-0.190697,0.090286,0.000000,-13.723869,-10.310694,2.408405,1.000000;;
    }

    Frame Bip001_R_Calf {
     

     FrameTransformMatrix {
      -0.106443,-0.000000,-0.994319,0.000000,0.000000,1.000000,0.000000,0.000000,0.994319,0.000000,-0.106443,0.000000,42.648650,0.000002,0.000004,1.000000;;
     }

     Frame Bip001_R_Foot {
      

      FrameTransformMatrix {
       0.815870,-0.184797,0.547911,0.000000,0.127746,0.981748,0.140899,0.000000,-0.563948,-0.044962,0.824586,0.000000,38.622115,-0.000002,-0.000002,1.000000;;
      }

      Frame Bip001_R_Toe0 {
       

       FrameTransformMatrix {
        -0.236658,0.000000,0.971593,0.000000,-0.000000,1.000000,-0.000000,0.000000,-0.971593,-0.000000,-0.236658,0.000000,9.809184,-0.000002,15.818003,1.000000;;
       }
      }
     }
    }
   }
  }
 }
}

AnimTicksPerSecond  {
 4800;
}

AnimationSet Anim1 {
 

 Animation {
  
  { Bip001 }

  AnimationKey S {
   1;
   2;
   0;3;1.000000,1.000000,1.000000;;,
   19200;3;1.000000,1.000000,1.000000;;;
  }

  AnimationKey R {
   0;
   102;
   0;4;-0.017248,-0.150596,0.988442,-0.002628;;,
   3200;4;-0.017248,-0.150596,0.988442,-0.002628;;,
   3360;4;-0.017246,-0.151536,0.988298,-0.002644;;,
   3520;4;-0.017245,-0.151644,0.988281,-0.002646;;,
   3680;4;-0.017247,-0.150949,0.988388,-0.002634;;,
   3840;4;-0.017263,-0.144984,0.989280,-0.002530;;,
   4000;4;-0.017307,-0.126361,0.991831,-0.002205;;,
   4160;4;-0.017353,-0.103735,0.994452,-0.001810;;,
   4320;4;-0.017385,-0.083975,0.996315,-0.001465;;,
   4480;4;-0.017410,-0.065298,0.997713,-0.001139;;,
   4640;4;-0.017426,-0.048463,0.998673,-0.000846;;,
   4800;4;-0.017438,-0.032714,0.999313,-0.000571;;,
   4960;4;-0.017444,-0.018545,0.999676,-0.000324;;,
   5120;4;-0.017447,-0.004553,0.999838,-0.000079;;,
   5280;4;-0.017446,0.009464,0.999803,0.000165;;,
   5440;4;-0.017442,0.023684,0.999567,0.000413;;,
   5600;4;-0.017434,0.037881,0.999130,0.000661;;,
   5760;4;-0.017423,0.051906,0.998500,0.000906;;,
   5920;4;-0.017409,0.065713,0.997686,0.001147;;,
   6080;4;-0.017392,0.079265,0.996701,0.001383;;,
   6240;4;-0.017372,0.092390,0.995570,0.001612;;,
   6400;4;-0.017351,0.104918,0.994328,0.001831;;,
   6560;4;-0.017327,0.116817,0.993000,0.002038;;,
   6720;4;-0.017303,0.128025,0.991618,0.002234;;,
   6880;4;-0.017279,0.138461,0.990214,0.002416;;,
   7040;4;-0.017256,0.147738,0.988873,0.002578;;,
   7200;4;-0.017231,0.156722,0.987489,0.002735;;,
   7360;4;-0.017203,0.166643,0.985863,0.002908;;,
   7520;4;-0.017200,0.167779,0.985670,0.002928;;,
   7680;4;-0.017215,0.162329,0.986582,0.002833;;,
   7840;4;-0.017266,0.143709,0.989466,0.002508;;,
   8000;4;-0.017318,0.121273,0.992466,0.002116;;,
   8160;4;-0.017358,0.100940,0.994740,0.001761;;,
   8320;4;-0.017381,0.086749,0.996077,0.001514;;,
   8480;4;-0.017379,0.088262,0.995945,0.001540;;,
   8640;4;-0.017368,0.094882,0.995336,0.001656;;,
   8800;4;-0.017361,0.099212,0.994913,0.001731;;,
   8960;4;-0.017358,0.101165,0.994717,0.001765;;,
   9120;4;-0.017365,0.096976,0.995134,0.001692;;,
   9280;4;-0.017376,0.090283,0.995763,0.001575;;,
   9440;4;-0.017386,0.083652,0.996342,0.001460;;,
   9600;4;-0.017396,0.076535,0.996914,0.001336;;,
   9760;4;-0.017406,0.068902,0.997471,0.001202;;,
   9920;4;-0.017415,0.060338,0.998026,0.001053;;,
   10080;4;-0.017424,0.052072,0.998491,0.000909;;,
   10240;4;-0.017430,0.044701,0.998848,0.000780;;,
   10400;4;-0.017434,0.038690,0.999099,0.000675;;,
   10560;4;-0.017436,0.035792,0.999207,0.000625;;,
   10720;4;-0.017438,0.032738,0.999312,0.000571;;,
   10880;4;-0.017440,0.028054,0.999454,0.000490;;,
   11040;4;-0.017444,0.018102,0.999684,0.000316;;,
   11200;4;-0.017447,-0.001996,0.999846,-0.000035;;,
   11360;4;-0.017439,-0.030007,0.999397,-0.000524;;,
   11520;4;-0.017408,-0.066513,0.997633,-0.001161;;,
   11680;4;-0.017345,-0.107774,0.994022,-0.001881;;,
   11840;4;-0.017249,-0.150216,0.988499,-0.002621;;,
   12000;4;-0.017116,-0.193828,0.980880,-0.003382;;,
   12160;4;-0.016944,-0.238296,0.971036,-0.004158;;,
   12320;4;-0.016727,-0.284226,0.958599,-0.004960;;,
   12480;4;-0.016469,-0.330037,0.943807,-0.005759;;,
   12640;4;-0.016170,-0.375434,0.926685,-0.006551;;,
   12800;4;-0.015833,-0.419985,0.907363,-0.007329;;,
   12960;4;-0.015461,-0.463322,0.886018,-0.008085;;,
   13120;4;-0.015057,-0.505098,0.862886,-0.008814;;,
   13280;4;-0.014627,-0.545042,0.838227,-0.009511;;,
   13440;4;-0.014177,-0.582771,0.812449,-0.010169;;,
   13600;4;-0.013710,-0.618388,0.785679,-0.010791;;,
   13760;4;-0.013250,-0.650472,0.759330,-0.011351;;,
   13920;4;-0.012730,-0.683707,0.729548,-0.011931;;,
   14080;4;-0.012444,-0.700801,0.713143,-0.012229;;,
   14240;4;-0.012869,-0.675120,0.737502,-0.011781;;,
   14400;4;-0.013398,-0.640466,0.767788,-0.011176;;,
   14560;4;-0.013310,-0.646455,0.762753,-0.011280;;,
   14720;4;-0.013010,-0.666214,0.745556,-0.011625;;,
   14880;4;-0.012686,-0.686413,0.727003,-0.011978;;,
   15040;4;-0.012411,-0.702743,0.711230,-0.012263;;,
   15200;4;-0.012220,-0.713655,0.700280,-0.012453;;,
   15360;4;-0.012217,-0.713809,0.700123,-0.012456;;,
   15520;4;-0.012274,-0.710615,0.703365,-0.012400;;,
   15680;4;-0.012277,-0.710425,0.703557,-0.012397;;,
   15840;4;-0.012274,-0.710615,0.703365,-0.012400;;,
   16000;4;-0.012274,-0.710615,0.703365,-0.012400;;,
   16160;4;-0.012274,-0.710615,0.703365,-0.012400;;,
   16320;4;-0.012274,-0.710615,0.703365,-0.012400;;,
   16480;4;-0.012274,-0.710615,0.703365,-0.012400;;,
   16640;4;-0.012274,-0.710615,0.703365,-0.012400;;,
   16800;4;-0.012274,-0.710615,0.703365,-0.012400;;,
   16960;4;-0.012274,-0.710615,0.703365,-0.012400;;,
   17120;4;-0.012274,-0.710615,0.703365,-0.012400;;,
   17280;4;-0.012274,-0.710615,0.703365,-0.012400;;,
   17440;4;-0.012274,-0.710615,0.703365,-0.012400;;,
   17600;4;-0.012274,-0.710615,0.703365,-0.012400;;,
   17760;4;-0.012274,-0.710615,0.703365,-0.012400;;,
   17920;4;-0.012274,-0.710615,0.703365,-0.012400;;,
   18080;4;-0.012274,-0.710615,0.703365,-0.012400;;,
   18240;4;-0.012274,-0.710615,0.703365,-0.012400;;,
   18400;4;-0.012274,-0.710615,0.703365,-0.012400;;,
   18560;4;-0.012274,-0.710615,0.703365,-0.012400;;,
   18720;4;-0.012274,-0.710615,0.703365,-0.012400;;,
   18880;4;-0.012274,-0.710615,0.703365,-0.012400;;,
   19040;4;-0.012274,-0.710615,0.703365,-0.012400;;,
   19200;4;-0.012274,-0.710615,0.703365,-0.012400;;;
  }

  AnimationKey T {
   2;
   101;
   0;3;0.053877,64.012685,0.000000;;,
   160;3;0.084320,63.941619,0.000000;;,
   320;3;0.114764,63.870560,0.000000;;,
   480;3;0.121429,63.859962,0.000000;;,
   640;3;0.071105,63.976563,0.000000;;,
   800;3;-0.011872,64.211597,-0.000000;;,
   960;3;-0.105482,64.560096,-0.000000;;,
   1120;3;-0.192393,64.966509,-0.000000;;,
   1280;3;-0.234903,65.367066,-0.000000;;,
   1440;3;-0.272105,65.781363,-0.000000;;,
   1600;3;-0.325754,66.209120,-0.000001;;,
   1760;3;-0.410153,66.646202,-0.000001;;,
   1920;3;-0.541142,67.089414,-0.000001;;,
   2080;3;-0.735872,67.535712,-0.000001;;,
   2240;3;-1.034345,67.981958,-0.000001;;,
   2400;3;-1.383854,68.425216,-0.000002;;,
   2560;3;-1.772359,68.852013,-0.000003;;,
   2720;3;-2.580242,69.269869,-0.000004;;,
   2880;3;-3.728703,69.674067,-0.000005;;,
   3040;3;-5.532604,70.052474,-0.000008;;,
   3200;3;-7.623440,70.407949,-0.000011;;,
   3360;3;-9.899179,70.749619,-0.000014;;,
   3520;3;-11.875264,71.046547,-0.000016;;,
   3680;3;-13.064726,71.302093,-0.000018;;,
   3840;3;-13.372758,71.422381,-0.000018;;,
   4000;3;-12.341190,71.286362,-0.000017;;,
   4160;3;-10.573149,70.978880,-0.000015;;,
   4320;3;-8.344555,70.479098,-0.000012;;,
   4480;3;-6.178862,69.982957,-0.000009;;,
   4640;3;-4.764548,69.691584,-0.000007;;,
   4800;3;-3.882456,69.568634,-0.000005;;,
   4960;3;-4.354163,69.935827,-0.000006;;,
   5120;3;-5.687530,70.613344,-0.000008;;,
   5280;3;-7.310483,71.339117,-0.000010;;,
   5440;3;-9.251728,72.072371,-0.000013;;,
   5600;3;-11.241555,72.682643,-0.000015;;,
   5760;3;-12.995782,72.994445,-0.000018;;,
   5920;3;-14.586522,73.101990,-0.000020;;,
   6080;3;-15.943512,73.067514,-0.000022;;,
   6240;3;-17.209714,72.811437,-0.000024;;,
   6400;3;-18.521938,72.375590,-0.000025;;,
   6560;3;-19.828346,71.458022,-0.000027;;,
   6720;3;-21.120339,69.807974,-0.000029;;,
   6880;3;-22.405006,67.313677,-0.000031;;,
   7040;3;-23.688309,63.585498,-0.000033;;,
   7200;3;-24.965045,59.206291,-0.000034;;,
   7360;3;-26.218147,54.218669,-0.000036;;,
   7520;3;-27.481437,48.838464,-0.000038;;,
   7680;3;-28.743405,43.536362,-0.000039;;,
   7840;3;-29.998522,38.388877,-0.000041;;,
   8000;3;-31.245363,33.950259,-0.000043;;,
   8160;3;-32.486912,30.673261,-0.000045;;,
   8320;3;-33.704403,28.938858,-0.000046;;,
   8480;3;-34.880598,29.781014,-0.000048;;,
   8640;3;-36.013914,31.693549,-0.000049;;,
   8800;3;-37.090339,33.761840,-0.000051;;,
   8960;3;-38.129907,35.245162,-0.000052;;,
   9120;3;-39.146179,34.689514,-0.000054;;,
   9280;3;-40.144544,33.320128,-0.000055;;,
   9440;3;-41.132554,31.884557,-0.000056;;,
   9600;3;-42.117293,30.361856,-0.000058;;,
   9760;3;-43.115446,29.134886,-0.000059;;,
   9920;3;-44.149901,28.163136,-0.000061;;,
   10080;3;-45.195594,27.325302,-0.000062;;,
   10240;3;-46.250816,26.704090,-0.000063;;,
   10400;3;-47.309811,26.157525,-0.000065;;,
   10560;3;-48.364160,25.552520,-0.000066;;,
   10720;3;-49.420125,24.945075,-0.000068;;,
   10880;3;-50.483338,24.347130,-0.000069;;,
   11040;3;-51.547309,23.757771,-0.000071;;,
   11200;3;-52.605926,23.180782,-0.000072;;,
   11360;3;-53.663709,22.613990,-0.000074;;,
   11520;3;-54.722509,22.056648,-0.000075;;,
   11680;3;-55.784192,21.508267,-0.000077;;,
   11840;3;-56.853760,20.968197,-0.000078;;,
   12000;3;-57.923654,20.436192,-0.000079;;,
   12160;3;-58.981107,19.923302,-0.000081;;,
   12320;3;-60.054170,19.416274,-0.000082;;,
   12480;3;-61.129005,18.917667,-0.000084;;,
   12640;3;-62.199053,18.435349,-0.000085;;,
   12800;3;-63.268998,17.965981,-0.000087;;,
   12960;3;-64.340691,17.508944,-0.000088;;,
   13120;3;-65.416038,17.063954,-0.000090;;,
   13280;3;-66.499923,16.631461,-0.000091;;,
   13440;3;-67.585318,16.208637,-0.000093;;,
   13600;3;-68.663008,15.777629,-0.000094;;,
   13760;3;-69.744403,15.383979,-0.000096;;,
   13920;3;-70.807802,14.855462,-0.000097;;,
   14080;3;-71.943296,14.827538,-0.000099;;,
   14240;3;-73.326720,16.366690,-0.000101;;,
   14400;3;-74.679046,18.007614,-0.000102;;,
   14560;3;-75.457702,17.405902,-0.000104;;,
   14720;3;-76.105254,15.929192,-0.000104;;,
   14880;3;-76.662202,14.416256,-0.000105;;,
   15040;3;-77.100294,13.170172,-0.000106;;,
   15200;3;-77.376966,12.327617,-0.000106;;,
   15360;3;-77.378221,12.316371,-0.000106;;,
   15520;3;-77.290131,12.566205,-0.000106;;,
   15680;3;-77.284704,12.581117,-0.000106;;,
   15840;3;-77.290131,12.566205,-0.000106;;,
   19200;3;-77.290131,12.566205,-0.000106;;;
  }
 }

 Animation {
  
  { Bip001_Pelvis }

  AnimationKey S {
   1;
   2;
   0;3;1.000000,1.000000,1.000000;;,
   19200;3;1.000000,1.000000,1.000000;;;
  }

  AnimationKey R {
   0;
   2;
   0;4;0.500001,-0.499999,-0.500000,-0.500000;;,
   19200;4;0.500001,-0.499999,-0.500000,-0.500000;;;
  }

  AnimationKey T {
   2;
   2;
   0;3;0.000000,0.000000,0.000000;;,
   19200;3;0.000000,0.000000,0.000000;;;
  }
 }

 Animation {
  
  { Bip001_Spine }

  AnimationKey S {
   1;
   2;
   0;3;1.000000,1.000000,1.000000;;,
   19200;3;1.000000,1.000000,1.000000;;;
  }

  AnimationKey R {
   0;
   101;
   0;4;0.993511,-0.005611,0.086741,-0.073358;;,
   160;4;0.993489,-0.005623,0.086985,-0.073357;;,
   320;4;0.993468,-0.005636,0.087229,-0.073356;;,
   480;4;0.993464,-0.005638,0.087278,-0.073356;;,
   640;4;0.993499,-0.005618,0.086870,-0.073358;;,
   800;4;0.993560,-0.005582,0.086178,-0.073360;;,
   960;4;0.993631,-0.005539,0.085346,-0.073364;;,
   1120;4;0.993699,-0.005499,0.084560,-0.073367;;,
   1280;4;0.993735,-0.005477,0.084130,-0.073368;;,
   1440;4;0.993760,-0.005461,0.083829,-0.073370;;,
   1600;4;0.993784,-0.005447,0.083551,-0.073371;;,
   1760;4;0.993810,-0.005431,0.083240,-0.073372;;,
   1920;4;0.993844,-0.005410,0.082827,-0.073373;;,
   2080;4;0.993893,-0.005380,0.082243,-0.073375;;,
   2240;4;0.993965,-0.005335,0.081363,-0.073379;;,
   2400;4;0.994054,-0.005279,0.080277,-0.073383;;,
   2560;4;0.994174,-0.005202,0.078776,-0.073388;;,
   2720;4;0.994332,-0.005097,0.076750,-0.073395;;,
   2880;4;0.994517,-0.004974,0.074325,-0.073404;;,
   3040;4;0.994735,-0.004840,0.071329,-0.073421;;,
   3200;4;0.994993,-0.004655,0.067642,-0.073434;;,
   3360;4;0.995286,-0.004414,0.063183,-0.073442;;,
   3520;4;0.995625,-0.004016,0.057663,-0.073415;;,
   3680;4;0.996013,-0.003345,0.050702,-0.073318;;,
   3840;4;0.996412,-0.002438,0.042493,-0.073157;;,
   4000;4;0.996792,-0.001249,0.032979,-0.072916;;,
   4160;4;0.997104,0.000092,0.022530,-0.072634;;,
   4320;4;0.997314,0.001490,0.011430,-0.072338;;,
   4480;4;0.997397,0.002875,-0.000106,-0.072050;;,
   4640;4;0.997340,0.004136,-0.011827,-0.071803;;,
   4800;4;0.997142,0.005291,-0.023556,-0.071588;;,
   4960;4;0.996819,0.006136,-0.034719,-0.071471;;,
   5120;4;0.996389,0.006604,-0.045349,-0.071477;;,
   5280;4;0.995878,0.006761,-0.055295,-0.071580;;,
   5440;4;0.995329,0.006546,-0.064210,-0.071798;;,
   5600;4;0.994799,0.005616,-0.071578,-0.072251;;,
   5760;4;0.994343,0.003845,-0.077083,-0.072981;;,
   5920;4;0.994044,0.000519,-0.079784,-0.074236;;,
   6080;4;0.993988,-0.005352,-0.078292,-0.076357;;,
   6240;4;0.994058,-0.013060,-0.073626,-0.079099;;,
   6400;4;0.994166,-0.022705,-0.065680,-0.082493;;,
   6560;4;0.994150,-0.032851,-0.056425,-0.086036;;,
   6720;4;0.993968,-0.042410,-0.047370,-0.089360;;,
   6880;4;0.993670,-0.050440,-0.039827,-0.092145;;,
   7040;4;0.993401,-0.055507,-0.035696,-0.093807;;,
   7200;4;0.993196,-0.058020,-0.034731,-0.094812;;,
   7360;4;0.993124,-0.053989,-0.042543,-0.094764;;,
   7520;4;0.992977,-0.044917,-0.056620,-0.093669;;,
   7680;4;0.992577,-0.034154,-0.072141,-0.091758;;,
   7840;4;0.991746,-0.021148,-0.089770,-0.089071;;,
   8000;4;0.990968,-0.008687,-0.103993,-0.084220;;,
   8160;4;0.991012,0.000651,-0.109969,-0.076171;;,
   8320;4;0.992228,0.006758,-0.106477,-0.064029;;,
   8480;4;0.995215,0.007777,-0.086901,-0.043984;;,
   8640;4;0.997752,0.006372,-0.062394,-0.023617;;,
   8800;4;0.999159,0.004394,-0.040066,-0.007492;;,
   8960;4;0.999663,0.002463,-0.025833,-0.001045;;,
   9120;4;0.999342,0.002215,-0.032526,-0.015896;;,
   9280;4;0.998194,0.002441,-0.046469,-0.037994;;,
   9440;4;0.996660,0.002401,-0.058249,-0.057192;;,
   9600;4;0.994983,0.002324,-0.067938,-0.073399;;,
   9760;4;0.995066,0.002119,-0.065591,-0.074407;;,
   9920;4;0.995925,0.001838,-0.057991,-0.069039;;,
   10080;4;0.996885,0.001541,-0.048966,-0.061811;;,
   10240;4;0.997833,0.001229,-0.038804,-0.053125;;,
   10400;4;0.998608,0.000945,-0.028912,-0.044103;;,
   10560;4;0.999152,0.000726,-0.020483,-0.035708;;,
   10720;4;0.999479,0.000594,-0.014463,-0.028836;;,
   10880;4;0.999614,0.000591,-0.012401,-0.024867;;,
   11040;4;0.999635,0.000694,-0.013668,-0.023305;;,
   11200;4;0.999527,0.000904,-0.018588,-0.024480;;,
   11360;4;0.999293,0.001184,-0.025838,-0.027289;;,
   11520;4;0.998944,0.001495,-0.034168,-0.030693;;,
   11680;4;0.998437,0.001843,-0.043673,-0.034829;;,
   11840;4;0.997743,0.002228,-0.054191,-0.039587;;,
   12000;4;0.996866,0.002632,-0.065240,-0.044670;;,
   12160;4;0.995824,0.003048,-0.076431,-0.049831;;,
   12320;4;0.994616,0.003480,-0.087759,-0.055005;;,
   12480;4;0.993300,0.003911,-0.098748,-0.059915;;,
   12640;4;0.991950,0.004335,-0.109007,-0.064294;;,
   12800;4;0.990617,0.004747,-0.118415,-0.068073;;,
   12960;4;0.989283,0.005145,-0.127214,-0.071484;;,
   13120;4;0.988255,0.005512,-0.133941,-0.073363;;,
   13280;4;0.987621,0.005844,-0.138419,-0.073559;;,
   13440;4;0.988121,0.006106,-0.137043,-0.069275;;,
   13600;4;0.990639,0.006243,-0.124355,-0.055962;;,
   13760;4;0.993639,0.006303,-0.105582,-0.038655;;,
   13920;4;0.996416,0.006304,-0.082259,-0.018693;;,
   14080;4;0.998165,0.006280,-0.060170,-0.002709;;,
   14240;4;0.998952,0.006292,-0.045323,-0.001065;;,
   14400;4;0.999217,0.006305,-0.038860,-0.003947;;,
   14560;4;0.998151,0.006282,-0.060341,-0.003815;;,
   14720;4;0.996794,0.006260,-0.079684,-0.003694;;,
   14880;4;0.995642,0.006243,-0.092980,-0.003609;;,
   15040;4;0.995807,0.006245,-0.091191,-0.003621;;,
   15200;4;0.996419,0.006254,-0.084244,-0.003664;;,
   15360;4;0.996823,0.006260,-0.079323,-0.003695;;,
   15520;4;0.997112,0.006265,-0.075594,-0.003718;;,
   15680;4;0.997123,0.006265,-0.075457,-0.003719;;,
   15840;4;0.997051,0.006264,-0.076401,-0.003713;;,
   19200;4;0.997047,0.006264,-0.076451,-0.003712;;;
  }

  AnimationKey T {
   2;
   83;
   0;3;12.269814,0.000301,-0.011597;;,
   1760;3;12.269825,0.000302,-0.011595;;,
   1920;3;12.269722,0.000289,-0.011610;;,
   2560;3;12.269714,0.000288,-0.011614;;,
   2720;3;12.269577,0.000272,-0.011631;;,
   3040;3;12.269531,0.000264,-0.011646;;,
   3200;3;12.269371,0.000246,-0.011667;;,
   3360;3;12.269264,0.000233,-0.011678;;,
   3520;3;12.269142,0.000214,-0.011697;;,
   3680;3;12.268982,0.000186,-0.011715;;,
   3840;3;12.268791,0.000150,-0.011732;;,
   4000;3;12.268570,0.000106,-0.011749;;,
   4160;3;12.268318,0.000056,-0.011762;;,
   4320;3;12.268058,0.000004,-0.011770;;,
   4480;3;12.267792,-0.000048,-0.011773;;,
   4640;3;12.267525,-0.000097,-0.011769;;,
   4800;3;12.267242,-0.000144,-0.011759;;,
   4960;3;12.266983,-0.000183,-0.011743;;,
   5120;3;12.266739,-0.000211,-0.011723;;,
   5280;3;12.266518,-0.000232,-0.011699;;,
   5440;3;12.266289,-0.000242,-0.011674;;,
   5600;3;12.266136,-0.000233,-0.011650;;,
   5760;3;12.265999,-0.000202,-0.011633;;,
   5920;3;12.265915,-0.000131,-0.011623;;,
   6080;3;12.265946,0.000004,-0.011627;;,
   6240;3;12.266060,0.000189,-0.011637;;,
   6400;3;12.266213,0.000424,-0.011658;;,
   6560;3;12.266395,0.000674,-0.011669;;,
   6720;3;12.266602,0.000913,-0.011677;;,
   6880;3;12.266746,0.001113,-0.011677;;,
   7040;3;12.266838,0.001239,-0.011669;;,
   7200;3;12.266846,0.001299,-0.011673;;,
   7360;3;12.266682,0.001186,-0.011658;;,
   7520;3;12.266365,0.000944,-0.011650;;,
   7680;3;12.266041,0.000661,-0.011620;;,
   7840;3;12.265652,0.000324,-0.011570;;,
   8000;3;12.265350,0.000014,-0.011517;;,
   8160;3;12.265232,-0.000194,-0.011486;;,
   8320;3;12.265312,-0.000300,-0.011501;;,
   8480;3;12.265768,-0.000254,-0.011589;;,
   8640;3;12.266327,-0.000166,-0.011681;;,
   8800;3;12.266854,-0.000092,-0.011734;;,
   8960;3;12.267179,-0.000040,-0.011757;;,
   9120;3;12.267027,-0.000046,-0.011742;;,
   9280;3;12.266701,-0.000080,-0.011726;;,
   9440;3;12.266434,-0.000116,-0.011700;;,
   9600;3;12.266209,-0.000154,-0.011662;;,
   9760;3;12.266262,-0.000146,-0.011673;;,
   9920;3;12.266438,-0.000119,-0.011700;;,
   10080;3;12.266646,-0.000089,-0.011715;;,
   10240;3;12.266878,-0.000059,-0.011738;;,
   10400;3;12.267114,-0.000034,-0.011757;;,
   10560;3;12.267313,-0.000016,-0.011768;;,
   10720;3;12.267454,-0.000006,-0.011765;;,
   11040;3;12.267500,-0.000003,-0.011772;;,
   11200;3;12.267353,-0.000014,-0.011765;;,
   11360;3;12.267191,-0.000026,-0.011765;;,
   11520;3;12.266985,-0.000042,-0.011745;;,
   11680;3;12.266770,-0.000061,-0.011730;;,
   11840;3;12.266526,-0.000085,-0.011703;;,
   12000;3;12.266266,-0.000113,-0.011669;;,
   12160;3;12.266006,-0.000143,-0.011635;;,
   12320;3;12.265747,-0.000177,-0.011600;;,
   12480;3;12.265491,-0.000213,-0.011543;;,
   12640;3;12.265258,-0.000249,-0.011494;;,
   12800;3;12.265038,-0.000283,-0.011450;;,
   12960;3;12.264843,-0.000317,-0.011391;;,
   13120;3;12.264679,-0.000342,-0.011347;;,
   13440;3;12.264587,-0.000359,-0.011325;;,
   13600;3;12.264900,-0.000293,-0.011402;;,
   13760;3;12.265327,-0.000226,-0.011512;;,
   13920;3;12.265869,-0.000167,-0.011610;;,
   14080;3;12.266388,-0.000134,-0.011684;;,
   14240;3;12.266724,-0.000131,-0.011723;;,
   14400;3;12.266891,-0.000134,-0.011735;;,
   14560;3;12.266380,-0.000135,-0.011683;;,
   14720;3;12.265930,-0.000136,-0.011621;;,
   14880;3;12.265625,-0.000137,-0.011568;;,
   15040;3;12.265655,-0.000137,-0.011575;;,
   15200;3;12.265808,-0.000136,-0.011603;;,
   15360;3;12.265930,-0.000136,-0.011622;;,
   15520;3;12.266037,-0.000136,-0.011638;;,
   19200;3;12.266030,-0.000136,-0.011637;;;
  }
 }

 Animation {
  
  { Bip001_Spine1 }

  AnimationKey S {
   1;
   2;
   0;3;1.000000,1.000000,1.000000;;,
   19200;3;1.000000,1.000000,1.000000;;;
  }

  AnimationKey R {
   0;
   101;
   0;4;0.983410,-0.005594,0.181267,-0.003974;;,
   160;4;0.983366,-0.005605,0.181508,-0.003971;;,
   320;4;0.983321,-0.005616,0.181748,-0.003968;;,
   480;4;0.983312,-0.005618,0.181797,-0.003968;;,
   640;4;0.983387,-0.005600,0.181394,-0.003972;;,
   800;4;0.983512,-0.005569,0.180712,-0.003980;;,
   960;4;0.983663,-0.005531,0.179891,-0.003990;;,
   1120;4;0.983805,-0.005496,0.179115,-0.003999;;,
   1280;4;0.983882,-0.005477,0.178691,-0.004003;;,
   1440;4;0.983936,-0.005463,0.178394,-0.004007;;,
   1600;4;0.983986,-0.005451,0.178120,-0.004010;;,
   1760;4;0.984041,-0.005437,0.177813,-0.004013;;,
   1920;4;0.984115,-0.005418,0.177405,-0.004018;;,
   2080;4;0.984219,-0.005392,0.176828,-0.004025;;,
   2240;4;0.984374,-0.005352,0.175961,-0.004034;;,
   2400;4;0.984566,-0.005303,0.174888,-0.004046;;,
   2560;4;0.984828,-0.005236,0.173406,-0.004063;;,
   2720;4;0.985179,-0.005143,0.171406,-0.004084;;,
   2880;4;0.985593,-0.005035,0.169011,-0.004111;;,
   3040;4;0.986096,-0.004920,0.166052,-0.004151;;,
   3200;4;0.986703,-0.004757,0.162409,-0.004190;;,
   3360;4;0.987420,-0.004545,0.158001,-0.004230;;,
   3520;4;0.988279,-0.004183,0.152541,-0.004234;;,
   3680;4;0.989321,-0.003564,0.145650,-0.004165;;,
   3840;4;0.990488,-0.002721,0.137517,-0.004030;;,
   4000;4;0.991755,-0.001608,0.128081,-0.003808;;,
   4160;4;0.993042,-0.000352,0.117710,-0.003544;;,
   4320;4;0.994288,0.000960,0.106680,-0.003265;;,
   4480;4;0.995451,0.002257,0.095205,-0.002996;;,
   4640;4;0.996495,0.003435,0.083535,-0.002774;;,
   4800;4;0.997402,0.004511,0.071845,-0.002591;;,
   4960;4;0.998138,0.005289,0.060708,-0.002514;;,
   5120;4;0.998725,0.005703,0.050094,-0.002577;;,
   5280;4;0.999173,0.005818,0.040155,-0.002751;;,
   5440;4;0.999492,0.005575,0.031240,-0.003052;;,
   5600;4;0.999698,0.004642,0.023870,-0.003619;;,
   5760;4;0.999817,0.002896,0.018366,-0.004501;;,
   5920;4;0.999859,-0.000353,0.015677,-0.005982;;,
   6080;4;0.999798,-0.006065,0.017200,-0.008455;;,
   6240;4;0.999600,-0.013554,0.021911,-0.011636;;,
   6400;4;0.999169,-0.022916,0.029910,-0.015560;;,
   6560;4;0.998500,-0.032759,0.039210,-0.019658;;,
   6720;4;0.997672,-0.042030,0.048300,-0.023491;;,
   6880;4;0.996837,-0.049818,0.055863,-0.026706;;,
   7040;4;0.996284,-0.054741,0.060005,-0.028643;;,
   7200;4;0.996055,-0.057179,0.060976,-0.029791;;,
   7360;4;0.996729,-0.053215,0.053158,-0.029568;;,
   7520;4;0.997860,-0.044322,0.039053,-0.028028;;,
   7680;4;0.998825,-0.033798,0.023475,-0.025581;;,
   7840;4;0.999514,-0.021087,0.005747,-0.022227;;,
   8000;4;0.999783,-0.009032,-0.008587,-0.016724;;,
   8160;4;0.999860,-0.000247,-0.014623,-0.008136;;,
   8320;4;0.999915,0.005106,-0.011133,0.004424;;,
   8480;4;0.999648,0.004968,0.008495,0.024654;;,
   8640;4;0.998438,0.002422,0.032986,0.045036;;,
   8800;4;0.996603,-0.000426,0.055199,0.061115;;,
   8960;4;0.995304,-0.002669,0.069338,0.067493;;,
   9120;4;0.996637,-0.002036,0.062756,0.052662;;,
   9280;4;0.998334,-0.000520,0.048938,0.030572;;,
   9440;4;0.999243,0.000570,0.037213,0.011330;;,
   9600;4;0.999608,0.001451,0.027532,-0.004942;;,
   9760;4;0.999535,0.001319,0.029883,-0.005945;;,
   9920;4;0.999297,0.000744,0.037485,-0.000536;;,
   10080;4;0.998896,0.000045,0.046498,0.006735;;,
   10240;4;0.998276,-0.000751,0.056625,0.015465;;,
   10400;4;0.997486,-0.001541,0.066463,0.024521;;,
   10560;4;0.996650,-0.002233,0.074824,0.032937;;,
   10720;4;0.995932,-0.002755,0.080784,0.039819;;,
   10880;4;0.995598,-0.002992,0.082815,0.043785;;,
   11040;4;0.995633,-0.002993,0.081547,0.045337;;,
   11200;4;0.996076,-0.002738,0.076661,0.044144;;,
   11360;4;0.996726,-0.002325,0.069461,0.041310;;,
   11520;4;0.997406,-0.001849,0.061180,0.037878;;,
   11680;4;0.998092,-0.001296,0.051720,0.033710;;,
   11840;4;0.998731,-0.000673,0.041238,0.028916;;,
   12000;4;0.999260,-0.000011,0.030209,0.023791;;,
   12160;4;0.999646,0.000668,0.019020,0.018587;;,
   12320;4;0.999880,0.001365,0.007674,0.013370;;,
   12480;4;0.999957,0.002048,-0.003348,0.008413;;,
   12640;4;0.999895,0.002695,-0.013655,0.003991;;,
   12800;4;0.999727,0.003298,-0.023121,0.000173;;,
   12960;4;0.999476,0.003868,-0.031985,-0.003273;;,
   13120;4;0.999226,0.004322,-0.038765,-0.005176;;,
   13280;4;0.999038,0.004646,-0.043279,-0.005382;;,
   13440;4;0.999111,0.004646,-0.041884,-0.001065;;,
   13600;4;0.999493,0.004010,-0.029083,0.012344;;,
   13760;4;0.999500,0.003079,-0.010212,0.029757;;,
   13920;4;0.998670,0.001954,0.013123,0.049813;;,
   14080;4;0.997210,0.001049,0.035143,0.065853;;,
   14240;4;0.996463,0.001033,0.049934,0.067579;;,
   14400;4;0.996306,0.001256,0.056375,0.064761;;,
   14560;4;0.997286,0.001119,0.034975,0.064783;;,
   14720;4;0.997776,0.000995,0.015668,0.064775;;,
   14880;4;0.997898,0.000909,0.002376,0.064754;;,
   15040;4;0.997892,0.000921,0.004165,0.064754;;,
   15200;4;0.997839,0.000965,0.011111,0.064760;;,
   15360;4;0.997772,0.000997,0.016028,0.064759;;,
   15520;4;0.997705,0.001021,0.019753,0.064756;;,
   15680;4;0.997702,0.001022,0.019890,0.064756;;,
   15840;4;0.997721,0.001016,0.018947,0.064757;;,
   19200;4;0.997722,0.001015,0.018897,0.064757;;;
  }

  AnimationKey T {
   2;
   82;
   0;3;14.789032,0.000147,-0.010998;;,
   1920;3;14.789048,0.000147,-0.010992;;,
   2080;3;14.788941,0.000141,-0.011040;;,
   2720;3;14.788910,0.000141,-0.011040;;,
   2880;3;14.788765,0.000133,-0.011103;;,
   3200;3;14.788682,0.000132,-0.011127;;,
   3360;3;14.788522,0.000120,-0.011189;;,
   3520;3;14.788390,0.000113,-0.011227;;,
   3680;3;14.788230,0.000097,-0.011272;;,
   3840;3;14.788040,0.000076,-0.011325;;,
   4000;3;14.787819,0.000051,-0.011387;;,
   4160;3;14.787590,0.000018,-0.011447;;,
   4320;3;14.787354,-0.000014,-0.011506;;,
