xof 0303txt 0032
template Frame {
 <3d82ab46-62da-11cf-ab39-0020af71e433>
 [...]
}

template Matrix4x4 {
 <f6f23f45-7686-11cf-8f52-0040333594a3>
 array FLOAT matrix[16];
}

template FrameTransformMatrix {
 <f6f23f41-7686-11cf-8f52-0040333594a3>
 Matrix4x4 frameMatrix;
}

template Vector {
 <3d82ab5e-62da-11cf-ab39-0020af71e433>
 FLOAT x;
 FLOAT y;
 FLOAT z;
}

template MeshFace {
 <3d82ab5f-62da-11cf-ab39-0020af71e433>
 DWORD nFaceVertexIndices;
 array DWORD faceVertexIndices[nFaceVertexIndices];
}

template Mesh {
 <3d82ab44-62da-11cf-ab39-0020af71e433>
 DWORD nVertices;
 array Vector vertices[nVertices];
 DWORD nFaces;
 array MeshFace faces[nFaces];
 [...]
}

template ColorRGBA {
 <35ff44e0-6c7c-11cf-8f52-0040333594a3>
 FLOAT red;
 FLOAT green;
 FLOAT blue;
 FLOAT alpha;
}

template ColorRGB {
 <d3e16e81-7835-11cf-8f52-0040333594a3>
 FLOAT red;
 FLOAT green;
 FLOAT blue;
}

template Material {
 <3d82ab4d-62da-11cf-ab39-0020af71e433>
 ColorRGBA faceColor;
 FLOAT power;
 ColorRGB specularColor;
 ColorRGB emissiveColor;
 [...]
}

template MeshMaterialList {
 <f6f23f42-7686-11cf-8f52-0040333594a3>
 DWORD nMaterials;
 DWORD nFaceIndexes;
 array DWORD faceIndexes[nFaceIndexes];
 [Material <3d82ab4d-62da-11cf-ab39-0020af71e433>]
}

template VertexElement {
 <f752461c-1e23-48f6-b9f8-8350850f336f>
 DWORD Type;
 DWORD Method;
 DWORD Usage;
 DWORD UsageIndex;
}

template DeclData {
 <bf22e553-292c-4781-9fea-62bd554bdd93>
 DWORD nElements;
 array VertexElement Elements[nElements];
 DWORD nDWords;
 array DWORD data[nDWords];
}

template XSkinMeshHeader {
 <3cf169ce-ff7c-44ab-93c0-f78f62d172e2>
 WORD nMaxSkinWeightsPerVertex;
 WORD nMaxSkinWeightsPerFace;
 WORD nBones;
}

template SkinWeights {
 <6f0d123b-bad2-4167-a0d0-80224f25fabb>
 STRING transformNodeName;
 DWORD nWeights;
 array DWORD vertexIndices[nWeights];
 array FLOAT weights[nWeights];
 Matrix4x4 matrixOffset;
}

template AnimTicksPerSecond {
 <9e415a43-7ba6-4a73-8743-b73d47e88476>
 DWORD AnimTicksPerSecond;
}

template Animation {
 <3d82ab4f-62da-11cf-ab39-0020af71e433>
 [...]
}

template AnimationSet {
 <3d82ab50-62da-11cf-ab39-0020af71e433>
 [Animation <3d82ab4f-62da-11cf-ab39-0020af71e433>]
}

template FloatKeys {
 <10dd46a9-775b-11cf-8f52-0040333594a3>
 DWORD nValues;
 array FLOAT values[nValues];
}

template TimedFloatKeys {
 <f406b180-7b3b-11cf-8f52-0040333594a3>
 DWORD time;
 FloatKeys tfkeys;
}

template AnimationKey {
 <10dd46a8-775b-11cf-8f52-0040333594a3>
 DWORD keyType;
 DWORD nKeys;
 array TimedFloatKeys keys[nKeys];
}


Frame Bip001 {
 

 FrameTransformMatrix {
  -0.001703,-0.001190,-0.999998,0.000000,-0.003750,0.999992,-0.001183,0.000000,0.999992,0.003748,-0.001707,0.000000,-0.479831,115.068250,0.060048,1.000000;;
 }

 Frame Bip001_Pelvis {
  

  FrameTransformMatrix {
   0.000000,0.999725,0.023459,0.000000,-0.000001,-0.023459,0.999725,0.000000,1.000000,-0.000000,0.000001,0.000000,0.000000,0.000000,0.000000,1.000000;;
  }

  Frame Bip001_Spine {
   

   FrameTransformMatrix {
    0.906348,-0.243403,0.345383,0.000000,0.017751,0.838622,0.544424,0.000000,-0.422160,-0.487307,0.764404,0.000000,14.263466,-0.328320,-0.009809,1.000000;;
   }

   Frame Bip001_Spine1 {
    

    FrameTransformMatrix {
     0.999901,0.000000,-0.014116,0.000000,-0.000000,1.000000,0.000000,0.000000,0.014116,0.000000,0.999900,0.000000,16.122040,-0.000000,-0.012836,1.000000;;
    }

    Frame Bip001_Spine2 {
     

     FrameTransformMatrix {
      0.999956,0.000000,-0.009364,0.000000,-0.000000,1.000000,0.000000,0.000000,0.009364,-0.000000,0.999956,0.000000,16.122101,0.000001,-0.012833,1.000000;;
     }

     Frame Bip001_Spine3 {
      

      FrameTransformMatrix {
       0.999898,0.000000,0.014257,0.000000,-0.000000,1.000000,-0.000000,0.000000,-0.014256,-0.000000,0.999898,0.000000,16.122406,0.000000,-0.012840,1.000000;;
      }

      Frame Bip001_Neck {
       

       FrameTransformMatrix {
        0.968584,0.000001,0.248688,0.000000,-0.000001,1.000000,-0.000000,0.000000,-0.248688,-0.000000,0.968584,0.000000,16.124069,0.000000,-0.007172,1.000000;;
       }

       Frame Bip001_L_Clavicle {
        

        FrameTransformMatrix {
         0.110939,0.992171,-0.057346,0.000000,0.962035,-0.121690,-0.244295,0.000000,-0.249361,-0.028067,-0.968004,0.000000,0.000000,4.340599,0.007393,1.000000;;
        }

        Frame Bip001_L_UpperArm {
         

         FrameTransformMatrix {
          0.547588,-0.826127,-0.132901,0.000000,0.827054,0.558480,-0.063888,0.000000,0.127002,-0.074932,0.989068,0.000000,16.122227,0.000000,0.000004,1.000000;;
         }

         Frame Bip001_L_Forearm {
          

          FrameTransformMatrix {
           0.225350,0.000000,-0.974278,0.000000,0.000000,1.000000,0.000000,0.000000,0.974278,-0.000000,0.225349,0.000000,44.136810,0.000000,-0.000004,1.000000;;
          }

          Frame Bip001_L_Hand {
           

           FrameTransformMatrix {
            0.973043,0.081993,-0.215555,0.000000,0.229837,-0.267694,0.935690,0.000000,0.019017,-0.960009,-0.279323,0.000000,37.683373,0.000000,0.000000,1.000000;;
           }

           Frame Bip001_L_Finger0 {
            

            FrameTransformMatrix {
             0.458539,-0.296077,0.837902,0.000000,0.846348,-0.142026,-0.513347,0.000000,0.270994,0.944546,0.185460,0.000000,4.289879,-5.456848,2.394806,1.000000;;
            }

            Frame Bip001_L_Finger01 {
             

             FrameTransformMatrix {
              0.926974,-0.000000,0.375125,0.000000,-0.000000,1.000000,0.000000,0.000000,-0.375125,0.000000,0.926974,0.000000,3.875534,-0.000008,-0.000015,1.000000;;
             }

             Frame Bip001_L_Finger02 {
              

              FrameTransformMatrix {
               0.944212,0.000000,0.329340,0.000000,0.000000,1.000000,-0.000000,0.000000,-0.329340,0.000000,0.944212,0.000000,3.875534,0.000000,0.000000,1.000000;;
              }

              Frame Bip001_L_Finger0Nub {
               

               FrameTransformMatrix {
                1.000000,0.000000,0.000000,0.000000,-0.000000,1.000000,0.000000,0.000000,0.000000,-0.000000,1.000000,0.000000,3.875534,0.000000,0.000008,1.000000;;
               }
              }
             }
            }
           }

           Frame Bip001_L_Finger1 {
            

            FrameTransformMatrix {
             0.986777,0.000129,-0.162086,0.000000,-0.000000,1.000000,0.000796,0.000000,0.162086,-0.000786,0.986776,0.000000,11.734272,-5.461204,-0.417763,1.000000;;
            }

            Frame Bip001_L_Finger11 {
             

             FrameTransformMatrix {
              0.918069,-0.000000,0.396421,0.000000,0.000000,1.000000,0.000000,0.000000,-0.396421,0.000000,0.918069,0.000000,4.650642,0.000008,0.000015,1.000000;;
             }

             Frame Bip001_L_Finger12 {
              

              FrameTransformMatrix {
               0.994456,0.000000,0.105150,0.000000,0.000000,1.000000,0.000000,0.000000,-0.105150,0.000000,0.994456,0.000000,4.650646,-0.000008,0.000000,1.000000;;
              }

              Frame Bip001_L_Finger1Nub {
               

               FrameTransformMatrix {
                1.000000,0.000000,0.000000,0.000000,0.000000,1.000000,0.000000,0.000000,0.000000,-0.000000,1.000000,0.000000,4.650646,0.000000,0.000000,1.000000;;
               }
              }
             }
            }
           }

           Frame Bip001_L_Finger2 {
            

            FrameTransformMatrix {
             0.913055,0.058367,-0.403637,0.000000,-0.054546,0.998291,0.020970,0.000000,0.404171,0.002870,0.914679,0.000000,11.686767,-1.501312,-0.364777,1.000000;;
            }

            Frame Bip001_L_Finger21 {
             

             FrameTransformMatrix {
              0.972901,0.000000,0.231222,0.000000,0.000000,1.000000,0.000000,0.000000,-0.231222,-0.000000,0.972901,0.000000,4.698440,0.000008,0.000008,1.000000;;
             }

             Frame Bip001_L_Finger22 {
              

              FrameTransformMatrix {
               0.972901,-0.000000,0.231222,0.000000,0.000000,1.000000,0.000000,0.000000,-0.231222,-0.000000,0.972901,0.000000,5.425751,0.000000,0.000000,1.000000;;
              }

              Frame Bip001_L_Finger2Nub {
               

               FrameTransformMatrix {
                1.000000,-0.000000,-0.000000,0.000000,0.000000,1.000000,-0.000000,0.000000,0.000000,-0.000000,1.000000,0.000000,5.425747,-0.000008,0.000000,1.000000;;
               }
              }
             }
            }
           }

           Frame Bip001_L_Finger3 {
            

            FrameTransformMatrix {
             0.895635,0.093934,-0.434758,0.000000,-0.084190,0.995578,0.041667,0.000000,0.436749,-0.000716,0.899583,0.000000,11.686195,1.606094,-0.362915,1.000000;;
            }

            Frame Bip001_L_Finger31 {
             

             FrameTransformMatrix {
              0.972901,0.000000,0.231222,0.000000,-0.000000,1.000000,0.000000,0.000000,-0.231222,0.000000,0.972901,0.000000,4.316544,-0.000008,-0.000008,1.000000;;
             }

             Frame Bip001_L_Finger32 {
              

              FrameTransformMatrix {
               0.972901,0.000000,0.231222,0.000000,-0.000000,1.000000,-0.000000,0.000000,-0.231222,0.000000,0.972901,0.000000,4.650654,0.000008,0.000008,1.000000;;
              }

              Frame Bip001_L_Finger3Nub {
               

               FrameTransformMatrix {
                1.000000,0.000000,0.000000,0.000000,0.000000,1.000000,0.000000,0.000000,-0.000000,0.000000,1.000000,0.000000,4.650650,0.000000,0.000000,1.000000;;
               }
              }
             }
            }
           }

           Frame Bip001_L_Finger4 {
            

            FrameTransformMatrix {
             0.995318,0.043504,-0.086311,0.000000,-0.043233,0.999052,0.005008,0.000000,0.086447,-0.001253,0.996256,0.000000,10.216786,4.386833,-0.631805,1.000000;;
            }

            Frame Bip001_L_Finger41 {
             

             FrameTransformMatrix {
              0.972901,-0.000000,0.231222,0.000000,0.000000,1.000000,-0.000000,0.000000,-0.231222,-0.000000,0.972901,0.000000,3.003712,0.000000,0.000008,1.000000;;
             }

             Frame Bip001_L_Finger42 {
              

              FrameTransformMatrix {
               0.972901,-0.000000,0.231222,0.000000,-0.000000,1.000000,0.000000,0.000000,-0.231222,0.000000,0.972901,0.000000,3.003704,-0.000008,0.000008,1.000000;;
              }

              Frame Bip001_L_Finger4Nub {
               

               FrameTransformMatrix {
                1.000000,-0.000000,0.000000,0.000000,-0.000000,1.000000,0.000000,0.000000,0.000000,0.000000,1.000000,0.000000,3.003712,0.000008,0.000000,1.000000;;
               }
              }
             }
            }
           }
          }
         }
        }
       }

       Frame Bip001_R_Clavicle {
        

        FrameTransformMatrix {
         0.203214,-0.974730,0.092768,0.000000,-0.947492,-0.171870,0.269665,0.000000,-0.246907,-0.142697,-0.958475,0.000000,0.000015,-4.340599,0.007423,1.000000;;
        }

        Frame Bip001_R_UpperArm {
         

         FrameTransformMatrix {
          0.452970,0.871135,0.189585,0.000000,-0.882192,0.468667,-0.045710,0.000000,-0.128672,-0.146545,0.980800,0.000000,16.122221,0.000000,0.000000,1.000000;;
         }

         Frame Bip001_R_Forearm {
          

          FrameTransformMatrix {
           0.550229,-0.000000,-0.835014,0.000000,0.000000,1.000000,0.000000,0.000000,0.835014,-0.000000,0.550229,0.000000,44.136819,0.000008,0.000008,1.000000;;
          }

          Frame Bip001_R_Hand {
           

           FrameTransformMatrix {
            0.902897,0.376426,0.207559,0.000000,0.237024,-0.033158,-0.970938,0.000000,-0.358604,0.925853,-0.119160,0.000000,37.683379,0.000008,0.000000,1.000000;;
           }

           Frame Bip001_R_Finger0 {
            

            FrameTransformMatrix {
             0.049494,0.567669,0.821767,0.000000,-0.435575,-0.728142,0.529228,0.000000,0.898791,-0.384135,0.211224,0.000000,4.289871,5.456856,2.394814,1.000000;;
            }

            Frame Bip001_R_Finger01 {
             

             FrameTransformMatrix {
              0.446311,-0.000000,0.894878,0.000000,0.000000,1.000000,0.000000,0.000000,-0.894878,-0.000000,0.446311,0.000000,3.875534,-0.000008,0.000008,1.000000;;
             }

             Frame Bip001_R_Finger02 {
              

              FrameTransformMatrix {
               0.691782,0.000000,0.722107,0.000000,0.000000,1.000000,0.000000,0.000000,-0.722107,0.000000,0.691782,0.000000,3.875534,0.000006,-0.000004,1.000000;;
              }

              Frame Bip001_R_Finger0Nub {
               

               FrameTransformMatrix {
                -1.000000,0.000000,-0.000000,0.000000,-0.000000,1.000000,0.000000,0.000000,0.000000,0.000000,-1.000000,0.000000,3.875542,-0.000002,0.000000,1.000000;;
               }
              }
             }
            }
           }

           Frame Bip001_R_Finger1 {
            

            FrameTransformMatrix {
             0.904147,-0.092632,0.417058,0.000000,0.084419,0.995700,0.038140,0.000000,-0.418798,0.000723,0.908079,0.000000,11.734276,5.461197,-0.417755,1.000000;;
            }

            Frame Bip001_R_Finger11 {
             

             FrameTransformMatrix {
              0.074807,-0.000000,0.997198,0.000000,-0.000000,1.000000,-0.000000,0.000000,-0.997198,0.000000,0.074807,0.000000,4.650665,0.000001,-0.000008,1.000000;;
             }

             Frame Bip001_R_Finger12 {
              

              FrameTransformMatrix {
               0.655587,-0.000000,0.755120,0.000000,-0.000000,1.000000,0.000000,0.000000,-0.755120,-0.000000,0.655587,0.000000,4.650658,-0.000001,0.000015,1.000000;;
              }

              Frame Bip001_R_Finger1Nub {
               

               FrameTransformMatrix {
                -1.000000,0.000000,0.000000,0.000000,-0.000000,1.000000,-0.000000,0.000000,-0.000000,-0.000000,-1.000000,0.000000,4.650650,0.000001,0.000008,1.000000;;
               }
              }
             }
            }
           }

           Frame Bip001_R_Finger2 {
            

            FrameTransformMatrix {
             0.992529,-0.056503,-0.108136,0.000000,0.054546,0.998291,-0.020970,0.000000,0.109136,0.014915,0.993915,0.000000,11.686752,1.501314,-0.364777,1.000000;;
            }

            Frame Bip001_R_Finger21 {
             

             FrameTransformMatrix {
              0.142168,0.000000,0.989843,0.000000,-0.000000,1.000000,-0.000000,0.000000,-0.989843,0.000000,0.142168,0.000000,4.698440,0.000002,0.000000,1.000000;;
             }

             Frame Bip001_R_Finger22 {
              

              FrameTransformMatrix {
               0.072774,-0.000000,0.997348,0.000000,0.000000,1.000000,-0.000000,0.000000,-0.997349,-0.000000,0.072774,0.000000,5.425751,0.000000,0.000000,1.000000;;
              }

              Frame Bip001_R_Finger2Nub {
               

               FrameTransformMatrix {
                -1.000000,-0.000000,0.000000,0.000000,-0.000000,1.000000,-0.000000,0.000000,-0.000000,-0.000000,-1.000000,0.000000,5.425751,0.000000,0.000000,1.000000;;
               }
              }
             }
            }
           }

           Frame Bip001_R_Finger3 {
            

            FrameTransformMatrix {
             0.987942,-0.099962,-0.118232,0.000000,0.099472,0.994990,-0.010058,0.000000,0.118645,-0.001824,0.992935,0.000000,11.686188,-1.606100,-0.362915,1.000000;;
            }

            Frame Bip001_R_Finger31 {
             

             FrameTransformMatrix {
              0.032617,0.000000,0.999468,0.000000,-0.000000,1.000000,0.000000,0.000000,-0.999468,-0.000000,0.032617,0.000000,4.316544,-0.000001,0.000008,1.000000;;
             }

             Frame Bip001_R_Finger32 {
              

              FrameTransformMatrix {
               0.067477,0.000000,0.997721,0.000000,-0.000000,1.000000,-0.000000,0.000000,-0.997721,0.000000,0.067477,0.000000,4.650642,0.000001,0.000000,1.000000;;
              }

              Frame Bip001_R_Finger3Nub {
               

               FrameTransformMatrix {
                -1.000000,0.000000,-0.000000,0.000000,0.000000,1.000000,0.000000,0.000000,-0.000000,-0.000000,-1.000000,0.000000,4.650642,0.000000,0.000000,1.000000;;
               }
              }
             }
            }
           }

           Frame Bip001_R_Finger4 {
            

            FrameTransformMatrix {
             0.995318,-0.043504,-0.086311,0.000000,0.043233,0.999053,-0.005008,0.000000,0.086447,0.001253,0.996256,0.000000,10.216782,-4.386829,-0.631805,1.000000;;
            }

            Frame Bip001_R_Finger41 {
             

             FrameTransformMatrix {
              0.361440,0.000000,0.932396,0.000000,-0.000000,1.000000,-0.000000,0.000000,-0.932396,0.000000,0.361440,0.000000,3.003708,0.000000,0.000000,1.000000;;
             }

             Frame Bip001_R_Finger42 {
              

              FrameTransformMatrix {
               0.561918,0.000000,0.827193,0.000000,-0.000000,1.000000,-0.000000,0.000000,-0.827193,0.000000,0.561918,0.000000,3.003708,0.000001,-0.000004,1.000000;;
              }

              Frame Bip001_R_Finger4Nub {
               

               FrameTransformMatrix {
                -1.000000,0.000000,0.000000,0.000000,-0.000000,1.000000,-0.000000,0.000000,0.000000,0.000000,-1.000000,0.000000,3.003712,0.000001,0.000015,1.000000;;
               }
              }
             }
            }
           }
          }
         }
        }
       }

       Frame Bip001_Head {
        

        FrameTransformMatrix {
         0.881501,0.117758,-0.457264,0.000000,-0.334766,0.838810,-0.429336,0.000000,0.333000,0.531536,0.778833,0.000000,15.765381,-0.911513,-0.005150,1.000000;;
        }

        Frame Bip001_HeadNub {
         

         FrameTransformMatrix {
          1.000000,-0.000000,0.000000,0.000000,-0.000000,1.000000,0.000000,0.000000,0.000000,0.000000,1.000000,0.000000,29.144013,0.000000,-0.000006,1.000000;;
         }
        }
       }
      }
     }
    }
   }

   Frame Bip001_L_Thigh {
    

    FrameTransformMatrix {
     -0.506947,0.425067,0.749882,0.000000,0.293387,-0.732925,0.613796,0.000000,0.810511,0.531168,0.246845,0.000000,-16.022797,10.427850,-0.174446,1.000000;;
    }

    Frame Bip001_L_Calf {
     

     FrameTransformMatrix {
      0.689396,0.000000,-0.724385,0.000000,0.000000,1.000000,-0.000000,0.000000,0.724385,0.000000,0.689396,0.000000,54.040717,-0.000001,0.000000,1.000000;;
     }

     Frame Bip001_L_Foot {
      

      FrameTransformMatrix {
       0.991841,-0.018427,0.126142,0.000000,0.004714,0.994123,0.108153,0.000000,-0.127394,-0.106676,0.986099,0.000000,58.826867,0.000000,0.000004,1.000000;;
      }

      Frame Bip001_L_Toe0 {
       

       FrameTransformMatrix {
        0.000000,-0.000000,1.000000,0.000000,-0.000000,1.000000,0.000000,0.000000,-1.000000,-0.000000,0.000000,0.000000,14.261973,-0.000000,18.354528,1.000000;;
       }

       Frame Bip001_L_Toe01 {
        

        FrameTransformMatrix {
         1.000000,-0.000000,0.000000,0.000000,0.000000,1.000000,-0.000000,0.000000,0.000000,0.000000,1.000000,0.000000,1.860256,0.000002,0.000000,1.000000;;
        }

        Frame Bip001_L_Toe02 {
         

         FrameTransformMatrix {
          1.000000,-0.000000,0.000000,0.000000,0.000000,1.000000,-0.000000,0.000000,0.000000,0.000000,1.000000,0.000000,1.860256,-0.000002,-0.000000,1.000000;;
         }

         Frame Bip001_L_Toe0Nub {
          

          FrameTransformMatrix {
           -1.000000,0.000000,0.000000,0.000000,0.000000,1.000000,-0.000000,0.000000,0.000000,-0.000000,-1.000000,0.000000,1.860256,0.000000,0.000000,1.000000;;
          }
         }
        }
       }
      }
     }
    }
   }

   Frame Bip001_R_Thigh {
    

    FrameTransformMatrix {
     -0.807622,-0.153356,0.569411,0.000000,0.198988,-0.979830,0.018343,0.000000,0.555113,0.128120,0.821849,0.000000,-9.985550,-10.372864,11.912392,1.000000;;
    }

    Frame Bip001_R_Calf {
     

     FrameTransformMatrix {
      0.732089,-0.000000,-0.681209,0.000000,0.000000,1.000000,-0.000000,0.000000,0.681209,0.000000,0.732089,0.000000,53.736051,0.000000,-0.000002,1.000000;;
     }

     Frame Bip001_R_Foot {
      

      FrameTransformMatrix {
       0.826424,-0.176131,0.534791,0.000000,0.260046,0.961841,-0.085076,0.000000,-0.499400,0.209379,0.840690,0.000000,59.151955,-0.000004,0.000004,1.000000;;
      }

      Frame Bip001_R_Toe0 {
       

       FrameTransformMatrix {
        0.000000,0.000000,1.000000,0.000000,-0.000000,1.000000,-0.000000,0.000000,-1.000000,-0.000000,0.000000,0.000000,14.261973,0.000004,18.354530,1.000000;;
       }

       Frame Bip001_R_Toe01 {
        

        FrameTransformMatrix {
         1.000000,0.000000,-0.000000,0.000000,-0.000000,1.000000,0.000000,0.000000,-0.000000,0.000000,1.000000,0.000000,1.860257,-0.000004,0.000000,1.000000;;
        }

        Frame Bip001_R_Toe02 {
         

         FrameTransformMatrix {
          1.000000,0.000000,-0.000000,0.000000,-0.000000,1.000000,0.000000,0.000000,-0.000000,0.000000,1.000000,0.000000,1.860257,0.000000,0.000000,1.000000;;
         }

         Frame Bip001_R_Toe0Nub {
          

          FrameTransformMatrix {
           1.000000,0.000000,-0.000000,0.000000,-0.000000,1.000000,0.000000,0.000000,-0.000000,0.000000,1.000000,0.000000,1.860256,-0.000004,-0.000000,1.000000;;
          }
         }
        }
       }
      }
     }
    }
   }
  }
 }
}

Frame Box001 {
 

 FrameTransformMatrix {
  0.667112,0.000000,0.000000,0.000000,0.000000,0.696682,0.000000,0.000000,0.000000,0.000000,0.492662,0.000000,0.000000,0.000000,0.000000,1.000000;;
 }

 Mesh Box001 {
  24;
  10.572270;20.327326;-176.362598;,
  13.727651;19.486696;-172.382886;,
  10.759668;19.137504;-172.335949;,
  13.540253;20.676517;-176.409536;,
  10.356436;22.080267;-175.308378;,
  13.511816;21.239637;-171.328678;,
  13.324418;22.429456;-175.355315;,
  10.543834;20.890446;-171.281741;,
  10.572270;20.327326;-176.362598;,
  13.324418;22.429456;-175.355315;,
  13.540253;20.676517;-176.409536;,
  10.356436;22.080267;-175.308378;,
  13.540253;20.676517;-176.409536;,
  13.511816;21.239637;-171.328678;,
  13.727651;19.486696;-172.382886;,
  13.324418;22.429456;-175.355315;,
  13.727651;19.486696;-172.382886;,
  10.543834;20.890446;-171.281741;,
  10.759668;19.137504;-172.335949;,
  13.511816;21.239637;-171.328678;,
  10.759668;19.137504;-172.335949;,
  10.356436;22.080267;-175.308378;,
  10.572270;20.327326;-176.362598;,
  10.543834;20.890446;-171.281741;;
  12;
  3;0,1,2;,
  3;1,0,3;,
  3;4,5,6;,
  3;5,4,7;,
  3;8,9,10;,
  3;9,8,11;,
  3;12,13,14;,
  3;13,12,15;,
  3;16,17,18;,
  3;17,16,19;,
  3;20,21,22;,
  3;21,20,23;;

  MeshMaterialList {
   1;
   12;
   0,
   0,
   0,
   0,
   0,
   0,
   0,
   0,
   0,
   0,
   0,
   0;

   Material  {
    0.529412;0.231373;0.031373;1.000000;;
    0.000000;
    0.000000;0.000000;0.000000;;
    0.000000;0.000000;0.000000;;
   }
  }

  DeclData {
   2;
   2;0;3;0;,
   1;0;5;0;;
   120;
   1037836862,
   3212032943,
   3197278703,
   1065353216,
   1065353216,
   1037836862,
   3212032943,
   3197278703,
   0,
   0,
   1037836862,
   3212032943,
   3197278702,
   1065353216,
   0,
   1037836862,
   3212032943,
   3197278702,
   0,
   1065353216,
   3185320464,
   1064549297,
   1049795046,
   0,
   1065353216,
   3185320481,
   1064549297,
   1049795049,
   1065353216,
   0,
   3185320432,
   1064549299,
   1049795040,
   1065353216,
   1065353216,
   3185320510,
   1064549295,
   1049795054,
   0,
   0,
   3180727868,
   1057087926,
   3210464891,
   0,
   1065353216,
   3180727880,
   1057087927,
   3210464890,
   1065353216,
   0,
   3180727899,
   1057087930,
   3210464888,
   1065353216,
   1065353216,
   3180727850,
   1057087924,
   3210464892,
   0,
   0,
   1065216176,
   1040339450,
   3154912767,
   0,
   1065353216,
   1065216176,
   1040339447,
   3154912759,
   1065353216,
   0,
   1065216176,
   1040339443,
   3154912753,
   1065353216,
   1065353216,
   1065216176,
   1040339454,
   3154912773,
   0,
   0,
   1033244245,
   3204571571,
   1062981244,
   0,
   1065353216,
   1033244245,
   3204571571,
   1062981244,
   1065353216,
   0,
   1033244245,
   3204571571,
   1062981244,
   1065353216,
   1065353216,
   1033244245,
   3204571571,
   1062981244,
   0,
   0,
   3212699824,
   3187823092,
   1007429105,
   0,
   1065353216,
   3212699824,
   3187823092,
   1007429105,
   1065353216,
   0,
   3212699824,
   3187823091,
   1007429106,
   1065353216,
   1065353216,
   3212699824,
   3187823091,
   1007429106,
   0,
   0;
  }

  XSkinMeshHeader {
   1;
   1;
   1;
  }

  SkinWeights {
   "Bip001_L_Toe0Nub";
   24;
   0,
   1,
   2,
   3,
   4,
   5,
   6,
   7,
   8,
   9,
   10,
   11,
   12,
   13,
   14,
   15,
   16,
   17,
   18,
   19,
   20,
   21,
   22,
   23;
   1.000000,
   1.000000,
   1.000000,
   1.000000,
   1.000000,
   1.000000,
   1.000000,
   1.000000,
   1.000000,
   1.000000,
   1.000000,
   1.000000,
   1.000000,
   1.000000,
   1.000000,
   1.000000,
   1.000000,
   1.000000,
   1.000000,
   1.000000,
   1.000000,
   1.000000,
   1.000000,
   1.000000;
   -0.182852,-0.641549,0.004260,0.000000,-0.004624,-0.003308,-0.696659,0.000000,0.473783,-0.135053,-0.002503,0.000000,54.288531,7.332008,0.245691,1.000000;;
  }
 }
}

AnimTicksPerSecond  {
 4800;
}

AnimationSet Anim1 {
 

 Animation {
  
  { Bip001 }

  AnimationKey S {
   1;
   2;
   0;3;1.000000,1.000000,1.000000;;,
   5600;3;1.000000,1.000000,1.000000;;;
  }

  AnimationKey R {
   0;
   36;
   0;4;0.706502,0.001745,-0.707708,-0.000906;;,
   160;4;0.695905,0.001758,-0.718132,-0.000880;;,
   320;4;0.683035,0.001774,-0.730383,-0.000849;;,
   480;4;0.668510,0.001790,-0.743701,-0.000814;;,
   640;4;0.652993,0.001807,-0.757362,-0.000776;;,
   800;4;0.637197,0.001822,-0.770699,-0.000739;;,
   960;4;0.621887,0.001837,-0.783105,-0.000703;;,
   1120;4;0.607874,0.001849,-0.794031,-0.000670;;,
   1280;4;0.596004,0.001858,-0.802979,-0.000642;;,
   1440;4;0.587141,0.001865,-0.809482,-0.000622;;,
   1600;4;0.582151,0.001869,-0.813079,-0.000611;;,
   1760;4;0.581873,0.001869,-0.813278,-0.000610;;,
   1920;4;0.587094,0.001865,-0.809516,-0.000622;;,
   2080;4;0.615453,0.001842,-0.788171,-0.000688;;,
   2240;4;0.670557,0.001788,-0.741855,-0.000818;;,
   2400;4;0.732623,0.001710,-0.680632,-0.000971;;,
   2560;4;0.785369,0.001626,-0.619025,-0.001106;;,
   2720;4;0.817488,0.001564,-0.575942,-0.001192;;,
   2880;4;0.830309,0.001536,-0.557300,-0.001227;;,
   3040;4;0.833474,0.001529,-0.552556,-0.001236;;,
   3200;4;0.830361,0.001536,-0.557223,-0.001227;;,
   3360;4;0.824004,0.001550,-0.566581,-0.001210;;,
   3520;4;0.817488,0.001564,-0.575942,-0.001192;;,
   3680;4;0.811613,0.001576,-0.584192,-0.001176;;,
   3840;4;0.805060,0.001589,-0.593190,-0.001159;;,
   4000;4;0.797882,0.001603,-0.602811,-0.001140;;,
   4160;4;0.790134,0.001617,-0.612931,-0.001119;;,
   4320;4;0.781878,0.001632,-0.623429,-0.001097;;,
   4480;4;0.773177,0.001647,-0.634187,-0.001075;;,
   4640;4;0.764104,0.001662,-0.645090,-0.001051;;,
   4800;4;0.754734,0.001677,-0.656028,-0.001027;;,
   4960;4;0.745149,0.001692,-0.666895,-0.001003;;,
   5120;4;0.735438,0.001706,-0.677590,-0.000978;;,
   5280;4;0.725693,0.001720,-0.688016,-0.000954;;,
   5440;4;0.716013,0.001733,-0.698084,-0.000930;;,
   5600;4;0.706502,0.001745,-0.707708,-0.000906;;;
  }

  AnimationKey T {
   2;
   36;
   0;3;-0.479831,115.068250,0.060048;;,
   160;3;-2.248372,114.995584,1.965907;;,
   320;3;-4.235965,115.058701,4.370431;;,
   480;3;-6.369593,115.212352,7.107399;;,
   640;3;-8.576237,115.411264,10.010589;;,
   800;3;-10.782882,115.610189,12.913778;;,
   960;3;-12.916510,115.763827,15.650746;;,
   1120;3;-14.904102,115.826944,18.055269;;,
   1280;3;-16.672643,115.754278,19.961130;;,
   1440;3;-18.149112,115.500544,21.202101;;,
   1600;3;-19.260496,115.020493,21.611963;;,
   1760;3;-19.933778,114.268864,21.024498;;,
   1920;3;-20.095933,113.200384,19.273474;;,
   2080;3;-18.118214,110.711846,12.481486;;,
   2240;3;-13.439363,106.455309,-0.629153;;,
   2400;3;-7.587593,101.518426,-16.325099;;,
   2560;3;-2.091131,96.988864,-30.872973;;,
   2720;3;1.521812,93.954234,-40.539427;;,
   2880;3;2.923140,92.534797,-44.728339;;,
   3040;3;3.131666,92.005466,-45.928614;;,
   3200;3;2.639529,92.185850,-45.034429;;,
   3360;3;1.938865,92.895571,-42.939971;;,
   3520;3;1.521812,93.954234,-40.539427;;,
   3680;3;1.404283,95.193978,-38.155571;;,
   3840;3;1.275111,96.556512,-35.535587;;,
   4000;3;1.135818,98.025824,-32.710278;;,
   4160;3;0.987919,99.585920,-29.710438;;,
   4320;3;0.832934,101.220762,-26.566867;;,
   4480;3;0.672381,102.914323,-23.310363;;,
   4640;3;0.507779,104.650598,-19.971733;;,
   4800;3;0.340647,106.413562,-16.581778;;,
   4960;3;0.172502,108.187213,-13.171277;;,
   5120;3;0.004863,109.955533,-9.771046;;,
   5280;3;-0.160751,111.702490,-6.411890;;,
   5440;3;-0.322822,113.412070,-3.124589;;,
   5600;3;-0.479831,115.068250,0.060048;;;
  }
 }

 Animation {
  
  { Bip001_Pelvis }

  AnimationKey S {
   1;
   2;
   0;3;1.000000,1.000000,1.000000;;,
   5600;3;1.000000,1.000000,1.000000;;;
  }

  AnimationKey R {
   0;
   2;
   0;4;-0.494101,0.505831,0.494100,0.505831;;,
   5600;4;-0.494101,0.505831,0.494100,0.505831;;;
  }

  AnimationKey T {
   2;
   2;
   0;3;0.000000,0.000000,0.000000;;,
   5600;3;0.000000,0.000000,0.000000;;;
  }
 }

 Animation {
  
  { Bip001_Spine }

  AnimationKey S {
   1;
   2;
   0;3;1.000000,1.000000,1.000000;;,
   5600;3;1.000000,1.000000,1.000000;;;
  }

  AnimationKey R {
   0;
   36;
   0;4;0.936666,-0.275373,0.204860,0.069703;;,
   160;4;0.932526,-0.289546,0.205019,0.067277;;,
   320;4;0.926648,-0.309008,0.204069,0.064754;;,
   480;4;0.919275,-0.331879,0.202308,0.062140;;,
   640;4;0.910762,-0.356307,0.200057,0.059454;;,
   800;4;0.901628,-0.380493,0.197673,0.056724;;,
   960;4;0.892566,-0.402705,0.195552,0.053992;;,
   1120;4;0.884424,-0.421284,0.194120,0.051308;;,
   1280;4;0.878154,-0.434628,0.193828,0.048731;;,
   1440;4;0.874735,-0.441157,0.195126,0.046320;;,
   1600;4;0.875057,-0.439258,0.198446,0.044132;;,
   1760;4;0.879793,-0.427202,0.204159,0.042218;;,
   1920;4;0.889218,-0.403075,0.212537,0.040617;;,
   2080;4;0.915936,-0.324876,0.232215,0.039921;;,
   2240;4;0.948474,-0.174003,0.261797,0.039779;;,
   2400;4;0.956894,0.010126,0.287631,0.038993;;,
   2560;4;0.935273,0.180098,0.302388,0.037286;;,
   2720;4;0.905409,0.290670,0.307392,0.035433;;,
   2880;4;0.888152,0.338598,0.308835,0.034039;;,
   3040;4;0.882075,0.353476,0.309680,0.033127;;,
   3200;4;0.885416,0.344682,0.310076,0.032943;;,
   3360;4;0.894489,0.320877,0.309507,0.033658;;,
   3520;4;0.905409,0.290670,0.307392,0.035433;;,
   3680;4;0.916196,0.258303,0.304017,0.037910;;,
   3840;4;0.926803,0.222379,0.299894,0.040582;;,
   4000;4;0.936759,0.183285,0.294968,0.043397;;,
   4160;4;0.945627,0.141445,0.289202,0.046308;;,
   4320;4;0.953022,0.097318,0.282580,0.049265;;,
   4480;4;0.958617,0.051396,0.275107,0.052221;;,
   4640;4;0.962160,0.004199,0.266817,0.055132;;,
   4800;4;0.963475,-0.043734,0.257767,0.057958;;,
   4960;4;0.962476,-0.091851,0.248040,0.060661;;,
   5120;4;0.959163,-0.139601,0.237746,0.063209;;,
   5280;4;0.953626,-0.186447,0.227014,0.065578;;,
   5440;4;0.946041,-0.231867,0.215997,0.067747;;,
   5600;4;0.936666,-0.275373,0.204860,0.069703;;;
  }

  AnimationKey T {
   2;
   36;
   0;3;14.263466,-0.328320,-0.009809;;,
   160;3;14.263451,-0.327998,-0.009603;;,
   320;3;14.263397,-0.327563,-0.009312;;,
   480;3;14.263352,-0.327065,-0.008955;;,
   640;3;14.263267,-0.326546,-0.008547;;,
   800;3;14.263184,-0.326054,-0.008114;;,
   960;3;14.263069,-0.325615,-0.007689;;,
   1120;3;14.263000,-0.325262,-0.007309;;,
   1280;3;14.262955,-0.325020,-0.007019;;,
   1440;3;14.262947,-0.324902,-0.006861;;,
   1600;3;14.262994,-0.324932,-0.006868;;,
   1760;3;14.263130,-0.325146,-0.007077;;,
   1920;3;14.263322,-0.325596,-0.007504;;,
   2080;3;14.263848,-0.327173,-0.008739;;,
   2240;3;14.264587,-0.330607,-0.010298;;,
   2400;3;14.265091,-0.335114,-0.010710;;,
   2560;3;14.265136,-0.339192,-0.009659;;,
   2720;3;14.264931,-0.341618,-0.008240;;,
   2880;3;14.264794,-0.342569,-0.007439;;,
   3040;3;14.264763,-0.342848,-0.007164;;,
   3200;3;14.264802,-0.342678,-0.007313;;,
   3360;3;14.264877,-0.342215,-0.007740;;,
   3520;3;14.264931,-0.341618,-0.008240;;,
   3680;3;14.264946,-0.340951,-0.008747;;,
   3840;3;14.264946,-0.340182,-0.009266;;,
   4000;3;14.264938,-0.339315,-0.009739;;,
   4160;3;14.264901,-0.338357,-0.010176;;,
   4320;3;14.264846,-0.337317,-0.010542;;,
   4480;3;14.264747,-0.336211,-0.010826;;,
   4640;3;14.264626,-0.335059,-0.011007;;,
   4800;3;14.264488,-0.333879,-0.011078;;,
   4960;3;14.264320,-0.332693,-0.011039;;,
   5120;3;14.264122,-0.331524,-0.010882;;,
   5280;3;14.263923,-0.330394,-0.010619;;,
   5440;3;14.263694,-0.329320,-0.010256;;,
   5600;3;14.263466,-0.328320,-0.009809;;;
  }
 }

 Animation {
  
  { Bip001_Spine1 }

  AnimationKey S {
   1;
   2;
   0;3;1.000000,1.000000,1.000000;;,
   5600;3;1.000000,1.000000,1.000000;;;
  }

  AnimationKey R {
   0;
   35;
   0;4;0.999975,0.000000,-0.007058,-0.000000;;,
   160;4;0.999976,-0.000000,-0.006980,-0.000000;;,
   320;4;0.999977,-0.000000,-0.006773,-0.000000;;,
   480;4;0.999979,0.000000,-0.006481,-0.000000;;,
   640;4;0.999981,-0.000000,-0.006146,-0.000000;;,
   800;4;0.999983,-0.000000,-0.005810,-0.000000;;,
   960;4;0.999985,-0.000000,-0.005518,-0.000000;;,
   1120;4;0.999986,0.000000,-0.005311,-0.000000;;,
   1440;4;0.999986,0.000000,-0.005233,-0.000000;;,
   1600;4;0.999984,0.000000,-0.005632,-0.000000;;,
   1760;4;0.999981,-0.000000,-0.006195,-0.000000;;,
   1920;4;0.999975,-0.000000,-0.007058,-0.000000;;,
   2080;4;0.999957,0.000000,-0.009251,-0.000000;;,
   2240;4;0.999914,-0.000000,-0.013103,-0.000000;;,
   2400;4;0.999845,0.000000,-0.017603,-0.000000;;,
   2560;4;0.999764,0.000000,-0.021742,-0.000000;;,
   2720;4;0.999700,-0.000000,-0.024509,0.000000;;,
   2880;4;0.999668,0.000000,-0.025781,0.000000;;,
   3040;4;0.999656,0.000000,-0.026230,0.000000;;,
   3200;4;0.999661,-0.000000,-0.026044,0.000000;;,
   3360;4;0.999677,-0.000000,-0.025409,0.000000;;,
   3520;4;0.999700,-0.000000,-0.024509,0.000000;;,
   3680;4;0.999724,0.000000,-0.023484,0.000000;;,
   3840;4;0.999750,0.000000,-0.022358,-0.000000;;,
   4000;4;0.999777,-0.000000,-0.021144,0.000000;;,
   4160;4;0.999803,-0.000000,-0.019855,0.000000;;,
   4320;4;0.999829,0.000000,-0.018504,0.000000;;,
   4480;4;0.999854,0.000000,-0.017104,-0.000000;;,
   4640;4;0.999877,0.000000,-0.015669,-0.000000;;,
   4800;4;0.999899,0.000000,-0.014212,-0.000000;;,
   4960;4;0.999919,0.000000,-0.012746,-0.000000;;,
   5120;4;0.999936,0.000000,-0.011284,-0.000000;;,
   5280;4;0.999952,0.000000,-0.009840,-0.000000;;,
   5440;4;0.999965,-0.000000,-0.008427,-0.000000;;,
   5600;4;0.999975,0.000000,-0.007058,-0.000000;;;
  }

  AnimationKey T {
   2;
   12;
   0;3;16.122040,-0.000000,-0.012836;;,
   2080;3;16.122048,-0.000000,-0.012840;;,
   2240;3;16.121888,0.000000,-0.012833;;,
   2400;3;16.121781,0.000000,-0.012840;;,
   2560;3;16.121666,0.000000,-0.012825;;,
   3840;3;16.121574,-0.000004,-0.012817;;,
   4000;3;16.121682,0.000002,-0.012833;;,
   4480;3;16.121696,0.000000,-0.012825;;,
   4640;3;16.121811,-0.000001,-0.012825;;,
   5120;3;16.121842,-0.000001,-0.012825;;,
   5280;3;16.121949,0.000000,-0.012825;;,
   5600;3;16.121986,0.000000,-0.012836;;;
  }
 }

 Animation {
  
  { Bip001_Spine2 }

  AnimationKey S {
   1;
   2;
   0;3;1.000000,1.000000,1.000000;;,
   5600;3;1.000000,1.000000,1.000000;;;
  }

  AnimationKey R {
   0;
   35;
   0;4;0.999989,-0.000000,-0.004682,-0.000000;;,
   160;4;0.999989,0.000000,-0.004604,-0.000000;;,
   320;4;0.999990,0.000000,-0.004397,-0.000000;;,
   480;4;0.999992,0.000000,-0.004105,-0.000000;;,
   640;4;0.999993,-0.000000,-0.003769,-0.000000;;,
   800;4;0.999994,0.000000,-0.003434,-0.000000;;,
   960;4;0.999995,0.000000,-0.003142,-0.000000;;,
   1120;4;0.999996,0.000000,-0.002935,-0.000000;;,
   1440;4;0.999996,-0.000000,-0.002857,-0.000000;;,
   1600;4;0.999995,-0.000000,-0.003256,-0.000000;;,
   1760;4;0.999993,0.000000,-0.003819,-0.000000;;,
   1920;4;0.999989,-0.000000,-0.004682,-0.000000;;,
   2080;4;0.999976,-0.000000,-0.006875,-0.000000;;,
   2240;4;0.999943,-0.000000,-0.010727,-0.000000;;,
   2400;4;0.999884,0.000000,-0.015227,-0.000000;;,
   2560;4;0.999813,0.000000,-0.019366,-0.000000;;,
   2720;4;0.999755,0.000000,-0.022134,0.000000;;,
   2880;4;0.999726,-0.000000,-0.023405,0.000000;;,
   3040;4;0.999715,-0.000000,-0.023855,0.000000;;,
   3200;4;0.999720,0.000000,-0.023669,0.000000;;,
   3360;4;0.999735,0.000000,-0.023033,0.000000;;,
   3520;4;0.999755,0.000000,-0.022134,0.000000;;,
   3680;4;0.999777,-0.000000,-0.021109,-0.000000;;,
   3840;4;0.999800,0.000000,-0.019983,-0.000000;;,
   4000;4;0.999824,0.000000,-0.018769,-0.000000;;,
   4160;4;0.999847,0.000000,-0.017479,-0.000000;;,
   4320;4;0.999870,-0.000000,-0.016128,-0.000000;;,
   4480;4;0.999892,-0.000000,-0.014728,-0.000000;;,
   4640;4;0.999912,0.000000,-0.013293,-0.000000;;,
   4800;4;0.999930,0.000000,-0.011836,-0.000000;;,
   4960;4;0.999946,0.000000,-0.010370,-0.000000;;,
   5120;4;0.999960,0.000000,-0.008908,-0.000000;;,
   5280;4;0.999972,0.000000,-0.007464,-0.000000;;,
   5440;4;0.999982,0.000000,-0.006051,-0.000000;;,
   5600;4;0.999989,-0.000000,-0.004682,-0.000000;;;
  }

  AnimationKey T {
   2;
   12;
   0;3;16.122101,0.000001,-0.012833;;,
   2080;3;16.122101,-0.000000,-0.012829;;,
   2240;3;16.121949,0.000000,-0.012836;;,
   2400;3;16.121819,-0.000001,-0.012825;;,
   2560;3;16.121712,0.000000,-0.012829;;,
   4000;3;16.121643,0.000002,-0.012825;;,
   4160;3;16.121781,-0.000001,-0.012833;;,
   4640;3;16.121795,-0.000003,-0.012817;;,
   4800;3;16.121918,0.000001,-0.012836;;,
   5280;3;16.121963,0.000000,-0.012833;;,
   5440;3;16.122070,0.000000,-0.012844;;,
   5600;3;16.122101,0.000001,-0.012833;;;
  }
 }

 Animation {
  
  { Bip001_Spine3 }

  AnimationKey S {
   1;
   2;
   0;3;1.000000,1.000000,1.000000;;,
   5600;3;1.000000,1.000000,1.000000;;;
  }

  AnimationKey R {
   0;
   2;
   0;4;0.999975,-0.000000,0.007128,-0.000000;;,
   5600;4;0.999975,-0.000000,0.007128,-0.000000;;;
  }

  AnimationKey T {
   2;
   2;
   0;3;16.122406,0.000000,-0.012840;;,
   5600;3;16.122421,0.000000,-0.012844;;;
  }
 }

 Animation {
  
  { Bip001_Neck }

  AnimationKey S {
   1;
   2;
   0;3;1.000000,1.000000,1.000000;;,
   5600;3;1.000000,1.000000,1.000000;;;
  }

  AnimationKey R {
   0;
   2;
   0;4;0.992115,0.000000,0.125332,-0.000000;;,
   5600;4;0.992115,-0.000000,0.125332,-0.000000;;;
  }

  AnimationKey T {
   2;
   2;
   0;3;16.124069,0.000000,-0.007172;;,
   5600;3;16.124069,0.000000,-0.007183;;;
  }
 }

 Animation {
  
  { Bip001_L_Clavicle }

  AnimationKey S {
   1;
   2;
   0;3;1.000000,1.000000,1.000000;;,
   5600;3;1.000000,1.000000,1.000000;;;
  }

  AnimationKey R {
   0;
   36;
   0;4;0.072880,0.741726,0.658668,-0.103376;;,
   160;4;0.091864,0.748842,0.650600,-0.086700;;,
   320;4;0.112200,0.755670,0.641542,-0.069266;;,
   480;4;0.133507,0.761990,0.631586,-0.051454;;,
   640;4;0.155389,0.767628,0.620863,-0.033630;;,
   800;4;0.177437,0.772465,0.609552,-0.016140;;,
   960;4;0.199229,0.776437,0.597874,0.000691;;,
   1120;4;0.220338,0.779539,0.586086,0.016564;;,
   1280;4;0.240336,0.781820,0.574475,0.031204;;,
   1440;4;0.258794,0.783383,0.563355,0.044361;;,
   1600;4;0.275291,0.784368,0.553053,0.055808;;,
   1760;4;0.289409,0.784947,0.543904,0.065336;;,
   1920;4;0.300736,0.785309,0.536243,0.072745;;,
   2080;4;0.270377,0.786689,0.552645,0.051002;;,
   2240;4;0.204574,0.783623,0.586581,0.002527;;,
   2400;4;0.129660,0.771548,0.620291,-0.056037;;,
   2560;4;0.050667,0.748873,0.649404,-0.122050;;,
   2720;4;0.001229,0.729328,0.663775,-0.165778;;,
