xof 0303txt 0032
template Frame {
 <3d82ab46-62da-11cf-ab39-0020af71e433>
 [...]
}

template Matrix4x4 {
 <f6f23f45-7686-11cf-8f52-0040333594a3>
 array FLOAT matrix[16];
}

template FrameTransformMatrix {
 <f6f23f41-7686-11cf-8f52-0040333594a3>
 Matrix4x4 frameMatrix;
}

template Vector {
 <3d82ab5e-62da-11cf-ab39-0020af71e433>
 FLOAT x;
 FLOAT y;
 FLOAT z;
}

template MeshFace {
 <3d82ab5f-62da-11cf-ab39-0020af71e433>
 DWORD nFaceVertexIndices;
 array DWORD faceVertexIndices[nFaceVertexIndices];
}

template Mesh {
 <3d82ab44-62da-11cf-ab39-0020af71e433>
 DWORD nVertices;
 array Vector vertices[nVertices];
 DWORD nFaces;
 array MeshFace faces[nFaces];
 [...]
}

template ColorRGBA {
 <35ff44e0-6c7c-11cf-8f52-0040333594a3>
 FLOAT red;
 FLOAT green;
 FLOAT blue;
 FLOAT alpha;
}

template ColorRGB {
 <d3e16e81-7835-11cf-8f52-0040333594a3>
 FLOAT red;
 FLOAT green;
 FLOAT blue;
}

template Material {
 <3d82ab4d-62da-11cf-ab39-0020af71e433>
 ColorRGBA faceColor;
 FLOAT power;
 ColorRGB specularColor;
 ColorRGB emissiveColor;
 [...]
}

template MeshMaterialList {
 <f6f23f42-7686-11cf-8f52-0040333594a3>
 DWORD nMaterials;
 DWORD nFaceIndexes;
 array DWORD faceIndexes[nFaceIndexes];
 [Material <3d82ab4d-62da-11cf-ab39-0020af71e433>]
}

template VertexElement {
 <f752461c-1e23-48f6-b9f8-8350850f336f>
 DWORD Type;
 DWORD Method;
 DWORD Usage;
 DWORD UsageIndex;
}

template DeclData {
 <bf22e553-292c-4781-9fea-62bd554bdd93>
 DWORD nElements;
 array VertexElement Elements[nElements];
 DWORD nDWords;
 array DWORD data[nDWords];
}

template XSkinMeshHeader {
 <3cf169ce-ff7c-44ab-93c0-f78f62d172e2>
 WORD nMaxSkinWeightsPerVertex;
 WORD nMaxSkinWeightsPerFace;
 WORD nBones;
}

template SkinWeights {
 <6f0d123b-bad2-4167-a0d0-80224f25fabb>
 STRING transformNodeName;
 DWORD nWeights;
 array DWORD vertexIndices[nWeights];
 array FLOAT weights[nWeights];
 Matrix4x4 matrixOffset;
}

template AnimTicksPerSecond {
 <9e415a43-7ba6-4a73-8743-b73d47e88476>
 DWORD AnimTicksPerSecond;
}

template Animation {
 <3d82ab4f-62da-11cf-ab39-0020af71e433>
 [...]
}

template AnimationSet {
 <3d82ab50-62da-11cf-ab39-0020af71e433>
 [Animation <3d82ab4f-62da-11cf-ab39-0020af71e433>]
}

template FloatKeys {
 <10dd46a9-775b-11cf-8f52-0040333594a3>
 DWORD nValues;
 array FLOAT values[nValues];
}

template TimedFloatKeys {
 <f406b180-7b3b-11cf-8f52-0040333594a3>
 DWORD time;
 FloatKeys tfkeys;
}

template AnimationKey {
 <10dd46a8-775b-11cf-8f52-0040333594a3>
 DWORD keyType;
 DWORD nKeys;
 array TimedFloatKeys keys[nKeys];
}


Frame Bip001 {
 

 FrameTransformMatrix {
  0.766045,0.000000,0.642788,0.000000,-0.000000,1.000000,0.000000,0.000000,-0.642788,-0.000000,0.766045,0.000000,0.000000,117.424845,-0.000000,1.000000;;
 }

 Frame Bip001_Pelvis {
  

  FrameTransformMatrix {
   -0.000000,0.998788,0.049211,0.000000,-0.000001,-0.049211,0.998789,0.000000,1.000000,-0.000000,0.000001,0.000000,0.000000,0.000000,0.000000,1.000000;;
  }

  Frame Bip001_Spine {
   

   FrameTransformMatrix {
    0.984651,-0.039563,0.169993,0.000000,0.058772,0.992248,-0.109498,0.000000,-0.164344,0.117808,0.979343,0.000000,14.246781,-0.703361,-0.012578,1.000000;;
   }

   Frame Bip001_Spine1 {
    

    FrameTransformMatrix {
     0.998973,0.038831,-0.023341,0.000000,-0.036688,0.995609,0.086119,0.000000,0.026582,-0.085175,0.996011,0.000000,16.121888,0.001093,-0.012787,1.000000;;
    }

    Frame Bip001_Spine2 {
     

     FrameTransformMatrix {
      0.997659,0.006998,-0.068025,0.000000,-0.000433,0.995377,0.096041,0.000000,0.068383,-0.095787,0.993050,0.000000,16.121323,0.001230,-0.012747,1.000000;;
     }

     Frame Bip001_Spine3 {
      

      FrameTransformMatrix {
       0.986476,-0.104584,-0.126207,0.000000,0.108928,0.993655,0.028000,0.000000,0.122478,-0.041369,0.991609,0.000000,16.120651,0.000531,-0.012730,1.000000;;
      }

      Frame Bip001_Neck {
       

       FrameTransformMatrix {
        0.899240,0.000001,0.437456,0.000000,-0.000001,1.000000,-0.000000,0.000000,-0.437456,-0.000000,0.899240,0.000000,16.125474,-0.000002,-0.006661,1.000000;;
       }

       Frame Bip001_L_Clavicle {
        

        FrameTransformMatrix {
         -0.240080,0.970663,-0.013237,0.000000,0.867825,0.208495,-0.451009,0.000000,-0.435018,-0.119766,-0.892421,0.000000,0.000000,4.340599,0.007401,1.000000;;
        }

        Frame Bip001_L_UpperArm {
         

         FrameTransformMatrix {
          0.762045,-0.232226,-0.604449,0.000000,0.293123,0.956072,0.002230,0.000000,0.577379,-0.178877,0.796641,0.000000,16.122221,0.000000,0.000000,1.000000;;
         }

         Frame Bip001_L_Forearm {
          

          FrameTransformMatrix {
           0.586665,0.000000,-0.809829,0.000000,-0.000000,1.000000,-0.000000,0.000000,0.809829,-0.000000,0.586666,0.000000,44.136822,0.000000,0.000000,1.000000;;
          }

          Frame Bip001_L_Hand {
           

           FrameTransformMatrix {
            0.994184,-0.020071,0.105808,0.000000,-0.100164,-0.533265,0.839998,0.000000,0.039565,-0.845711,-0.532173,0.000000,37.683366,0.000000,0.000004,1.000000;;
           }

           Frame Bip001_L_Finger0 {
            

            FrameTransformMatrix {
             0.507051,-0.208417,0.836338,0.000000,0.787258,0.507013,-0.350946,0.000000,-0.350891,0.836362,0.421159,0.000000,4.289879,-5.456848,2.394791,1.000000;;
            }

            Frame Bip001_L_Finger01 {
             

             FrameTransformMatrix {
              0.845231,0.000000,0.534402,0.000000,0.000000,1.000000,0.000000,0.000000,-0.534402,0.000000,0.845231,0.000000,3.875538,0.000000,-0.000015,1.000000;;
             }

             Frame Bip001_L_Finger02 {
              

              FrameTransformMatrix {
               0.717331,-0.000000,0.696733,0.000000,0.000000,1.000000,0.000000,0.000000,-0.696733,-0.000000,0.717331,0.000000,3.875534,-0.000004,0.000000,1.000000;;
              }

              Frame Bip001_L_Finger0Nub {
               

               FrameTransformMatrix {
                1.000000,0.000000,0.000000,0.000000,0.000000,1.000000,-0.000000,0.000000,0.000000,-0.000000,1.000000,0.000000,3.875534,0.000000,0.000002,1.000000;;
               }
              }
             }
            }
           }

           Frame Bip001_L_Finger1 {
            

            FrameTransformMatrix {
             0.918251,-0.000315,0.395999,0.000000,0.000000,1.000000,0.000796,0.000000,-0.396000,-0.000731,0.918250,0.000000,11.734276,-5.461197,-0.417755,1.000000;;
            }

            Frame Bip001_L_Finger11 {
             

             FrameTransformMatrix {
              0.361810,0.000000,0.932252,0.000000,0.000000,1.000000,0.000000,0.000000,-0.932252,0.000000,0.361810,0.000000,4.650650,0.000000,-0.000015,1.000000;;
             }

             Frame Bip001_L_Finger12 {
              

              FrameTransformMatrix {
               0.141925,0.000000,0.989877,0.000000,0.000000,1.000000,0.000000,0.000000,-0.989878,0.000000,0.141925,0.000000,4.650665,0.000000,0.000000,1.000000;;
              }

              Frame Bip001_L_Finger1Nub {
               

               FrameTransformMatrix {
                1.000000,0.000000,0.000000,0.000000,-0.000000,1.000000,0.000000,0.000000,-0.000000,0.000000,1.000000,0.000000,4.650642,-0.000015,0.000008,1.000000;;
               }
              }
             }
            }
           }

           Frame Bip001_L_Finger2 {
            

            FrameTransformMatrix {
             0.924595,0.042567,0.378566,0.000000,-0.054546,0.998291,0.020970,0.000000,-0.377027,-0.040038,0.925337,0.000000,11.686767,-1.501312,-0.364792,1.000000;;
            }

            Frame Bip001_L_Finger21 {
             

             FrameTransformMatrix {
              0.348076,0.000000,0.937466,0.000000,0.000000,1.000000,0.000000,0.000000,-0.937466,-0.000000,0.348076,0.000000,4.698433,0.000015,0.000015,1.000000;;
             }

             Frame Bip001_L_Finger22 {
              

              FrameTransformMatrix {
               0.030602,-0.000000,0.999532,0.000000,0.000000,1.000000,-0.000000,0.000000,-0.999532,0.000000,0.030602,0.000000,5.425743,0.000000,-0.000008,1.000000;;
              }

              Frame Bip001_L_Finger2Nub {
               

               FrameTransformMatrix {
                1.000000,-0.000000,0.000000,0.000000,0.000000,1.000000,0.000000,0.000000,-0.000000,0.000000,1.000000,0.000000,5.425758,0.000000,0.000000,1.000000;;
               }
              }
             }
            }
           }

           Frame Bip001_L_Finger3 {
            

            FrameTransformMatrix {
             0.935966,0.064664,0.346102,0.000000,-0.084190,0.995578,0.041667,0.000000,-0.341878,-0.068137,0.937271,0.000000,11.686195,1.606110,-0.362900,1.000000;;
            }

            Frame Bip001_L_Finger31 {
             

             FrameTransformMatrix {
              0.419784,0.000000,0.907624,0.000000,-0.000000,1.000000,0.000000,0.000000,-0.907624,0.000000,0.419784,0.000000,4.316547,0.000000,0.000000,1.000000;;
             }

             Frame Bip001_L_Finger32 {
              

              FrameTransformMatrix {
               0.000102,0.000000,1.000000,0.000000,0.000000,1.000000,0.000000,0.000000,-1.000000,0.000000,0.000102,0.000000,4.650642,0.000015,0.000008,1.000000;;
              }

              Frame Bip001_L_Finger3Nub {
               

               FrameTransformMatrix {
                1.000000,-0.000000,-0.000000,0.000000,-0.000000,1.000000,-0.000000,0.000000,-0.000000,0.000000,1.000000,0.000000,4.650650,0.000000,-0.000008,1.000000;;
               }
              }
             }
            }
           }

           Frame Bip001_L_Finger4 {
            

            FrameTransformMatrix {
             0.752888,0.029285,0.657497,0.000000,-0.043233,0.999052,0.005008,0.000000,-0.656728,-0.032196,0.753440,0.000000,10.216782,4.386826,-0.631805,1.000000;;
            }

            Frame Bip001_L_Finger41 {
             

             FrameTransformMatrix {
              0.392584,0.000000,0.919716,0.000000,0.000000,1.000000,0.000000,0.000000,-0.919716,0.000000,0.392584,0.000000,3.003708,0.000000,0.000015,1.000000;;
             }

             Frame Bip001_L_Finger42 {
              

              FrameTransformMatrix {
               0.022317,0.000000,0.999751,0.000000,-0.000000,1.000000,0.000000,0.000000,-0.999751,0.000000,0.022317,0.000000,3.003738,0.000015,0.000000,1.000000;;
              }

              Frame Bip001_L_Finger4Nub {
               

               FrameTransformMatrix {
                1.000000,-0.000000,-0.000000,0.000000,0.000000,1.000000,-0.000000,0.000000,0.000000,-0.000000,1.000000,0.000000,3.003712,-0.000015,0.000015,1.000000;;
               }
              }
             }
            }
           }
          }
         }
        }
       }

       Frame Bip001_R_Clavicle {
        

        FrameTransformMatrix {
         -0.144915,-0.989409,-0.008302,0.000000,-0.887687,0.126301,0.442787,0.000000,-0.437049,0.071536,-0.896588,0.000000,0.000015,-4.340598,0.007416,1.000000;;
        }

        Frame Bip001_R_UpperArm {
         

         FrameTransformMatrix {
          0.614151,0.379145,-0.692147,0.000000,-0.214965,0.924242,0.315541,0.000000,0.759347,-0.045003,0.649128,0.000000,16.122226,0.000000,0.000000,1.000000;;
         }

         Frame Bip001_R_Forearm {
          

          FrameTransformMatrix {
           0.299269,-0.000000,-0.954169,0.000000,0.000000,1.000000,-0.000000,0.000000,0.954169,0.000000,0.299268,0.000000,44.136813,-0.000015,-0.000004,1.000000;;
          }

          Frame Bip001_R_Hand {
           

           FrameTransformMatrix {
            0.994184,0.020071,0.105808,0.000000,0.101502,-0.502998,-0.858307,0.000000,0.035995,0.864055,-0.502109,0.000000,37.683373,0.000000,0.000008,1.000000;;
           }

           Frame Bip001_R_Finger0 {
            

            FrameTransformMatrix {
             0.507051,0.208417,0.836338,0.000000,-0.787258,0.507013,0.350946,0.000000,-0.350891,-0.836362,0.421159,0.000000,4.289879,5.456848,2.394806,1.000000;;
            }

            Frame Bip001_R_Finger01 {
             

             FrameTransformMatrix {
              0.845231,-0.000000,0.534402,0.000000,-0.000000,1.000000,0.000000,0.000000,-0.534402,-0.000000,0.845231,0.000000,3.875542,0.000004,0.000015,1.000000;;
             }

             Frame Bip001_R_Finger02 {
              

              FrameTransformMatrix {
               0.717331,0.000000,0.696733,0.000000,0.000000,1.000000,0.000000,0.000000,-0.696733,-0.000000,0.717331,0.000000,3.875549,0.000004,0.000000,1.000000;;
              }

              Frame Bip001_R_Finger0Nub {
               

               FrameTransformMatrix {
                -1.000000,-0.000000,0.000000,0.000000,0.000000,1.000000,0.000000,0.000000,0.000000,-0.000000,-1.000000,0.000000,3.875519,-0.000004,-0.000002,1.000000;;
               }
              }
             }
            }
           }

           Frame Bip001_R_Finger1 {
            

            FrameTransformMatrix {
             0.918251,0.000315,0.396000,0.000000,-0.000000,1.000000,-0.000796,0.000000,-0.396000,0.000731,0.918250,0.000000,11.734268,5.461204,-0.417755,1.000000;;
            }

            Frame Bip001_R_Finger11 {
             

             FrameTransformMatrix {
              0.361810,0.000000,0.932252,0.000000,-0.000000,1.000000,0.000000,0.000000,-0.932252,-0.000000,0.361810,0.000000,4.650650,-0.000023,0.000000,1.000000;;
             }

             Frame Bip001_R_Finger12 {
              

              FrameTransformMatrix {
               0.141925,-0.000000,0.989877,0.000000,-0.000000,1.000000,0.000000,0.000000,-0.989877,0.000000,0.141925,0.000000,4.650635,0.000000,0.000004,1.000000;;
              }

              Frame Bip001_R_Finger1Nub {
               

               FrameTransformMatrix {
                -1.000000,0.000000,-0.000000,0.000000,0.000000,1.000000,0.000000,0.000000,-0.000000,0.000000,-1.000000,0.000000,4.650646,0.000008,0.000000,1.000000;;
               }
              }
             }
            }
           }

           Frame Bip001_R_Finger2 {
            

            FrameTransformMatrix {
             0.924595,-0.042567,0.378566,0.000000,0.054546,0.998291,-0.020970,0.000000,-0.377027,0.040038,0.925337,0.000000,11.686764,1.501312,-0.364777,1.000000;;
            }

            Frame Bip001_R_Finger21 {
             

             FrameTransformMatrix {
              0.348076,-0.000000,0.937466,0.000000,0.000000,1.000000,0.000000,0.000000,-0.937466,-0.000000,0.348076,0.000000,4.698433,0.000000,0.000015,1.000000;;
             }

             Frame Bip001_R_Finger22 {
              

              FrameTransformMatrix {
               0.030602,-0.000000,0.999532,0.000000,0.000000,1.000000,-0.000000,0.000000,-0.999532,0.000000,0.030602,0.000000,5.425736,0.000000,0.000004,1.000000;;
              }

              Frame Bip001_R_Finger2Nub {
               

               FrameTransformMatrix {
                -1.000000,0.000000,-0.000000,0.000000,-0.000000,1.000000,0.000000,0.000000,0.000000,-0.000000,-1.000000,0.000000,5.425751,0.000000,0.000000,1.000000;;
               }
              }
             }
            }
           }

           Frame Bip001_R_Finger3 {
            

            FrameTransformMatrix {
             0.935966,-0.064664,0.346102,0.000000,0.084190,0.995578,-0.041667,0.000000,-0.341878,0.068137,0.937271,0.000000,11.686195,-1.606094,-0.362915,1.000000;;
            }

            Frame Bip001_R_Finger31 {
             

             FrameTransformMatrix {
              0.419784,-0.000000,0.907624,0.000000,0.000000,1.000000,0.000000,0.000000,-0.907624,0.000000,0.419784,0.000000,4.316536,0.000015,-0.000015,1.000000;;
             }

             Frame Bip001_R_Finger32 {
              

              FrameTransformMatrix {
               0.000102,-0.000000,1.000000,0.000000,0.000000,1.000000,0.000000,0.000000,-1.000000,0.000000,0.000102,0.000000,4.650658,-0.000031,0.000000,1.000000;;
              }

              Frame Bip001_R_Finger3Nub {
               

               FrameTransformMatrix {
                -1.000000,0.000000,-0.000000,0.000000,0.000000,1.000000,-0.000000,0.000000,0.000000,0.000000,-1.000000,0.000000,4.650650,0.000015,0.000008,1.000000;;
               }
              }
             }
            }
           }

           Frame Bip001_R_Finger4 {
            

            FrameTransformMatrix {
             0.752888,-0.029284,0.657497,0.000000,0.043233,0.999053,-0.005008,0.000000,-0.656728,0.032196,0.753440,0.000000,10.216782,-4.386826,-0.631805,1.000000;;
            }

            Frame Bip001_R_Finger41 {
             

             FrameTransformMatrix {
              0.392584,0.000000,0.919716,0.000000,0.000000,1.000000,-0.000000,0.000000,-0.919716,-0.000000,0.392584,0.000000,3.003704,0.000000,0.000000,1.000000;;
             }

             Frame Bip001_R_Finger42 {
              

              FrameTransformMatrix {
               0.022317,0.000000,0.999751,0.000000,0.000000,1.000000,0.000000,0.000000,-0.999751,0.000000,0.022317,0.000000,3.003708,-0.000008,0.000004,1.000000;;
              }

              Frame Bip001_R_Finger4Nub {
               

               FrameTransformMatrix {
                -1.000000,-0.000000,0.000000,0.000000,0.000000,1.000000,-0.000000,0.000000,-0.000000,0.000000,-1.000000,0.000000,3.003712,0.000000,0.000000,1.000000;;
               }
              }
             }
            }
           }
          }
         }
        }
       }

       Frame Bip001_Head {
        

        FrameTransformMatrix {
         0.879956,0.091766,-0.466107,0.000000,-0.432758,0.559560,-0.706833,0.000000,0.195952,0.823694,0.532101,0.000000,15.765397,-0.911513,-0.005142,1.000000;;
        }

        Frame Bip001_HeadNub {
         

         FrameTransformMatrix {
          1.000000,0.000000,0.000000,0.000000,-0.000000,1.000000,-0.000000,0.000000,0.000000,0.000000,1.000000,0.000000,29.144013,0.000002,0.000000,1.000000;;
         }
        }
       }
      }
     }
    }
   }

   Frame Bip001_L_Thigh {
    

    FrameTransformMatrix {
     -0.741492,0.278462,0.610449,0.000000,-0.026158,-0.921118,0.388404,0.000000,0.670452,0.272030,0.690286,0.000000,-14.544456,12.164782,3.897591,1.000000;;
    }

    Frame Bip001_L_Calf {
     

     FrameTransformMatrix {
      0.937888,-0.000000,-0.346937,0.000000,0.000000,1.000000,0.000000,0.000000,0.346937,0.000000,0.937888,0.000000,54.040710,-0.000002,0.000000,1.000000;;
     }

     Frame Bip001_L_Foot {
      

      FrameTransformMatrix {
       0.971541,0.105869,-0.211897,0.000000,-0.050537,0.966607,0.251230,0.000000,0.231418,-0.233372,0.944449,0.000000,58.826867,0.000000,0.000000,1.000000;;
      }

      Frame Bip001_L_Toe0 {
       

       FrameTransformMatrix {
        0.000000,-0.000000,1.000000,0.000000,-0.000000,1.000000,0.000000,0.000000,-1.000000,-0.000000,0.000000,0.000000,14.261971,0.000001,18.354526,1.000000;;
       }

       Frame Bip001_L_Toe01 {
        

        FrameTransformMatrix {
         1.000000,-0.000000,0.000000,0.000000,0.000000,1.000000,0.000000,0.000000,0.000000,0.000000,1.000000,0.000000,1.860260,0.000000,-0.000000,1.000000;;
        }

        Frame Bip001_L_Toe02 {
         

         FrameTransformMatrix {
          1.000000,-0.000000,0.000000,0.000000,0.000000,1.000000,0.000000,0.000000,0.000000,0.000000,1.000000,0.000000,1.860260,0.000000,0.000000,1.000000;;
         }

         Frame Bip001_L_Toe0Nub {
          

          FrameTransformMatrix {
           -1.000000,-0.000000,-0.000000,0.000000,0.000000,1.000000,-0.000000,0.000000,-0.000000,0.000000,-1.000000,0.000000,1.860252,0.000000,0.000000,1.000000;;
          }
         }
        }
       }
      }
     }
    }
   }

   Frame Bip001_R_Thigh {
    

    FrameTransformMatrix {
     -0.938448,-0.270622,0.214660,0.000000,0.201777,-0.933881,-0.295217,0.000000,0.280359,-0.233733,0.931004,0.000000,-13.563141,-12.446355,0.975500,1.000000;;
    }

    Frame Bip001_R_Calf {
     

     FrameTransformMatrix {
      0.834430,0.000000,-0.551114,0.000000,0.000000,1.000000,-0.000000,0.000000,0.551114,-0.000000,0.834430,0.000000,53.736070,0.000004,0.000002,1.000000;;
     }

     Frame Bip001_R_Foot {
      

      FrameTransformMatrix {
       0.858659,-0.233268,0.456388,0.000000,0.342768,0.923363,-0.172945,0.000000,-0.381070,0.304936,0.872811,0.000000,59.151962,0.000000,0.000000,1.000000;;
      }

      Frame Bip001_R_Toe0 {
       

       FrameTransformMatrix {
        0.000000,-0.000000,1.000000,0.000000,-0.000000,1.000000,0.000000,0.000000,-1.000000,-0.000000,0.000000,0.000000,14.261973,0.000000,18.354526,1.000000;;
       }

       Frame Bip001_R_Toe01 {
        

        FrameTransformMatrix {
         1.000000,-0.000000,0.000000,0.000000,-0.000000,1.000000,0.000000,0.000000,0.000000,0.000000,1.000000,0.000000,1.860257,-0.000004,0.000000,1.000000;;
        }

        Frame Bip001_R_Toe02 {
         

         FrameTransformMatrix {
          1.000000,-0.000000,0.000000,0.000000,-0.000000,1.000000,0.000000,0.000000,0.000000,0.000000,1.000000,0.000000,1.860257,0.000000,0.000000,1.000000;;
         }

         Frame Bip001_R_Toe0Nub {
          

          FrameTransformMatrix {
           1.000000,-0.000000,0.000000,0.000000,-0.000000,1.000000,0.000000,0.000000,0.000000,0.000000,1.000000,0.000000,1.860256,0.000004,0.000000,1.000000;;
          }
         }
        }
       }
      }
     }
    }
   }
  }
 }
}

Frame Box001 {
 

 FrameTransformMatrix {
  0.667112,0.000000,0.000000,0.000000,0.000000,0.696682,0.000000,0.000000,0.000000,0.000000,0.492662,0.000000,0.000000,0.000000,0.000000,1.000000;;
 }

 Mesh Box001 {
  24;
  44.461651;21.196259;212.279642;,
  40.400822;20.303066;210.362509;,
  43.107443;19.984682;208.700365;,
  41.755027;21.514643;213.941786;,
  44.321907;22.946096;211.192128;,
  40.261075;22.052906;209.274982;,
  41.615280;23.264483;212.854259;,
  42.967702;21.734522;207.612838;,
  44.461651;21.196259;212.279642;,
  41.615280;23.264483;212.854259;,
  41.755027;21.514643;213.941786;,
  44.321907;22.946096;211.192128;,
  41.755027;21.514643;213.941786;,
  40.261075;22.052906;209.274982;,
  40.400822;20.303066;210.362509;,
  41.615280;23.264483;212.854259;,
  40.400822;20.303066;210.362509;,
  42.967702;21.734522;207.612838;,
  43.107443;19.984682;208.700365;,
  40.261075;22.052906;209.274982;,
  43.107443;19.984682;208.700365;,
  44.321907;22.946096;211.192128;,
  44.461651;21.196259;212.279642;,
  42.967702;21.734522;207.612838;;
  12;
  3;0,1,2;,
  3;1,0,3;,
  3;4,5,6;,
  3;5,4,7;,
  3;8,9,10;,
  3;9,8,11;,
  3;12,13,14;,
  3;13,12,15;,
  3;16,17,18;,
  3;17,16,19;,
  3;20,21,22;,
  3;21,20,23;;

  MeshMaterialList {
   1;
   12;
   0,
   0,
   0,
   0,
   0,
   0,
   0,
   0,
   0,
   0,
   0,
   0;

   Material  {
    0.529412;0.231373;0.031373;1.000000;;
    0.000000;
    0.000000;0.000000;0.000000;;
    0.000000;0.000000;0.000000;;
   }
  }

  DeclData {
   2;
   2;0;3;0;,
   1;0;5;0;;
   120;
   1032772736,
   3212041909,
   1050121709,
   1065353216,
   1065353216,
   1032772736,
   3212041909,
   1050121709,
   0,
   0,
   1032772736,
   3212041909,
   1050121710,
   1065353216,
   0,
   1032772736,
   3212041909,
   1050121710,
   0,
   1065353216,
   3180256317,
   1064558261,
   3197605358,
   0,
   1065353216,
   3180256323,
   1064558262,
   3197605355,
   1065353216,
   0,
   3180256299,
   1064558260,
   3197605366,
   1065353216,
   1065353216,
   3180256339,
   1064558263,
   3197605346,
   0,
   0,
   1056902076,
   1056496727,
   1060623042,
   0,
   1065353216,
   1056902077,
   1056496729,
   1060623040,
   1065353216,
   0,
   1056902080,
   1056496732,
   1060623038,
   1065353216,
   1065353216,
   1056902075,
   1056496722,
   1060623044,
   0,
   0,
   3211851905,
   1039618013,
   1050765673,
   0,
   1065353216,
   3211851905,
   1039618013,
   1050765673,
   1065353216,
   0,
   3211851905,
   1039618012,
   1050765673,
   1065353216,
   1065353216,
   3211851905,
   1039618012,
   1050765673,
   0,
   0,
   3204385718,
   3203980373,
   3208106692,
   0,
   1065353216,
   3204385724,
   3203980366,
   3208106693,
   1065353216,
   0,
   3204385734,
   3203980355,
   3208106693,
   1065353216,
   1065353216,
   3204385710,
   3203980384,
   3208106691,
   0,
   0,
   1064368256,
   3187101894,
   3198249303,
   0,
   1065353216,
   1064368256,
   3187101899,
   3198249302,
   1065353216,
   0,
   1064368256,
   3187101902,
   3198249302,
   1065353216,
   1065353216,
   1064368256,
   3187101890,
   3198249304,
   0,
   0;
  }

  XSkinMeshHeader {
   1;
   1;
   1;
  }

  SkinWeights {
   "Bip001_L_Toe0Nub";
   24;
   0,
   1,
   2,
   3,
   4,
   5,
   6,
   7,
   8,
   9,
   10,
   11,
   12,
   13,
   14,
   15,
   16,
   17,
   18,
   19,
   20,
   21,
   22,
   23;
   1.000000,
   1.000000,
   1.000000,
   1.000000,
   1.000000,
   1.000000,
   1.000000,
   1.000000,
   1.000000,
   1.000000,
   1.000000,
   1.000000,
   1.000000,
   1.000000,
   1.000000,
   1.000000,
   1.000000,
   1.000000,
   1.000000,
   1.000000,
   1.000000,
   1.000000,
   1.000000,
   1.000000;
   -0.091215,0.660819,0.006008,0.000000,-0.007221,0.005336,-0.696624,0.000000,-0.488008,-0.067403,0.004543,0.000000,76.506656,9.114415,0.105411,1.000000;;
  }
 }
}

AnimTicksPerSecond  {
 4800;
}

AnimationSet Anim1 {
 

 Animation {
  
  { Bip001 }

  AnimationKey S {
   1;
   2;
   0;3;1.000000,1.000000,1.000000;;,
   6400;3;1.000000,1.000000,1.000000;;;
  }

  AnimationKey R {
   0;
   41;
   0;4;0.939693,-0.000000,0.342020,-0.000000;;,
   160;4;0.939689,0.000972,0.342019,-0.002671;;,
   320;4;0.939677,0.002006,0.342014,-0.005510;;,
   480;4;0.939659,0.002917,0.342008,-0.008013;;,
   640;4;0.939643,0.003522,0.342002,-0.009676;;,
   800;4;0.942523,0.003805,0.333957,-0.010475;;,
   960;4;0.948089,0.003899,0.317798,-0.010780;;,
   1120;4;0.952086,0.003852,0.305620,-0.010683;;,
   1280;4;0.950776,0.003711,0.309687,-0.010284;;,
   1440;4;0.939643,0.003522,0.342002,-0.009676;;,
   1600;4;0.903229,0.002716,0.429074,-0.008131;;,
   1760;4;0.832319,0.001393,0.554266,-0.005608;;,
   1920;4;0.743533,0.000612,0.668691,-0.003330;;,
   2080;4;0.675070,0.001386,0.737748,-0.002613;;,
   2240;4;0.642804,0.002297,0.766018,-0.003810;;,
   2400;4;0.627058,0.002087,0.778946,-0.006084;;,
   2560;4;0.621549,0.001896,0.783322,-0.008919;;,
   2720;4;0.619264,0.002862,0.785089,-0.011801;;,
   2880;4;0.612988,0.006123,0.789941,-0.014213;;,
   3040;4;0.595273,0.012809,0.803269,-0.015635;;,
   3200;4;0.557912,0.024030,0.829407,-0.015517;;,
   3360;4;0.490245,0.043302,0.870403,-0.013524;;,
   3520;4;0.392975,0.070342,0.916802,-0.009854;;,
   3680;4;0.276097,0.100338,0.955866,-0.004842;;,
   3840;4;0.152941,0.128628,0.979828,0.001003;;,
   4000;4;0.038958,0.151278,0.987698,0.007065;;,
   4160;4;-0.050308,0.165468,0.984849,0.012694;;,
   4320;4;-0.114344,0.171617,0.978317,0.019194;;,
   4480;4;-0.161846,0.172215,0.971294,0.027131;;,
   4640;4;-0.192136,0.168307,0.966203,0.034763;;,
   4800;4;-0.204591,0.160832,0.964701,0.040345;;,
   4960;4;-0.198485,0.150611,0.967547,0.042100;;,
   5120;4;-0.177512,0.138247,0.973515,0.040563;;,
   5280;4;-0.147099,0.124043,0.980591,0.037636;;,
   5440;4;-0.108996,0.108278,0.987558,0.033554;;,
   5600;4;-0.065034,0.091249,0.993292,0.028568;;,
   5760;4;-0.017134,0.073288,0.996900,0.022948;;,
   5920;4;0.032706,0.054768,0.997819,0.016977;;,
   6080;4;0.082454,0.036095,0.995881,0.010957;;,
   6240;4;0.130088,0.017697,0.991331,0.005195;;,
   6400;4;0.173648,-0.000000,0.984808,0.000000;;;
  }

  AnimationKey T {
   2;
   41;
   0;3;0.000000,117.424845,-0.000000;;,
   160;3;0.034270,117.983667,0.344236;;,
   320;3;0.091386,118.691827,0.917964;;,
   480;3;0.102809,119.101338,1.032709;;,
   640;3;0.000000,118.764224,-0.000000;;,
   800;3;-0.612522,117.343565,-3.380962;;,
   960;3;-1.684036,115.170842,-8.600702;;,
   1120;3;-2.613785,112.800730,-13.782299;;,
   1280;3;-2.801009,110.787968,-17.048822;;,
   1440;3;-1.644951,109.687168,-16.523344;;,
   1600;3;2.369396,110.275904,-10.305266;;,
   1760;3;8.690066,112.128563,0.673365;;,
   1920;3;14.817358,113.994995,14.040499;;,
   2080;3;18.251570,114.625126,27.424093;;,
   2240;3;18.875773,113.923725,40.862586;;,
   2400;3;18.457226,112.737510,55.505440;;,
   2560;3;17.322522,111.229402,70.647021;;,
   2720;3;15.798245,109.562253,85.581773;;,
   2880;3;14.210984,107.898931,99.604109;;,
   3040;3;12.887332,106.402285,112.008435;;,
   3200;3;12.153874,105.235200,122.089178;;,
   3360;3;11.917179,104.301466,129.599590;;,
   3520;3;11.876096,103.446074,134.949184;;,
   3680;3;12.045636,102.743674,138.416602;;,
   3840;3;12.440808,102.268922,140.280563;;,
   4000;3;13.076626,102.096486,140.819750;;,
   4160;3;13.968094,102.301030,140.312806;;,
   4320;3;15.035018,103.178918,139.141082;;,
   4480;3;16.180861,104.734426,137.534848;;,
   4640;3;17.396168,106.604141,135.546253;;,
   4800;3;18.671451,108.424589,133.227430;;,
   4960;3;19.997261,109.832346,130.630502;;,
   5120;3;21.364099,110.862963,127.807642;;,
   5280;3;22.762522,111.805901,124.810970;;,
   5440;3;24.183040,112.678733,121.692621;;,
   5600;3;25.616184,113.498957,118.504768;;,
   5760;3;27.052490,114.284134,115.299520;;,
   5920;3;28.482474,115.051789,112.129050;;,
   6080;3;29.896682,115.819430,109.045466;;,
   6240;3;31.285619,116.604608,106.100947;;,
   6400;3;32.639843,117.424845,103.347597;;;
  }
 }

 Animation {
  
  { Bip001_Pelvis }

  AnimationKey S {
   1;
   2;
   0;3;1.000000,1.000000,1.000000;;,
   6400;3;1.000000,1.000000,1.000000;;;
  }

  AnimationKey R {
   0;
   2;
   0;4;-0.487542,0.512155,0.487542,0.512155;;,
   6400;4;-0.487542,0.512155,0.487542,0.512155;;;
  }

  AnimationKey T {
   2;
   2;
   0;3;0.000000,0.000000,0.000000;;,
   6400;3;0.000000,0.000000,0.000000;;;
  }
 }

 Animation {
  
  { Bip001_Spine }

  AnimationKey S {
   1;
   2;
   0;3;1.000000,1.000000,1.000000;;,
   6400;3;1.000000,1.000000,1.000000;;;
  }

  AnimationKey R {
   0;
   41;
   0;4;0.994515,0.057140,0.084045,0.024719;;,
   160;4;0.994465,0.057110,0.084867,0.023999;;,
   320;4;0.994515,0.057140,0.084045,0.024719;;,
   480;4;0.994691,0.057676,0.080423,0.028195;;,
   640;4;0.994822,0.058769,0.076266,0.032542;;,
   800;4;0.994916,0.060006,0.071770,0.037282;;,
   960;4;0.994996,0.060975,0.067135,0.041938;;,
   1120;4;0.995095,0.061267,0.062560,0.046030;;,
   1280;4;0.995260,0.060472,0.058245,0.049082;;,
   1440;4;0.995537,0.058180,0.054391,0.050617;;,
   1600;4;0.995896,0.054723,0.050822,0.051130;;,
   1760;4;0.996267,0.050754,0.047236,0.051438;;,
   1920;4;0.996639,0.046349,0.043644,0.051549;;,
   2080;4;0.997004,0.041584,0.040060,0.051471;;,
   2240;4;0.997352,0.036534,0.036496,0.051212;;,
   2400;4;0.997676,0.031276,0.032963,0.050779;;,
   2560;4;0.997969,0.025886,0.029475,0.050181;;,
   2720;4;0.998229,0.020440,0.026044,0.049426;;,
   2880;4;0.998452,0.015013,0.022682,0.048523;;,
   3040;4;0.998637,0.009683,0.019402,0.047479;;,
   3200;4;0.998786,0.004525,0.016216,0.046304;;,
   3360;4;0.998900,-0.000384,0.013137,0.045006;;,
   3520;4;0.998985,-0.004968,0.010177,0.043594;;,
   3680;4;0.999046,-0.009151,0.007349,0.042076;;,
   3840;4;0.999088,-0.012858,0.004666,0.040463;;,
   4000;4;0.999118,-0.016011,0.002139,0.038762;;,
   4160;4;0.999195,-0.017285,0.000351,0.036210;;,
   4320;4;0.999349,-0.016031,-0.000354,0.032333;;,
   4480;4;0.999533,-0.013188,-0.000325,0.027576;;,
   4640;4;0.999703,-0.009693,0.000093,0.022384;;,
   4800;4;0.999831,-0.006488,0.000551,0.017205;;,
   4960;4;0.999912,-0.004512,0.000703,0.012483;;,
   5120;4;0.999960,-0.003585,0.000604,0.008143;;,
   5280;4;0.999989,-0.002872,0.000535,0.003813;;,
   5440;4;0.999997,-0.002330,0.000491,-0.000509;;,
   5600;4;0.999986,-0.001918,0.000464,-0.004826;;,
   5760;4;0.999957,-0.001590,0.000450,-0.009140;;,
   5920;4;0.999909,-0.001306,0.000442,-0.013451;;,
   6080;4;0.999842,-0.001022,0.000434,-0.017762;;,
   6240;4;0.999756,-0.000695,0.000420,-0.022075;;,
   6400;4;0.999652,-0.000282,0.000393,-0.026391;;;
  }

  AnimationKey T {
   2;
   29;
   0;3;14.246781,-0.703361,-0.012578;;,
   320;3;14.246819,-0.703360,-0.012574;;,
   480;3;14.246690,-0.703381,-0.012592;;,
   640;3;14.246582,-0.703414,-0.012605;;,
   800;3;14.246453,-0.703451,-0.012619;;,
   960;3;14.246330,-0.703481,-0.012632;;,
   1120;3;14.246224,-0.703489,-0.012647;;,
   1280;3;14.246094,-0.703470,-0.012662;;,
   1440;3;14.246018,-0.703411,-0.012681;;,
   1600;3;14.245910,-0.703315,-0.012701;;,
   1760;3;14.245834,-0.703209,-0.012721;;,
   1920;3;14.245734,-0.703087,-0.012741;;,
   2080;3;14.245643,-0.702961,-0.012758;;,
   2240;3;14.245582,-0.702827,-0.012772;;,
   2400;3;14.245499,-0.702686,-0.012794;;,
   2560;3;14.245406,-0.702538,-0.012810;;,
   2720;3;14.245331,-0.702400,-0.012810;;,
   2880;3;14.245254,-0.702259,-0.012817;;,
   3040;3;14.245178,-0.702110,-0.012848;;,
   3200;3;14.245102,-0.701981,-0.012840;;,
   3360;3;14.245026,-0.701843,-0.012840;;,
   3520;3;14.244965,-0.701729,-0.012833;;,
   3680;3;14.244880,-0.701630,-0.012833;;,
   3840;3;14.244843,-0.701508,-0.012829;;,
   4480;3;14.244758,-0.701447,-0.012833;;,
   4640;3;14.244706,-0.701599,-0.012836;;,
   4960;3;14.244714,-0.701660,-0.012840;;,
   5120;3;14.244706,-0.701767,-0.012829;;,
   6400;3;14.244706,-0.701767,-0.012835;;;
  }
 }

 Animation {
  
  { Bip001_Spine1 }

  AnimationKey S {
   1;
   2;
   0;3;1.000000,1.000000,1.000000;;,
   6400;3;1.000000,1.000000,1.000000;;;
  }

  AnimationKey R {
   0;
   41;
   0;4;0.998824,-0.042874,-0.012495,-0.018902;;,
   160;4;0.998815,-0.042943,-0.011576,-0.019747;;,
   320;4;0.998824,-0.042874,-0.012495,-0.018902;;,
   480;4;0.998829,-0.042732,-0.017030,-0.014977;;,
   640;4;0.998773,-0.042763,-0.022806,-0.010236;;,
   800;4;0.998646,-0.042817,-0.029118,-0.005082;;,
   960;4;0.998464,-0.042747,-0.035256,0.000077;;,
   1120;4;0.998267,-0.042407,-0.040513,0.004838;;,
   1280;4;0.998116,-0.041650,-0.044184,0.008794;;,
   1440;4;0.998080,-0.040331,-0.045562,0.011540;;,
   1600;4;0.998134,-0.038708,-0.045299,0.013364;;,
   1760;4;0.998207,-0.037116,-0.044548,0.014854;;,
   1920;4;0.998298,-0.035534,-0.043363,0.016059;;,
   2080;4;0.998405,-0.033936,-0.041796,0.017025;;,
   2240;4;0.998523,-0.032300,-0.039901,0.017799;;,
   2400;4;0.998649,-0.030602,-0.037729,0.018430;;,
   2560;4;0.998780,-0.028817,-0.035334,0.018964;;,
   2720;4;0.998911,-0.026923,-0.032768,0.019448;;,
   2880;4;0.999039,-0.024896,-0.030085,0.019930;;,
   3040;4;0.999159,-0.022711,-0.027336,0.020457;;,
   3200;4;0.999269,-0.020346,-0.024575,0.021077;;,
   3360;4;0.999365,-0.017777,-0.021854,0.021836;;,
   3520;4;0.999443,-0.014979,-0.019226,0.022782;;,
   3680;4;0.999501,-0.011931,-0.016744,0.023963;;,
   3840;4;0.999535,-0.008607,-0.014461,0.025425;;,
   4000;4;0.999540,-0.004984,-0.012429,0.027215;;,
   4160;4;0.999458,0.000651,-0.010937,0.031040;;,
   4320;4;0.999208,0.009069,-0.009985,0.037439;;,
   4480;4;0.998779,0.018880,-0.009195,0.044715;;,
   4640;4;0.998244,0.028696,-0.008190,0.051172;;,
   4800;4;0.997768,0.037127,-0.006595,0.055119;;,
   4960;4;0.997568,0.042788,-0.004033,0.054870;;,
   5120;4;0.997642,0.046022,-0.000616,0.050909;;,
   5280;4;0.997813,0.048231,0.003239,0.045092;;,
   5440;4;0.998025,0.049619,0.007442,0.037789;;,
   5600;4;0.998227,0.050388,0.011906,0.029371;;,
   5760;4;0.998370,0.050741,0.016544,0.020207;;,
   5920;4;0.998421,0.050884,0.021266,0.010670;;,
   6080;4;0.998359,0.051020,0.025987,0.001132;;,
   6240;4;0.998179,0.051357,0.030617,-0.008036;;,
   6400;4;0.997890,0.052100,0.035071,-0.016459;;;
  }

  AnimationKey T {
   2;
   33;
   0;3;16.121888,0.001093,-0.012787;;,
   320;3;16.121902,0.001096,-0.012789;;,
   480;3;16.121750,0.001089,-0.012783;;,
   640;3;16.121627,0.001091,-0.012775;;,
   800;3;16.121475,0.001095,-0.012770;;,
   960;3;16.121315,0.001097,-0.012758;;,
   1120;3;16.121170,0.001092,-0.012745;;,
   1600;3;16.121086,0.001079,-0.012739;;,
   1760;3;16.121078,0.000968,-0.012750;;,
   2240;3;16.121139,0.000928,-0.012757;;,
   2400;3;16.121261,0.000801,-0.012775;;,
   2720;3;16.121338,0.000761,-0.012791;;,
   2880;3;16.121459,0.000656,-0.012802;;,
   3200;3;16.121528,0.000591,-0.012810;;,
   3360;3;16.121651,0.000450,-0.012810;;,
   3680;3;16.121726,0.000397,-0.012833;;,
   3840;3;16.121842,0.000229,-0.012833;;,
   4000;3;16.121894,0.000137,-0.012836;;,
   4160;3;16.121910,0.000000,-0.012838;;,
   4320;3;16.121963,-0.000229,-0.012836;;,
   4480;3;16.121963,-0.000488,-0.012821;;,
   4640;3;16.121963,-0.000732,-0.012817;;,
   4800;3;16.121979,-0.000946,-0.012802;;,
   4960;3;16.122054,-0.001068,-0.012775;;,
   5120;3;16.122131,-0.001175,-0.012779;;,
   5280;3;16.122238,-0.001236,-0.012781;;,
   5440;3;16.122330,-0.001266,-0.012781;;,
   5600;3;16.122482,-0.001305,-0.012762;;,
   5760;3;16.122619,-0.001312,-0.012764;;,
   5920;3;16.122734,-0.001297,-0.012759;;,
   6080;3;16.122886,-0.001305,-0.012753;;,
   6240;3;16.123016,-0.001320,-0.012745;;,
   6400;3;16.123146,-0.001335,-0.012733;;;
  }
 }

 Animation {
  
  { Bip001_Spine2 }

  AnimationKey S {
   1;
   2;
   0;3;1.000000,1.000000,1.000000;;,
   6400;3;1.000000,1.000000,1.000000;;;
  }

  AnimationKey R {
   0;
   41;
   0;4;0.998259,-0.048041,-0.034161,-0.001861;;,
   160;4;0.998277,-0.048100,-0.033536,-0.002411;;,
   320;4;0.998259,-0.048041,-0.034161,-0.001861;;,
   480;4;0.998148,-0.047975,-0.037404,0.000614;;,
   640;4;0.997964,-0.048131,-0.041701,0.003516;;,
   800;4;0.997730,-0.048328,-0.046415,0.006661;;,
   960;4;0.997482,-0.048382,-0.050905,0.009860;;,
   1120;4;0.997268,-0.048112,-0.054534,0.012928;;,
   1280;4;0.997147,-0.047337,-0.056665,0.015677;;,
   1440;4;0.997178,-0.045878,-0.056659,0.017922;;,
   1600;4;0.997312,-0.043986,-0.055149,0.019821;;,
   1760;4;0.997463,-0.042033,-0.053220,0.021657;;,
   1920;4;0.997626,-0.040011,-0.050910,0.023435;;,
   2080;4;0.997798,-0.037917,-0.048260,0.025156;;,
   2240;4;0.997973,-0.035744,-0.045310,0.026823;;,
   2400;4;0.998147,-0.033487,-0.042100,0.028440;;,
   2560;4;0.998316,-0.031142,-0.038669,0.030009;;,
   2720;4;0.998475,-0.028702,-0.035058,0.031534;;,
   2880;4;0.998622,-0.026162,-0.031307,0.033017;;,
   3040;4;0.998752,-0.023517,-0.027457,0.034461;;,
   3200;4;0.998863,-0.020762,-0.023546,0.035869;;,
   3360;4;0.998954,-0.017891,-0.019615,0.037245;;,
   3520;4;0.999021,-0.014899,-0.015705,0.038590;;,
   3680;4;0.999064,-0.011782,-0.011856,0.039909;;,
   3840;4;0.999081,-0.008533,-0.008107,0.041205;;,
   4000;4;0.999074,-0.005148,-0.004500,0.042479;;,
   4160;4;0.999021,-0.000685,-0.000593,0.044239;;,
   4320;4;0.998897,0.005311,0.003866,0.046495;;,
   4480;4;0.998713,0.012111,0.008557,0.048513;;,
   4640;4;0.998504,0.018990,0.013156,0.049559;;,
   4800;4;0.998335,0.025222,0.017344,0.048901;;,
   4960;4;0.998281,0.030079,0.020799,0.045809;;,
   5120;4;0.998329,0.033735,0.023608,0.040541;;,
   5280;4;0.998398,0.036910,0.026111,0.034012;;,
   5440;4;0.998458,0.039700,0.028369,0.026473;;,
   5600;4;0.998480,0.042199,0.030441,0.018176;;,
   5760;4;0.998440,0.044502,0.032389,0.009373;;,
   5920;4;0.998321,0.046704,0.034272,0.000318;;,
   6080;4;0.998111,0.048902,0.036153,-0.008738;;,
   6240;4;0.997808,0.051193,0.038091,-0.017541;;,
   6400;4;0.997417,0.053672,0.040150,-0.025838;;;
  }

  AnimationKey T {
   2;
   30;
   0;3;16.121323,0.001230,-0.012747;;,
   480;3;16.121354,0.001230,-0.012747;;,
   640;3;16.121139,0.001237,-0.012733;;,
   800;3;16.121032,0.001246,-0.012722;;,
   960;3;16.120896,0.001251,-0.012709;;,
   1600;3;16.120850,0.001251,-0.012702;;,
   1760;3;16.120880,0.001106,-0.012719;;,
   2080;3;16.120926,0.001057,-0.012728;;,
   2240;3;16.121064,0.000945,-0.012753;;,
   2560;3;16.121155,0.000889,-0.012756;;,
   2720;3;16.121323,0.000763,-0.012794;;,
   2880;3;16.121429,0.000698,-0.012794;;,
   3200;3;16.121522,0.000622,-0.012802;;,
   3360;3;16.121720,0.000484,-0.012833;;,
