xof 0303txt 0032
template Frame {
 <3d82ab46-62da-11cf-ab39-0020af71e433>
 [...]
}

template Matrix4x4 {
 <f6f23f45-7686-11cf-8f52-0040333594a3>
 array FLOAT matrix[16];
}

template FrameTransformMatrix {
 <f6f23f41-7686-11cf-8f52-0040333594a3>
 Matrix4x4 frameMatrix;
}

template Vector {
 <3d82ab5e-62da-11cf-ab39-0020af71e433>
 FLOAT x;
 FLOAT y;
 FLOAT z;
}

template MeshFace {
 <3d82ab5f-62da-11cf-ab39-0020af71e433>
 DWORD nFaceVertexIndices;
 array DWORD faceVertexIndices[nFaceVertexIndices];
}

template Mesh {
 <3d82ab44-62da-11cf-ab39-0020af71e433>
 DWORD nVertices;
 array Vector vertices[nVertices];
 DWORD nFaces;
 array MeshFace faces[nFaces];
 [...]
}

template ColorRGBA {
 <35ff44e0-6c7c-11cf-8f52-0040333594a3>
 FLOAT red;
 FLOAT green;
 FLOAT blue;
 FLOAT alpha;
}

template ColorRGB {
 <d3e16e81-7835-11cf-8f52-0040333594a3>
 FLOAT red;
 FLOAT green;
 FLOAT blue;
}

template Material {
 <3d82ab4d-62da-11cf-ab39-0020af71e433>
 ColorRGBA faceColor;
 FLOAT power;
 ColorRGB specularColor;
 ColorRGB emissiveColor;
 [...]
}

template MeshMaterialList {
 <f6f23f42-7686-11cf-8f52-0040333594a3>
 DWORD nMaterials;
 DWORD nFaceIndexes;
 array DWORD faceIndexes[nFaceIndexes];
 [Material <3d82ab4d-62da-11cf-ab39-0020af71e433>]
}

template VertexElement {
 <f752461c-1e23-48f6-b9f8-8350850f336f>
 DWORD Type;
 DWORD Method;
 DWORD Usage;
 DWORD UsageIndex;
}

template DeclData {
 <bf22e553-292c-4781-9fea-62bd554bdd93>
 DWORD nElements;
 array VertexElement Elements[nElements];
 DWORD nDWords;
 array DWORD data[nDWords];
}

template XSkinMeshHeader {
 <3cf169ce-ff7c-44ab-93c0-f78f62d172e2>
 WORD nMaxSkinWeightsPerVertex;
 WORD nMaxSkinWeightsPerFace;
 WORD nBones;
}

template SkinWeights {
 <6f0d123b-bad2-4167-a0d0-80224f25fabb>
 STRING transformNodeName;
 DWORD nWeights;
 array DWORD vertexIndices[nWeights];
 array FLOAT weights[nWeights];
 Matrix4x4 matrixOffset;
}

template AnimTicksPerSecond {
 <9e415a43-7ba6-4a73-8743-b73d47e88476>
 DWORD AnimTicksPerSecond;
}

template Animation {
 <3d82ab4f-62da-11cf-ab39-0020af71e433>
 [...]
}

template AnimationSet {
 <3d82ab50-62da-11cf-ab39-0020af71e433>
 [Animation <3d82ab4f-62da-11cf-ab39-0020af71e433>]
}

template FloatKeys {
 <10dd46a9-775b-11cf-8f52-0040333594a3>
 DWORD nValues;
 array FLOAT values[nValues];
}

template TimedFloatKeys {
 <f406b180-7b3b-11cf-8f52-0040333594a3>
 DWORD time;
 FloatKeys tfkeys;
}

template AnimationKey {
 <10dd46a8-775b-11cf-8f52-0040333594a3>
 DWORD keyType;
 DWORD nKeys;
 array TimedFloatKeys keys[nKeys];
}


Frame Bip001 {
 

 FrameTransformMatrix {
  -0.173648,-0.000000,0.984808,0.000000,0.000000,1.000000,0.000000,0.000000,-0.984808,0.000000,-0.173648,0.000000,-0.000000,116.176166,0.000000,1.000000;;
 }

 Frame Bip001_Pelvis {
  

  FrameTransformMatrix {
   -0.000000,0.998788,0.049211,0.000000,-0.000001,-0.049211,0.998788,0.000000,1.000000,-0.000000,0.000001,0.000000,0.000000,0.000000,0.000000,1.000000;;
  }

  Frame Bip001_Spine {
   

   FrameTransformMatrix {
    0.999502,0.031535,0.000843,0.000000,-0.031540,0.999481,0.006597,0.000000,-0.000635,-0.006620,0.999978,0.000000,14.244698,-0.701760,-0.012844,1.000000;;
   }

   Frame Bip001_Spine1 {
    

    FrameTransformMatrix {
     0.998385,0.015266,-0.054726,0.000000,-0.004749,0.982279,0.187365,0.000000,0.056617,-0.186802,0.980765,0.000000,16.121491,0.002398,-0.012591,1.000000;;
    }

    Frame Bip001_Spine2 {
     

     FrameTransformMatrix {
      0.999543,-0.007353,-0.029336,0.000000,0.013459,0.976791,0.213770,0.000000,0.027083,-0.214067,0.976444,0.000000,16.121856,0.002748,-0.012535,1.000000;;
     }

     Frame Bip001_Spine3 {
      

      FrameTransformMatrix {
       0.994797,-0.054710,0.085937,0.000000,0.047378,0.995241,0.085150,0.000000,-0.090186,-0.080636,0.992655,0.000000,16.123398,0.001035,-0.012743,1.000000;;
      }

      Frame Bip001_Neck {
       

       FrameTransformMatrix {
        0.926787,0.000001,0.375587,0.000000,-0.000001,1.000000,-0.000000,0.000000,-0.375587,-0.000000,0.926787,0.000000,16.125000,-0.000000,-0.006865,1.000000;;
       }

       Frame Bip001_L_Clavicle {
        

        FrameTransformMatrix {
         -0.024881,0.996620,0.078286,0.000000,0.926460,0.052408,-0.372728,0.000000,-0.375571,0.063255,-0.924633,0.000000,0.000031,4.340599,0.007393,1.000000;;
        }

        Frame Bip001_L_UpperArm {
         

         FrameTransformMatrix {
          0.888731,-0.450441,-0.085211,0.000000,0.458407,0.875051,0.155397,0.000000,0.004567,-0.177168,0.984170,0.000000,16.122222,0.000000,0.000000,1.000000;;
         }

         Frame Bip001_L_Forearm {
          

          FrameTransformMatrix {
           0.377359,-0.000000,-0.926067,0.000000,-0.000000,1.000000,-0.000000,0.000000,0.926067,0.000000,0.377359,0.000000,44.136819,-0.000015,0.000004,1.000000;;
          }

          Frame Bip001_L_Hand {
           

           FrameTransformMatrix {
            0.996605,-0.061908,0.054285,0.000000,-0.044394,0.151229,0.987501,0.000000,-0.069344,-0.986558,0.147967,0.000000,37.683373,0.000000,0.000004,1.000000;;
           }

           Frame Bip001_L_Finger0 {
            

            FrameTransformMatrix {
             0.808969,-0.205995,0.550578,0.000000,0.587734,0.264643,-0.764548,0.000000,0.011786,0.942088,0.335158,0.000000,4.289879,-5.456852,2.394806,1.000000;;
            }

            Frame Bip001_L_Finger01 {
             

             FrameTransformMatrix {
              0.906248,0.000000,0.422748,0.000000,-0.000000,1.000000,0.000000,0.000000,-0.422748,0.000000,0.906248,0.000000,3.875534,0.000000,-0.000008,1.000000;;
             }

             Frame Bip001_L_Finger02 {
              

              FrameTransformMatrix {
               0.974202,-0.000000,0.225679,0.000000,0.000000,1.000000,-0.000000,0.000000,-0.225679,-0.000000,0.974202,0.000000,3.875534,0.000000,0.000008,1.000000;;
              }

              Frame Bip001_L_Finger0Nub {
               

               FrameTransformMatrix {
                1.000000,0.000000,0.000000,0.000000,0.000000,1.000000,0.000000,0.000000,0.000000,0.000000,1.000000,0.000000,3.875542,-0.000015,-0.000004,1.000000;;
               }
              }
             }
            }
           }

           Frame Bip001_L_Finger1 {
            

            FrameTransformMatrix {
             0.998765,-0.000040,0.049695,0.000000,-0.000000,1.000000,0.000796,0.000000,-0.049695,-0.000795,0.998764,0.000000,11.734272,-5.461197,-0.417755,1.000000;;
            }

            Frame Bip001_L_Finger11 {
             

             FrameTransformMatrix {
              0.361810,0.000000,0.932252,0.000000,-0.000000,1.000000,-0.000000,0.000000,-0.932252,0.000000,0.361810,0.000000,4.650642,-0.000008,0.000000,1.000000;;
             }

             Frame Bip001_L_Finger12 {
              

              FrameTransformMatrix {
               0.292991,0.000000,0.956115,0.000000,0.000000,1.000000,0.000000,0.000000,-0.956115,-0.000000,0.292991,0.000000,4.650650,0.000008,-0.000008,1.000000;;
              }

              Frame Bip001_L_Finger1Nub {
               

               FrameTransformMatrix {
                1.000000,0.000000,0.000000,0.000000,-0.000000,1.000000,0.000000,0.000000,0.000000,0.000000,1.000000,0.000000,4.650650,0.000004,-0.000008,1.000000;;
               }
              }
             }
            }
           }

           Frame Bip001_L_Finger2 {
            

            FrameTransformMatrix {
             0.998262,0.054051,0.023481,0.000000,-0.054546,0.998291,0.020970,0.000000,-0.022307,-0.022214,0.999504,0.000000,11.686749,-1.501316,-0.364792,1.000000;;
            }

            Frame Bip001_L_Finger21 {
             

             FrameTransformMatrix {
              0.348076,0.000000,0.937466,0.000000,0.000000,1.000000,-0.000000,0.000000,-0.937466,0.000000,0.348076,0.000000,4.698444,0.000004,0.000000,1.000000;;
             }

             Frame Bip001_L_Finger22 {
              

              FrameTransformMatrix {
               0.030602,0.000000,0.999532,0.000000,-0.000000,1.000000,-0.000000,0.000000,-0.999532,-0.000000,0.030602,0.000000,5.425766,0.000000,0.000000,1.000000;;
              }

              Frame Bip001_L_Finger2Nub {
               

               FrameTransformMatrix {
                1.000000,-0.000000,0.000000,0.000000,-0.000000,1.000000,-0.000000,0.000000,0.000000,0.000000,1.000000,0.000000,5.425758,0.000000,0.000000,1.000000;;
               }
              }
             }
            }
           }

           Frame Bip001_L_Finger3 {
            

            FrameTransformMatrix {
             0.996231,0.084975,-0.017446,0.000000,-0.084190,0.995578,0.041667,0.000000,0.020910,-0.040041,0.998979,0.000000,11.686188,1.606106,-0.362900,1.000000;;
            }

            Frame Bip001_L_Finger31 {
             

             FrameTransformMatrix {
              0.419784,-0.000000,0.907624,0.000000,0.000000,1.000000,0.000000,0.000000,-0.907624,0.000000,0.419784,0.000000,4.316536,-0.000004,-0.000015,1.000000;;
             }

             Frame Bip001_L_Finger32 {
              

              FrameTransformMatrix {
               0.000102,0.000000,1.000000,0.000000,0.000000,1.000000,-0.000000,0.000000,-1.000000,0.000000,0.000102,0.000000,4.650650,0.000000,0.000000,1.000000;;
              }

              Frame Bip001_L_Finger3Nub {
               

               FrameTransformMatrix {
                1.000000,0.000000,0.000000,0.000000,0.000000,1.000000,-0.000000,0.000000,0.000000,0.000000,1.000000,0.000000,4.650650,0.000004,0.000000,1.000000;;
               }
              }
             }
            }
           }

           Frame Bip001_L_Finger4 {
            

            FrameTransformMatrix {
             0.958921,0.040089,0.280827,0.000000,-0.043233,0.999053,0.005008,0.000000,-0.280360,-0.016943,0.959745,0.000000,10.216778,4.386829,-0.631790,1.000000;;
            }

            Frame Bip001_L_Finger41 {
             

             FrameTransformMatrix {
              0.392584,-0.000000,0.919716,0.000000,0.000000,1.000000,0.000000,0.000000,-0.919716,-0.000000,0.392584,0.000000,3.003719,0.000000,0.000000,1.000000;;
             }

             Frame Bip001_L_Finger42 {
              

              FrameTransformMatrix {
               0.022317,0.000000,0.999751,0.000000,0.000000,1.000000,-0.000000,0.000000,-0.999751,-0.000000,0.022317,0.000000,3.003708,-0.000004,0.000015,1.000000;;
              }

              Frame Bip001_L_Finger4Nub {
               

               FrameTransformMatrix {
                1.000000,0.000000,-0.000000,0.000000,-0.000000,1.000000,0.000000,0.000000,0.000000,-0.000000,1.000000,0.000000,3.003708,-0.000008,0.000015,1.000000;;
               }
              }
             }
            }
           }
          }
         }
        }
       }

       Frame Bip001_R_Clavicle {
        

        FrameTransformMatrix {
         -0.096127,-0.992650,0.073529,0.000000,-0.921567,0.116671,0.370273,0.000000,-0.376130,-0.032169,-0.926008,0.000000,0.000031,-4.340598,0.007416,1.000000;;
        }

        Frame Bip001_R_UpperArm {
         

         FrameTransformMatrix {
          0.645398,0.757177,0.100717,0.000000,-0.286360,0.362080,-0.887072,0.000000,-0.708138,0.543673,0.450511,0.000000,16.122219,0.000000,0.000001,1.000000;;
         }

         Frame Bip001_R_Forearm {
          

          FrameTransformMatrix {
           0.468445,0.000000,-0.883493,0.000000,0.000000,1.000000,0.000000,0.000000,0.883493,0.000000,0.468445,0.000000,44.136803,0.000000,-0.000008,1.000000;;
          }

          Frame Bip001_R_Hand {
           

           FrameTransformMatrix {
            0.973778,0.028753,0.225676,0.000000,0.220266,-0.367341,-0.903628,0.000000,0.056918,0.929642,-0.364042,0.000000,37.683366,0.000000,0.000015,1.000000;;
           }

           Frame Bip001_R_Finger0 {
            

            FrameTransformMatrix {
             0.808969,0.205995,0.550578,0.000000,-0.587734,0.264643,0.764548,0.000000,0.011786,-0.942088,0.335158,0.000000,4.289879,5.456848,2.394809,1.000000;;
            }

            Frame Bip001_R_Finger01 {
             

             FrameTransformMatrix {
              0.906247,0.000000,0.422748,0.000000,-0.000000,1.000000,-0.000000,0.000000,-0.422748,0.000000,0.906248,0.000000,3.875534,-0.000011,0.000015,1.000000;;
             }

             Frame Bip001_R_Finger02 {
              

              FrameTransformMatrix {
               0.974202,-0.000000,0.225679,0.000000,0.000000,1.000000,0.000000,0.000000,-0.225679,-0.000000,0.974202,0.000000,3.875534,0.000008,-0.000015,1.000000;;
              }

              Frame Bip001_R_Finger0Nub {
               

               FrameTransformMatrix {
                -1.000000,0.000000,0.000000,0.000000,-0.000000,1.000000,0.000000,0.000000,0.000000,-0.000000,-1.000000,0.000000,3.875534,-0.000004,0.000000,1.000000;;
               }
              }
             }
            }
           }

           Frame Bip001_R_Finger1 {
            

            FrameTransformMatrix {
             0.998764,0.000040,0.049695,0.000000,-0.000000,1.000000,-0.000796,0.000000,-0.049695,0.000795,0.998764,0.000000,11.734280,5.461197,-0.417760,1.000000;;
            }

            Frame Bip001_R_Finger11 {
             

             FrameTransformMatrix {
              0.361810,0.000000,0.932252,0.000000,-0.000000,1.000000,-0.000000,0.000000,-0.932252,-0.000000,0.361810,0.000000,4.650646,0.000015,0.000003,1.000000;;
             }

             Frame Bip001_R_Finger12 {
              

              FrameTransformMatrix {
               0.292991,0.000000,0.956115,0.000000,0.000000,1.000000,-0.000000,0.000000,-0.956115,-0.000000,0.292991,0.000000,4.650642,0.000000,0.000008,1.000000;;
              }

              Frame Bip001_R_Finger1Nub {
               

               FrameTransformMatrix {
                -1.000000,0.000000,-0.000000,0.000000,0.000000,1.000000,0.000000,0.000000,0.000000,-0.000000,-1.000000,0.000000,4.650638,0.000000,0.000000,1.000000;;
               }
              }
             }
            }
           }

           Frame Bip001_R_Finger2 {
            

            FrameTransformMatrix {
             0.998262,-0.054051,0.023481,0.000000,0.054546,0.998291,-0.020970,0.000000,-0.022307,0.022214,0.999504,0.000000,11.686760,1.501328,-0.364781,1.000000;;
            }

            Frame Bip001_R_Finger21 {
             

             FrameTransformMatrix {
              0.348076,-0.000000,0.937466,0.000000,0.000000,1.000000,-0.000000,0.000000,-0.937466,0.000000,0.348076,0.000000,4.698433,-0.000015,0.000000,1.000000;;
             }

             Frame Bip001_R_Finger22 {
              

              FrameTransformMatrix {
               0.030602,-0.000000,0.999532,0.000000,-0.000000,1.000000,0.000000,0.000000,-0.999532,0.000000,0.030602,0.000000,5.425752,0.000015,0.000004,1.000000;;
              }

              Frame Bip001_R_Finger2Nub {
               

               FrameTransformMatrix {
                -1.000000,-0.000000,0.000000,0.000000,-0.000000,1.000000,0.000000,0.000000,-0.000000,-0.000000,-1.000000,0.000000,5.425754,0.000000,-0.000002,1.000000;;
               }
              }
             }
            }
           }

           Frame Bip001_R_Finger3 {
            

            FrameTransformMatrix {
             0.996231,-0.084975,-0.017446,0.000000,0.084190,0.995578,-0.041667,0.000000,0.020910,0.040041,0.998979,0.000000,11.686195,-1.606094,-0.362914,1.000000;;
            }

            Frame Bip001_R_Finger31 {
             

             FrameTransformMatrix {
              0.419784,-0.000000,0.907624,0.000000,0.000000,1.000000,0.000000,0.000000,-0.907624,0.000000,0.419784,0.000000,4.316555,0.000000,0.000000,1.000000;;
             }

             Frame Bip001_R_Finger32 {
              

              FrameTransformMatrix {
               0.000102,0.000000,1.000000,0.000000,-0.000000,1.000000,-0.000000,0.000000,-1.000000,-0.000000,0.000102,0.000000,4.650640,0.000000,0.000000,1.000000;;
              }

              Frame Bip001_R_Finger3Nub {
               

               FrameTransformMatrix {
                -1.000000,0.000000,-0.000000,0.000000,0.000000,1.000000,-0.000000,0.000000,-0.000000,-0.000000,-1.000000,0.000000,4.650646,0.000015,0.000000,1.000000;;
               }
              }
             }
            }
           }

           Frame Bip001_R_Finger4 {
            

            FrameTransformMatrix {
             0.958921,-0.040089,0.280827,0.000000,0.043233,0.999053,-0.005008,0.000000,-0.280360,0.016943,0.959745,0.000000,10.216782,-4.386826,-0.631804,1.000000;;
            }

            Frame Bip001_R_Finger41 {
             

             FrameTransformMatrix {
              0.392584,-0.000000,0.919716,0.000000,0.000000,1.000000,0.000000,0.000000,-0.919716,0.000000,0.392584,0.000000,3.003700,-0.000015,0.000000,1.000000;;
             }

             Frame Bip001_R_Finger42 {
              

              FrameTransformMatrix {
               0.022317,0.000000,0.999751,0.000000,0.000000,1.000000,0.000000,0.000000,-0.999751,0.000000,0.022317,0.000000,3.003711,0.000031,-0.000004,1.000000;;
              }

              Frame Bip001_R_Finger4Nub {
               

               FrameTransformMatrix {
                -1.000000,0.000000,0.000000,0.000000,0.000000,1.000000,0.000000,0.000000,-0.000000,-0.000000,-1.000000,0.000000,3.003708,0.000000,-0.000000,1.000000;;
               }
              }
             }
            }
           }
          }
         }
        }
       }

       Frame Bip001_Head {
        

        FrameTransformMatrix {
         0.899151,0.007545,-0.437573,0.000000,-0.054466,0.994007,-0.094780,0.000000,0.434235,0.109054,0.894174,0.000000,15.765397,-0.911514,-0.005142,1.000000;;
        }

        Frame Bip001_HeadNub {
         

         FrameTransformMatrix {
          1.000000,0.000000,-0.000000,0.000000,0.000000,1.000000,-0.000000,0.000000,-0.000000,-0.000000,1.000000,0.000000,29.143997,0.000000,-0.000002,1.000000;;
         }
        }
       }
      }
     }
    }
   }

   Frame Bip001_L_Thigh {
    

    FrameTransformMatrix {
     -0.905932,0.069429,-0.417693,0.000000,-0.250269,-0.883509,0.395951,0.000000,-0.341545,0.463240,0.817775,0.000000,-13.824410,13.546027,-0.064846,1.000000;;
    }

    Frame Bip001_L_Calf {
     

     FrameTransformMatrix {
      0.994910,0.000000,-0.100765,0.000000,0.000000,1.000000,-0.000000,0.000000,0.100765,0.000000,0.994910,0.000000,54.040710,0.000002,0.000000,1.000000;;
     }

     Frame Bip001_L_Foot {
      

      FrameTransformMatrix {
       0.858570,0.168909,0.484074,0.000000,-0.371410,0.855778,0.360137,0.000000,-0.353429,-0.488993,0.797480,0.000000,58.826867,0.000000,0.000008,1.000000;;
      }

      Frame Bip001_L_Toe0 {
       

       FrameTransformMatrix {
        0.000000,-0.000000,1.000000,0.000000,-0.000000,1.000000,-0.000000,0.000000,-1.000000,-0.000000,0.000000,0.000000,14.261973,-0.000004,18.354530,1.000000;;
       }

       Frame Bip001_L_Toe01 {
        

        FrameTransformMatrix {
         1.000000,-0.000000,0.000000,0.000000,-0.000000,1.000000,0.000000,0.000000,0.000000,-0.000000,1.000000,0.000000,1.860257,0.000000,0.000000,1.000000;;
        }

        Frame Bip001_L_Toe02 {
         

         FrameTransformMatrix {
          1.000000,-0.000000,0.000000,0.000000,-0.000000,1.000000,0.000000,0.000000,0.000000,-0.000000,1.000000,0.000000,1.860257,0.000000,0.000000,1.000000;;
         }

         Frame Bip001_L_Toe0Nub {
          

          FrameTransformMatrix {
           -1.000000,0.000000,0.000000,0.000000,-0.000000,1.000000,-0.000000,0.000000,0.000000,0.000000,-1.000000,0.000000,1.860260,0.000000,0.000000,1.000000;;
          }
         }
        }
       }
      }
     }
    }
   }

   Frame Bip001_R_Thigh {
    

    FrameTransformMatrix {
     -0.820169,-0.047673,0.570132,0.000000,-0.013825,-0.994580,-0.103052,0.000000,0.571955,-0.092402,0.815064,0.000000,-14.606560,-11.244514,0.099322,1.000000;;
    }

    Frame Bip001_R_Calf {
     

     FrameTransformMatrix {
      0.918551,0.000000,-0.395302,0.000000,0.000000,1.000000,0.000000,0.000000,0.395302,0.000000,0.918551,0.000000,53.736051,-0.000002,0.000000,1.000000;;
     }

     Frame Bip001_R_Foot {
      

      FrameTransformMatrix {
       0.983427,-0.072388,-0.166227,0.000000,0.051557,0.990641,-0.126382,0.000000,0.173820,0.115718,0.977955,0.000000,59.151955,0.000000,0.000004,1.000000;;
      }

      Frame Bip001_R_Toe0 {
       

       FrameTransformMatrix {
        0.000000,0.000000,1.000000,0.000000,-0.000000,1.000000,0.000000,0.000000,-1.000000,-0.000000,0.000000,0.000000,14.261971,-0.000001,18.354530,1.000000;;
       }

       Frame Bip001_R_Toe01 {
        

        FrameTransformMatrix {
         1.000000,0.000000,0.000000,0.000000,0.000000,1.000000,0.000000,0.000000,0.000000,0.000000,1.000000,0.000000,1.860245,0.000001,0.000000,1.000000;;
        }

        Frame Bip001_R_Toe02 {
         

         FrameTransformMatrix {
          1.000000,0.000000,0.000000,0.000000,0.000000,1.000000,0.000000,0.000000,0.000000,0.000000,1.000000,0.000000,1.860268,0.000000,-0.000000,1.000000;;
         }

         Frame Bip001_R_Toe0Nub {
          

          FrameTransformMatrix {
           1.000000,0.000000,0.000000,0.000000,0.000000,1.000000,0.000000,0.000000,0.000000,0.000000,1.000000,0.000000,1.860252,0.000001,0.000000,1.000000;;
          }
         }
        }
       }
      }
     }
    }
   }
  }
 }
}

Frame Box001 {
 

 FrameTransformMatrix {
  0.667112,0.000000,0.000000,0.000000,0.000000,0.696682,0.000000,0.000000,0.000000,0.000000,0.492662,0.000000,0.000000,0.000000,0.000000,1.000000;;
 }

 Mesh Box001 {
  24;
  -57.959872;22.736098;-12.229203;,
  -57.971418;21.850650;-18.054922;,
  -55.925248;21.504904;-15.142531;,
  -60.006042;23.081843;-15.141595;,
  -57.225683;24.478334;-12.761403;,
  -57.237222;23.592886;-18.587122;,
  -59.271846;24.824080;-15.673795;,
  -55.191053;23.247141;-15.674730;,
  -57.959872;22.736098;-12.229203;,
  -59.271846;24.824080;-15.673795;,
  -60.006042;23.081843;-15.141595;,
  -57.225683;24.478334;-12.761403;,
  -60.006042;23.081843;-15.141595;,
  -57.237222;23.592886;-18.587122;,
  -57.971418;21.850650;-18.054922;,
  -59.271846;24.824080;-15.673795;,
  -57.971418;21.850650;-18.054922;,
  -55.191053;23.247141;-15.674730;,
  -55.925248;21.504904;-15.142531;,
  -57.237222;23.592886;-18.587122;,
  -55.925248;21.504904;-15.142531;,
  -57.225683;24.478334;-12.761403;,
  -57.959872;22.736098;-12.229203;,
  -55.191053;23.247141;-15.674730;;
  12;
  3;0,1,2;,
  3;1,0,3;,
  3;4,5,6;,
  3;5,4,7;,
  3;8,9,10;,
  3;9,8,11;,
  3;12,13,14;,
  3;13,12,15;,
  3;16,17,18;,
  3;17,16,19;,
  3;20,21,22;,
  3;21,20,23;;

  MeshMaterialList {
   1;
   12;
   0,
   0,
   0,
   0,
   0,
   0,
   0,
   0,
   0,
   0,
   0,
   0;

   Material  {
    0.529412;0.231373;0.031373;1.000000;;
    0.000000;
    0.000000;0.000000;0.000000;;
    0.000000;0.000000;0.000000;;
   }
  }

  DeclData {
   2;
   2;0;3;0;,
   1;0;5;0;;
   120;
   3199643955,
   3211552752,
   1041265391,
   1065353216,
   1065353216,
   3199643954,
   3211552752,
   1041265391,
   0,
   0,
   3199643955,
   3211552752,
   1041265390,
   1065353216,
   0,
   3199643956,
   3211552752,
   1041265390,
   0,
   1065353216,
   1052160296,
   1064069106,
   3188749024,
   0,
   1065353216,
   1052160296,
   1064069106,
   3188749024,
   1065353216,
   0,
   1052160296,
   1064069106,
   3188749024,
   1065353216,
   1065353216,
   1052160296,
   1064069106,
   3188749024,
   0,
   0,
   3207790609,
   1055671183,
   1057736927,
   0,
   1065353216,
   3207790610,
   1055671180,
   1057736927,
   1065353216,
   0,
   3207790612,
   1055671177,
   1057736926,
   1065353216,
   1065353216,
   3207790608,
   1055671185,
   1057736927,
   0,
   0,
   3209174264,
   1041466013,
   3206240064,
   0,
   1065353216,
   3209174264,
   1041466049,
   3206240062,
   1065353216,
   0,
   3209174263,
   1041466077,
   3206240061,
   1065353216,
   1065353216,
   3209174264,
   1041465982,
   3206240065,
   0,
   0,
   1060306951,
   3203154873,
   3205220570,
   0,
   1065353216,
   1060306951,
   3203154873,
   3205220570,
   1065353216,
   0,
   1060306951,
   3203154873,
   3205220570,
   1065353216,
   1065353216,
   1060306951,
   3203154873,
   3205220570,
   0,
   0,
   1061690614,
   3188949685,
   1058756417,
   0,
   1065353216,
   1061690621,
   3188949656,
   1058756410,
   1065353216,
   0,
   1061690624,
   3188949636,
   1058756407,
   1065353216,
   1065353216,
   1061690610,
   3188949706,
   1058756421,
   0,
   0;
  }

  XSkinMeshHeader {
   1;
   1;
   1;
  }

  SkinWeights {
   "Bip001_L_Toe0Nub";
   24;
   0,
   1,
   2,
   3,
   4,
   5,
   6,
   7,
   8,
   9,
   10,
   11,
   12,
   13,
   14,
   15,
   16,
   17,
   18,
   19,
   20,
   21,
   22,
   23;
   1.000000,
   1.000000,
   1.000000,
   1.000000,
   1.000000,
   1.000000,
   1.000000,
   1.000000,
   1.000000,
   1.000000,
   1.000000,
   1.000000,
   1.000000,
   1.000000,
   1.000000,
   1.000000,
   1.000000,
   1.000000,
   1.000000,
   1.000000,
   1.000000,
   1.000000,
   1.000000,
   1.000000;
   0.593794,0.303821,-0.011829,0.000000,-0.014069,0.000376,-0.696540,0.000000,-0.224321,0.438603,0.004768,0.000000,0.696587,47.265005,1.780271,1.000000;;
  }
 }
}

AnimTicksPerSecond  {
 4800;
}

AnimationSet Anim1 {
 

 Animation {
  
  { Bip001 }

  AnimationKey S {
   1;
   2;
   0;3;1.000000,1.000000,1.000000;;,
   5760;3;1.000000,1.000000,1.000000;;;
  }

  AnimationKey R {
   0;
   37;
   0;4;0.642788,0.000000,0.766045,0.000000;;,
   160;4;0.648289,-0.000317,0.761389,-0.002782;;,
   320;4;0.655942,-0.000941,0.754789,-0.005781;;,
   480;4;0.662437,-0.001412,0.749066,-0.008671;;,
   640;4;0.664561,-0.001266,0.747150,-0.011128;;,
   800;4;0.659087,-0.000044,0.751958,-0.012828;;,
   960;4;0.644374,0.003556,0.764578,-0.013799;;,
   1120;4;0.622229,0.009222,0.782652,-0.014249;;,
   1280;4;0.594530,0.014994,0.803810,-0.014121;;,
   1440;4;0.563364,0.018918,0.825884,-0.013368;;,
   1600;4;0.531082,0.019059,0.847022,-0.011950;;,
   1760;4;0.495565,0.013333,0.868420,-0.009168;;,
   1920;4;0.454846,0.002782,0.890552,-0.005042;;,
   2080;4;0.411964,-0.009770,0.911147,-0.000639;;,
   2240;4;0.370337,-0.021472,0.928644,0.002968;;,
   2400;4;0.331942,-0.032860,0.942713,0.005131;;,
   2560;4;0.294993,-0.044396,0.954446,0.006497;;,
   2720;4;0.257431,-0.053120,0.964803,0.007935;;,
   2880;4;0.210820,-0.058227,0.975735,0.010271;;,
   3040;4;0.163591,-0.060458,0.984593,0.012665;;,
   3200;4;0.139536,-0.059388,0.988342,0.013529;;,
   3360;4;0.135876,-0.056465,0.989029,0.013056;;,
   3520;4;0.133712,-0.053339,0.989505,0.012488;;,
   3680;4;0.132890,-0.050030,0.989797,0.011833;;,
   3840;4;0.133256,-0.046561,0.989925,0.011102;;,
   4000;4;0.134653,-0.042952,0.989908,0.010305;;,
   4160;4;0.136928,-0.039224,0.989759,0.009451;;,
   4320;4;0.139923,-0.035398,0.989493,0.008551;;,
   4480;4;0.143482,-0.031495,0.989122,0.007615;;,
   4640;4;0.147450,-0.027536,0.988664,0.006652;;,
   4800;4;0.151671,-0.023541,0.988134,0.005672;;,
   4960;4;0.155990,-0.019531,0.987554,0.004686;;,
   5120;4;0.160252,-0.015528,0.986947,0.003702;;,
   5280;4;0.164303,-0.011552,0.986339,0.002732;;,
   5440;4;0.167988,-0.007625,0.985758,0.001785;;,
   5600;4;0.171154,-0.003767,0.985237,0.000871;;,
   5760;4;0.173648,-0.000000,0.984808,0.000000;;;
  }

  AnimationKey T {
   2;
   37;
   0;3;-0.000000,116.176166,0.000000;;,
   160;3;0.155862,115.978099,-0.712917;;,
   320;3;0.245626,115.854131,-1.892273;;,
   480;3;0.368438,115.693094,-2.838408;;,
   640;3;0.623447,115.383885,-2.851670;;,
   800;3;1.109800,114.815334,-1.232400;;,
   960;3;1.837394,113.881037,2.665223;;,
   1120;3;2.740131,112.655091,8.374758;;,
   1280;3;3.803165,111.297114,14.927477;;,
   1440;3;5.011647,109.966707,21.354645;;,
   1600;3;6.350733,108.823488,26.687534;;,
   1760;3;7.925710,107.896448,30.513555;;,
   1920;3;9.764068,107.075674,33.447875;;,
   2080;3;11.734260,106.312378,36.063427;;,
   2240;3;13.704739,105.557779,38.933130;;,
   2400;3;15.818474,104.763078,42.362038;;,
   2560;3;18.010677,103.879501,45.903261;;,
   2720;3;19.838160,102.858278,49.001779;;,
   2880;3;21.408533,100.869734,51.429696;;,
   3040;3;22.614189,98.485856,53.414902;;,
   3200;3;22.689131,97.760275,55.086080;;,
   3360;3;21.904869,98.604883,56.632442;;,
   3520;3;21.048557,99.555142,58.158784;;,
   3680;3;20.127645,100.600141,59.667200;;,
   3840;3;19.149594,101.728966,61.159731;;,
   4000;3;18.121853,102.930650,62.638470;;,
   4160;3;17.051872,104.194272,64.105485;;,
   4320;3;15.947114,105.508922,65.562829;;,
   4480;3;14.815021,106.863642,67.012582;;,
   4640;3;13.663056,108.247526,68.456819;;,
   4800;3;12.498665,109.649613,69.897606;;,
   4960;3;11.329307,111.058995,71.337011;;,
   5120;3;10.162434,112.464717,72.777114;;,
   5280;3;9.005499,113.855885,74.219968;;,
   5440;3;7.865954,115.221542,75.667654;;,
   5600;3;6.751254,116.550758,77.122246;;,
   5760;3;5.668853,117.832602,78.585798;;;
  }
 }

 Animation {
  
  { Bip001_Pelvis }

  AnimationKey S {
   1;
   2;
   0;3;1.000000,1.000000,1.000000;;,
   5760;3;1.000000,1.000000,1.000000;;;
  }

  AnimationKey R {
   0;
   2;
   0;4;-0.487542,0.512155,0.487542,0.512155;;,
   5760;4;-0.487542,0.512155,0.487542,0.512155;;;
  }

  AnimationKey T {
   2;
   2;
   0;3;0.000000,0.000000,0.000000;;,
   5760;3;0.000000,0.000000,0.000000;;;
  }
 }

 Animation {
  
  { Bip001_Spine }

  AnimationKey S {
   1;
   2;
   0;3;1.000000,1.000000,1.000000;;,
   5760;3;1.000000,1.000000,1.000000;;;
  }

  AnimationKey R {
   0;
   37;
   0;4;0.999870,-0.003305,0.000370,-0.015771;;,
   160;4;0.999865,-0.003368,0.000369,-0.016075;;,
   320;4;0.999856,-0.003473,0.000368,-0.016583;;,
   480;4;0.999855,-0.003494,0.000368,-0.016685;;,
   640;4;0.999870,-0.003305,0.000370,-0.015771;;,
   800;4;0.999900,-0.002870,0.000373,-0.013819;;,
   960;4;0.999933,-0.002286,0.000376,-0.011342;;,
   1120;4;0.999962,-0.001624,0.000381,-0.008535;;,
   1280;4;0.999984,-0.000954,0.000385,-0.005592;;,
   1440;4;0.999996,-0.000346,0.000390,-0.002708;;,
   1600;4;1.000000,0.000131,0.000394,-0.000078;;,
   1760;4;0.999998,0.000406,0.000397,0.002105;;,
   1920;4;0.999994,0.000277,0.000402,0.003302;;,
   2080;4;0.999993,-0.000239,0.000408,0.003617;;,
   2240;4;0.999992,-0.000880,0.000412,0.003819;;,
   2400;4;0.999988,-0.001386,0.000413,0.004676;;,
   2560;4;0.999975,-0.001495,0.000409,0.006955;;,
   2720;4;0.999932,-0.001152,0.000396,0.011588;;,
   2880;4;0.999834,-0.000549,0.000378,0.018221;;,
   3040;4;0.999670,0.000205,0.000356,0.025702;;,
   3200;4;0.999459,0.000999,0.000334,0.032878;;,
   3360;4;0.999253,0.001723,0.000315,0.038598;;,
   3520;4;0.999127,0.002266,0.000301,0.041710;;,
   3680;4;0.999153,0.002519,0.000295,0.041064;;,
   3840;4;0.999318,0.002518,0.000297,0.036834;;,
   4000;4;0.999538,0.002388,0.000302,0.030308;;,
   4160;4;0.999756,0.002154,0.000311,0.022002;;,
   4320;4;0.999921,0.001842,0.000323,0.012431;;,
   4480;4;0.999997,0.001475,0.000336,0.002115;;,
   4640;4;0.999964,0.001080,0.000350,-0.008430;;,
   4800;4;0.999825,0.000681,0.000364,-0.018684;;,
   4960;4;0.999604,0.000303,0.000377,-0.028130;;,
   5120;4;0.999343,-0.000028,0.000388,-0.036250;;,
   5280;4;0.999095,-0.000288,0.000397,-0.042529;;,
   5440;4;0.999124,-0.000383,0.000400,-0.041846;;,
   5600;4;0.999418,-0.000332,0.000397,-0.034119;;,
   5760;4;0.999652,-0.000282,0.000393,-0.026391;;;
  }

  AnimationKey T {
   2;
   4;
   0;3;14.244698,-0.701760,-0.012844;;,
   3040;3;14.244690,-0.701757,-0.012844;;,
   3200;3;14.244698,-0.701866,-0.012838;;,
   5760;3;14.244690,-0.701881,-0.012838;;;
  }
 }

 Animation {
  
  { Bip001_Spine1 }

  AnimationKey S {
   1;
   2;
   0;3;1.000000,1.000000,1.000000;;,
   5760;3;1.000000,1.000000,1.000000;;;
  }

  AnimationKey R {
   0;
   37;
   0;4;0.995167,-0.093996,-0.027971,-0.005028;;,
   160;4;0.996141,-0.080816,-0.027332,-0.020618;;,
   320;4;0.996709,-0.066650,-0.027169,-0.037293;;,
   480;4;0.996839,-0.054361,-0.026019,-0.051765;;,
   640;4;0.996801,-0.046831,-0.022434,-0.060760;;,
   800;4;0.996716,-0.044390,-0.016762,-0.065615;;,
   960;4;0.996521,-0.044696,-0.010365,-0.069578;;,
   1120;4;0.996291,-0.046624,-0.003310,-0.072244;;,
   1280;4;0.996100,-0.049046,0.004334,-0.073211;;,
   1440;4;0.996024,-0.050835,0.012498,-0.072077;;,
   1600;4;0.996134,-0.050865,0.021113,-0.068443;;,
   1760;4;0.996472,-0.048007,0.030107,-0.061904;;,
   1920;4;0.997228,-0.039433,0.040668,-0.048236;;,
   2080;4;0.997907,-0.025587,0.053067,-0.026680;;,
   2240;4;0.997774,-0.010272,0.065865,-0.002067;;,
   2400;4;0.996761,0.002689,0.077659,0.020741;;,
   2560;4;0.995472,0.009476,0.087094,0.036886;;,
   2720;4;0.994299,0.009417,0.095227,0.047041;;,
   2880;4;0.993076,0.005417,0.103545,0.055216;;,
   3040;4;0.991869,-0.000958,0.111367,0.061581;;,
   3200;4;0.990762,-0.008143,0.118018,0.066308;;,
   3360;4;0.989879,-0.014572,0.122826,0.069576;;,
   3520;4;0.989380,-0.018680,0.125127,0.071565;;,
   3680;4;0.989421,-0.018901,0.124254,0.072456;;,
   3840;4;0.989946,-0.015713,0.120381,0.072591;;,
   4000;4;0.990751,-0.010860,0.114401,0.072166;;,
   4160;4;0.991729,-0.004678,0.106731,0.071133;;,
   4320;4;0.992778,0.002498,0.097788,0.069450;;,
   4480;4;0.993807,0.010332,0.087994,0.067071;;,
   4640;4;0.994746,0.018487,0.077771,0.063958;;,
   4800;4;0.995550,0.026627,0.067543,0.060071;;,
   4960;4;0.996201,0.034414,0.057738,0.055375;;,
   5120;4;0.996701,0.041515,0.048786,0.049836;;,
   5280;4;0.997075,0.047593,0.041115,0.043422;;,
   5440;4;0.997592,0.050865,0.036942,0.029287;;,
   5600;4;0.998003,0.051496,0.036016,0.006415;;,
   5760;4;0.997890,0.052100,0.035071,-0.016459;;;
  }

  AnimationKey T {
   2;
   34;
   0;3;16.121491,0.002398,-0.012591;;,
   160;3;16.121475,0.002051,-0.012651;;,
   320;3;16.121459,0.001678,-0.012705;;,
   480;3;16.121475,0.001356,-0.012744;;,
   640;3;16.121566,0.001162,-0.012768;;,
   800;3;16.121734,0.001105,-0.012779;;,
   960;3;16.121880,0.001123,-0.012784;;,
   1120;3;16.122032,0.001186,-0.012781;;,
   1280;3;16.122230,0.001263,-0.012777;;,
   1440;3;16.122445,0.001324,-0.012770;;,
   1600;3;16.122674,0.001337,-0.012756;;,
   1760;3;16.122917,0.001278,-0.012756;;,
   1920;3;16.123222,0.001060,-0.012760;;,
   2080;3;16.123566,0.000694,-0.012754;;,
   2240;3;16.123901,0.000263,-0.012724;;,
   2400;3;16.124198,-0.000107,-0.012685;;,
   2560;3;16.124443,-0.000320,-0.012645;;,
   2720;3;16.124634,-0.000355,-0.012602;;,
   2880;3;16.124840,-0.000282,-0.012563;;,
   3040;3;16.125061,-0.000156,-0.012520;;,
   3200;3;16.125251,0.000008,-0.012482;;,
   3360;3;16.125358,0.000153,-0.012447;;,
   3680;3;16.125427,0.000248,-0.012426;;,
   3840;3;16.125314,0.000175,-0.012463;;,
   4000;3;16.125152,0.000069,-0.012501;;,
   4160;3;16.124939,-0.000084,-0.012547;;,
   4320;3;16.124718,-0.000252,-0.012594;;,
   4480;3;16.124435,-0.000427,-0.012635;;,
   4640;3;16.124184,-0.000587,-0.012678;;,
   4800;3;16.123901,-0.000786,-0.012703;;,
   4960;3;16.123650,-0.000961,-0.012721;;,
   5120;3;16.123405,-0.001114,-0.012734;;,
   5280;3;16.123200,-0.001259,-0.012735;;,
   5760;3;16.123115,-0.001335,-0.012734;;;
  }
 }

 Animation {
  
  { Bip001_Spine2 }

  AnimationKey S {
   1;
   2;
   0;3;1.000000,1.000000,1.000000;;,
   5760;3;1.000000,1.000000,1.000000;;;
  }

  AnimationKey R {
   0;
   37;
   0;4;0.994080,-0.107596,-0.014189,0.005234;;,
   160;4;0.993802,-0.109798,-0.017352,-0.000125;;,
   320;4;0.993426,-0.112353,-0.021237,-0.005499;;,
   480;4;0.993118,-0.114187,-0.023678,-0.010842;;,
   640;4;0.993068,-0.114232,-0.022512,-0.016110;;,
   800;4;0.993120,-0.113444,-0.018339,-0.022497;;,
   960;4;0.993035,-0.113054,-0.013205,-0.030440;;,
   1120;4;0.992881,-0.112403,-0.007122,-0.038753;;,
   1280;4;0.992762,-0.110835,-0.000105,-0.046254;;,
   1440;4;0.992804,-0.107699,0.007831,-0.051762;;,
   1600;4;0.993137,-0.102346,0.016672,-0.054096;;,
   1760;4;0.993847,-0.094121,0.026399,-0.052074;;,
   1920;4;0.995229,-0.079196,0.038967,-0.041571;;,
   2080;4;0.996605,-0.057213,0.054794,-0.022404;;,
   2240;4;0.996898,-0.032773,0.071556,0.000657;;,
   2400;4;0.995894,-0.010534,0.086976,0.022797;;,
   2560;4;0.994318,0.004828,0.098850,0.039204;;,
   2720;4;0.992708,0.013512,0.108387,0.050988;;,
   2880;4;0.990906,0.019302,0.117786,0.062124;;,
   3040;4;0.989090,0.022912,0.126384,0.072129;;,
   3200;4;0.987451,0.025063,0.133522,0.080521;;,
   3360;4;0.986188,0.026476,0.138545,0.086821;;,
   3520;4;0.985495,0.027871,0.140798,0.090549;;,
   3680;4;0.985538,0.029968,0.139620,0.091227;;,
   3840;4;0.986256,0.032555,0.135162,0.089283;;,
   4000;4;0.987410,0.034957,0.128328,0.085620;;,
   4160;4;0.988858,0.037196,0.119595,0.080462;;,
   4320;4;0.990454,0.039293,0.109435,0.074035;;,
   4480;4;0.992067,0.041274,0.098327,0.066566;;,
   4640;4;0.993586,0.043161,0.086752,0.058286;;,
   4800;4;0.994927,0.044981,0.075192,0.049428;;,
   4960;4;0.996033,0.046760,0.064133,0.040226;;,
   5120;4;0.996878,0.048528,0.054064,0.030918;;,
   5280;4;0.997461,0.050313,0.045472,0.021743;;,
   5440;4;0.997776,0.051743,0.041073,0.008919;;,
   5600;4;0.997747,0.052716,0.040618,-0.008461;;,
   5760;4;0.997417,0.053672,0.040150,-0.025838;;;
  }

  AnimationKey T {
   2;
   33;
   0;3;16.121856,0.002748,-0.012535;;,
   160;3;16.121765,0.002802,-0.012520;;,
   320;3;16.121658,0.002863,-0.012503;;,
   800;3;16.121597,0.002905,-0.012488;;,
   960;3;16.121795,0.002876,-0.012506;;,
   1120;3;16.121902,0.002861,-0.012513;;,
   1280;3;16.122085,0.002823,-0.012522;;,
   1440;3;16.122269,0.002758,-0.012537;;,
   1600;3;16.122498,0.002640,-0.012564;;,
   1760;3;16.122742,0.002438,-0.012594;;,
   1920;3;16.123139,0.002064,-0.012641;;,
   2080;3;16.123581,0.001499,-0.012678;;,
   2240;3;16.124069,0.000843,-0.012680;;,
   2400;3;16.124466,0.000217,-0.012645;;,
   2560;3;16.124741,-0.000225,-0.012583;;,
   2720;3;16.124984,-0.000484,-0.012539;;,
   2880;3;16.125182,-0.000679,-0.012474;;,
   3040;3;16.125389,-0.000809,-0.012421;;,
   3200;3;16.125565,-0.000912,-0.012360;;,
   3360;3;16.125686,-0.000969,-0.012333;;,
   3680;3;16.125717,-0.001030,-0.012310;;,
   3840;3;16.125565,-0.001129,-0.012341;;,
   4000;3;16.125397,-0.001179,-0.012383;;,
   4160;3;16.125182,-0.001194,-0.012440;;,
   4320;3;16.124923,-0.001221,-0.012489;;,
   4480;3;16.124664,-0.001221,-0.012547;;,
   4640;3;16.124344,-0.001236,-0.012594;;,
   4800;3;16.124069,-0.001251,-0.012640;;,
   4960;3;16.123795,-0.001259,-0.012674;;,
   5120;3;16.123581,-0.001282,-0.012702;;,
   5280;3;16.123368,-0.001320,-0.012723;;,
   5440;3;16.123245,-0.001335,-0.012723;;,
   5760;3;16.123261,-0.001335,-0.012725;;;
  }
 }

 Animation {
  
  { Bip001_Spine3 }

  AnimationKey S {
   1;
   2;
   0;3;1.000000,1.000000,1.000000;;,
   5760;3;1.000000,1.000000,1.000000;;;
  }

  AnimationKey R {
   0;
   37;
   0;4;0.997834,-0.041536,0.044126,0.025577;;,
   160;4;0.993821,-0.088362,0.037250,0.055894;;,
   320;4;0.985838,-0.138866,0.029948,0.089122;;,
   480;4;0.976351,-0.181025,0.023162,0.115896;;,
   640;4;0.970652,-0.203312,0.017915,0.127196;;,
   800;4;0.970193,-0.207947,0.013661,0.123681;;,
   960;4;0.972008,-0.205598,0.009385,0.113327;;,
   1120;4;0.975325,-0.197632,0.005418,0.098258;;,
   1280;4;0.979347,-0.185420,0.002086,0.080595;;,
   1440;4;0.983398,-0.170371,-0.000285,0.062475;;,
   1600;4;0.987006,-0.153937,-0.001375,0.046054;;,
   1760;4;0.989918,-0.137619,-0.000866,0.033497;;,
   1920;4;0.992638,-0.118576,0.002952,0.024512;;,
   2080;4;0.995323,-0.094456,0.010323,0.017433;;,
   2240;4;0.997453,-0.067534,0.019353,0.012360;;,
   2400;4;0.998754,-0.040119,0.028149,0.009386;;,
   2560;4;0.999251,-0.014542,0.034820,0.008596;;,
   2720;4;0.999071,0.011892,0.039949,0.010965;;,
   2880;4;0.997978,0.041659,0.045109,0.016416;;,
   3040;4;0.995872,0.072092,0.049914,0.023443;;,
   3200;4;0.992998,0.100536,0.053997,0.030540;;,
