xof 0303txt 0032
template Frame {
 <3d82ab46-62da-11cf-ab39-0020af71e433>
 [...]
}

template Matrix4x4 {
 <f6f23f45-7686-11cf-8f52-0040333594a3>
 array FLOAT matrix[16];
}

template FrameTransformMatrix {
 <f6f23f41-7686-11cf-8f52-0040333594a3>
 Matrix4x4 frameMatrix;
}

template Vector {
 <3d82ab5e-62da-11cf-ab39-0020af71e433>
 FLOAT x;
 FLOAT y;
 FLOAT z;
}

template MeshFace {
 <3d82ab5f-62da-11cf-ab39-0020af71e433>
 DWORD nFaceVertexIndices;
 array DWORD faceVertexIndices[nFaceVertexIndices];
}

template Mesh {
 <3d82ab44-62da-11cf-ab39-0020af71e433>
 DWORD nVertices;
 array Vector vertices[nVertices];
 DWORD nFaces;
 array MeshFace faces[nFaces];
 [...]
}

template ColorRGBA {
 <35ff44e0-6c7c-11cf-8f52-0040333594a3>
 FLOAT red;
 FLOAT green;
 FLOAT blue;
 FLOAT alpha;
}

template ColorRGB {
 <d3e16e81-7835-11cf-8f52-0040333594a3>
 FLOAT red;
 FLOAT green;
 FLOAT blue;
}

template Material {
 <3d82ab4d-62da-11cf-ab39-0020af71e433>
 ColorRGBA faceColor;
 FLOAT power;
 ColorRGB specularColor;
 ColorRGB emissiveColor;
 [...]
}

template MeshMaterialList {
 <f6f23f42-7686-11cf-8f52-0040333594a3>
 DWORD nMaterials;
 DWORD nFaceIndexes;
 array DWORD faceIndexes[nFaceIndexes];
 [Material <3d82ab4d-62da-11cf-ab39-0020af71e433>]
}

template VertexElement {
 <f752461c-1e23-48f6-b9f8-8350850f336f>
 DWORD Type;
 DWORD Method;
 DWORD Usage;
 DWORD UsageIndex;
}

template DeclData {
 <bf22e553-292c-4781-9fea-62bd554bdd93>
 DWORD nElements;
 array VertexElement Elements[nElements];
 DWORD nDWords;
 array DWORD data[nDWords];
}

template XSkinMeshHeader {
 <3cf169ce-ff7c-44ab-93c0-f78f62d172e2>
 WORD nMaxSkinWeightsPerVertex;
 WORD nMaxSkinWeightsPerFace;
 WORD nBones;
}

template SkinWeights {
 <6f0d123b-bad2-4167-a0d0-80224f25fabb>
 STRING transformNodeName;
 DWORD nWeights;
 array DWORD vertexIndices[nWeights];
 array FLOAT weights[nWeights];
 Matrix4x4 matrixOffset;
}

template AnimTicksPerSecond {
 <9e415a43-7ba6-4a73-8743-b73d47e88476>
 DWORD AnimTicksPerSecond;
}

template Animation {
 <3d82ab4f-62da-11cf-ab39-0020af71e433>
 [...]
}

template AnimationSet {
 <3d82ab50-62da-11cf-ab39-0020af71e433>
 [Animation <3d82ab4f-62da-11cf-ab39-0020af71e433>]
}

template FloatKeys {
 <10dd46a9-775b-11cf-8f52-0040333594a3>
 DWORD nValues;
 array FLOAT values[nValues];
}

template TimedFloatKeys {
 <f406b180-7b3b-11cf-8f52-0040333594a3>
 DWORD time;
 FloatKeys tfkeys;
}

template AnimationKey {
 <10dd46a8-775b-11cf-8f52-0040333594a3>
 DWORD keyType;
 DWORD nKeys;
 array TimedFloatKeys keys[nKeys];
}


Frame Bip001 {
 

 FrameTransformMatrix {
  -0.001703,-0.001190,-0.999998,0.000000,-0.003750,0.999992,-0.001183,0.000000,0.999992,0.003748,-0.001707,0.000000,-0.479831,115.094464,0.060048,1.000000;;
 }

 Frame Bip001_Pelvis {
  

  FrameTransformMatrix {
   0.000000,0.999725,0.023459,0.000000,-0.000001,-0.023459,0.999725,0.000000,1.000000,-0.000000,0.000001,0.000000,0.000000,0.000000,0.000000,1.000000;;
  }

  Frame Bip001_Spine {
   

   FrameTransformMatrix {
    0.906348,-0.243403,0.345383,0.000000,0.017751,0.838622,0.544424,0.000000,-0.422160,-0.487307,0.764404,0.000000,14.263474,-0.328320,-0.009809,1.000000;;
   }

   Frame Bip001_Spine1 {
    

    FrameTransformMatrix {
     0.999901,0.000000,-0.014116,0.000000,-0.000000,1.000000,0.000000,0.000000,0.014116,0.000000,0.999900,0.000000,16.122048,-0.000000,-0.012840,1.000000;;
    }

    Frame Bip001_Spine2 {
     

     FrameTransformMatrix {
      0.999956,0.000000,-0.009364,0.000000,-0.000000,1.000000,0.000000,0.000000,0.009364,-0.000000,0.999956,0.000000,16.122101,0.000001,-0.012833,1.000000;;
     }

     Frame Bip001_Spine3 {
      

      FrameTransformMatrix {
       0.999898,0.000000,0.014257,0.000000,-0.000000,1.000000,0.000000,0.000000,-0.014256,-0.000000,0.999898,0.000000,16.122406,0.000000,-0.012833,1.000000;;
      }

      Frame Bip001_Neck {
       

       FrameTransformMatrix {
        0.968584,0.000001,0.248688,0.000000,-0.000001,1.000000,-0.000000,0.000000,-0.248688,-0.000000,0.968584,0.000000,16.124069,0.000001,-0.007175,1.000000;;
       }

       Frame Bip001_L_Clavicle {
        

        FrameTransformMatrix {
         0.168791,0.983020,-0.071984,0.000000,0.953587,-0.181340,-0.240390,0.000000,-0.249361,-0.028067,-0.968004,0.000000,0.000000,4.340598,0.007393,1.000000;;
        }

        Frame Bip001_L_UpperArm {
         

         FrameTransformMatrix {
          0.615507,-0.517192,-0.594696,0.000000,0.647053,0.762417,0.006642,0.000000,0.449971,-0.388888,0.803923,0.000000,16.122222,0.000015,0.000004,1.000000;;
         }

         Frame Bip001_L_Forearm {
          

          FrameTransformMatrix {
           -0.059815,0.000000,-0.998209,0.000000,0.000000,1.000000,0.000000,0.000000,0.998210,0.000000,-0.059815,0.000000,44.136813,0.000000,0.000000,1.000000;;
          }

          Frame Bip001_L_Hand {
           

           FrameTransformMatrix {
            0.981934,-0.026115,0.187411,0.000000,-0.189212,-0.125574,0.973874,0.000000,-0.001899,-0.991741,-0.128247,0.000000,37.683376,0.000015,-0.000008,1.000000;;
           }

           Frame Bip001_L_Finger0 {
            

            FrameTransformMatrix {
             0.458539,-0.296077,0.837902,0.000000,0.846348,-0.142026,-0.513347,0.000000,0.270994,0.944546,0.185460,0.000000,4.289871,-5.456856,2.394806,1.000000;;
            }

            Frame Bip001_L_Finger01 {
             

             FrameTransformMatrix {
              0.926974,-0.000000,0.375125,0.000000,-0.000000,1.000000,0.000000,0.000000,-0.375125,0.000000,0.926974,0.000000,3.875542,0.000000,-0.000015,1.000000;;
             }

             Frame Bip001_L_Finger02 {
              

              FrameTransformMatrix {
               0.944212,0.000000,0.329340,0.000000,-0.000000,1.000000,0.000000,0.000000,-0.329340,-0.000000,0.944212,0.000000,3.875534,0.000000,0.000004,1.000000;;
              }

              Frame Bip001_L_Finger0Nub {
               

               FrameTransformMatrix {
                1.000000,0.000000,0.000000,0.000000,0.000000,1.000000,0.000000,0.000000,0.000000,-0.000000,1.000000,0.000000,3.875549,0.000008,0.000008,1.000000;;
               }
              }
             }
            }
           }

           Frame Bip001_L_Finger1 {
            

            FrameTransformMatrix {
             0.817774,-0.000458,0.575539,0.000000,0.000000,1.000000,0.000796,0.000000,-0.575539,-0.000651,0.817774,0.000000,11.734268,-5.461197,-0.417770,1.000000;;
            }

            Frame Bip001_L_Finger11 {
             

             FrameTransformMatrix {
              0.377517,-0.000000,0.926002,0.000000,-0.000000,1.000000,0.000000,0.000000,-0.926002,-0.000000,0.377517,0.000000,4.650638,0.000000,0.000000,1.000000;;
             }

             Frame Bip001_L_Finger12 {
              

              FrameTransformMatrix {
               0.969063,0.000000,0.246815,0.000000,0.000000,1.000000,-0.000000,0.000000,-0.246815,0.000000,0.969063,0.000000,4.650635,0.000008,-0.000004,1.000000;;
              }

              Frame Bip001_L_Finger1Nub {
               

               FrameTransformMatrix {
                1.000000,0.000000,0.000000,0.000000,-0.000000,1.000000,0.000000,0.000000,0.000000,-0.000000,1.000000,0.000000,4.650635,0.000000,0.000000,1.000000;;
               }
              }
             }
            }
           }

           Frame Bip001_L_Finger2 {
            

            FrameTransformMatrix {
             0.939503,0.044198,0.339678,0.000000,-0.054546,0.998291,0.020970,0.000000,-0.338171,-0.038229,0.940308,0.000000,11.686764,-1.501328,-0.364777,1.000000;;
            }

            Frame Bip001_L_Finger21 {
             

             FrameTransformMatrix {
              0.544022,-0.000000,0.839071,0.000000,-0.000000,1.000000,-0.000000,0.000000,-0.839071,0.000000,0.544022,0.000000,4.698433,-0.000008,0.000000,1.000000;;
             }

             Frame Bip001_L_Finger22 {
              

              FrameTransformMatrix {
               0.544022,0.000000,0.839071,0.000000,-0.000000,1.000000,-0.000000,0.000000,-0.839071,0.000000,0.544022,0.000000,5.425751,0.000000,0.000000,1.000000;;
              }

              Frame Bip001_L_Finger2Nub {
               

               FrameTransformMatrix {
                1.000000,-0.000000,0.000000,0.000000,0.000000,1.000000,0.000000,0.000000,0.000000,0.000000,1.000000,0.000000,5.425751,0.000000,0.000000,1.000000;;
               }
              }
             }
            }
           }

           Frame Bip001_L_Finger3 {
            

            FrameTransformMatrix {
             0.919759,0.061555,0.387626,0.000000,-0.084190,0.995578,0.041667,0.000000,-0.383347,-0.070958,0.920874,0.000000,11.686188,1.606094,-0.362915,1.000000;;
            }

            Frame Bip001_L_Finger31 {
             

             FrameTransformMatrix {
              0.469614,0.000000,0.882872,0.000000,0.000000,1.000000,-0.000000,0.000000,-0.882872,0.000000,0.469614,0.000000,4.316540,0.000000,0.000015,1.000000;;
             }

             Frame Bip001_L_Finger32 {
              

              FrameTransformMatrix {
               0.469614,0.000000,0.882872,0.000000,0.000000,1.000000,-0.000000,0.000000,-0.882872,0.000000,0.469614,0.000000,4.650650,0.000000,-0.000004,1.000000;;
              }

              Frame Bip001_L_Finger3Nub {
               

               FrameTransformMatrix {
                1.000000,0.000000,0.000000,0.000000,0.000000,1.000000,0.000000,0.000000,-0.000000,-0.000000,1.000000,0.000000,4.650650,0.000008,0.000008,1.000000;;
               }
              }
             }
            }
           }

           Frame Bip001_L_Finger4 {
            

            FrameTransformMatrix {
             0.882691,0.035849,0.468585,0.000000,-0.043233,0.999053,0.005008,0.000000,-0.467962,-0.024679,0.883404,0.000000,10.216774,4.386826,-0.631790,1.000000;;
            }

            Frame Bip001_L_Finger41 {
             

             FrameTransformMatrix {
              0.691345,0.000000,0.722525,0.000000,-0.000000,1.000000,-0.000000,0.000000,-0.722525,-0.000000,0.691345,0.000000,3.003708,0.000000,0.000000,1.000000;;
             }

             Frame Bip001_L_Finger42 {
              

              FrameTransformMatrix {
               0.691345,-0.000000,0.722525,0.000000,0.000000,1.000000,-0.000000,0.000000,-0.722525,0.000000,0.691345,0.000000,3.003708,0.000008,-0.000008,1.000000;;
              }

              Frame Bip001_L_Finger4Nub {
               

               FrameTransformMatrix {
                1.000000,-0.000000,0.000000,0.000000,0.000000,1.000000,-0.000000,0.000000,0.000000,0.000000,1.000000,0.000000,3.003708,-0.000008,0.000008,1.000000;;
               }
              }
             }
            }
           }
          }
         }
        }
       }

       Frame Bip001_R_Clavicle {
        

        FrameTransformMatrix {
         0.203214,-0.974730,0.092768,0.000000,-0.947492,-0.171870,0.269665,0.000000,-0.246907,-0.142697,-0.958475,0.000000,0.000000,-4.340600,0.007423,1.000000;;
        }

        Frame Bip001_R_UpperArm {
         

         FrameTransformMatrix {
          -0.039633,0.496585,-0.867083,0.000000,-0.946875,0.258501,0.191326,0.000000,0.319152,0.828601,0.459959,0.000000,16.122219,0.000000,-0.000011,1.000000;;
         }

         Frame Bip001_R_Forearm {
          

          FrameTransformMatrix {
           -0.047720,0.000000,-0.998861,0.000000,0.000000,1.000000,-0.000000,0.000000,0.998861,0.000000,-0.047720,0.000000,44.136826,-0.000008,0.000000,1.000000;;
          }

          Frame Bip001_R_Hand {
           

           FrameTransformMatrix {
            0.986450,-0.131679,-0.097859,0.000000,-0.141241,-0.378155,-0.914905,0.000000,0.083468,0.916330,-0.391629,0.000000,37.683379,-0.000008,0.000000,1.000000;;
           }

           Frame Bip001_R_Finger0 {
            

            FrameTransformMatrix {
             0.049494,0.567669,0.821768,0.000000,-0.435575,-0.728143,0.529228,0.000000,0.898791,-0.384136,0.211224,0.000000,4.289871,5.456871,2.394808,1.000000;;
            }

            Frame Bip001_R_Finger01 {
             

             FrameTransformMatrix {
              0.446311,0.000000,0.894878,0.000000,0.000000,1.000000,0.000000,0.000000,-0.894878,0.000000,0.446311,0.000000,3.875534,0.000000,-0.000008,1.000000;;
             }

             Frame Bip001_R_Finger02 {
              

              FrameTransformMatrix {
               0.691782,0.000000,0.722107,0.000000,0.000000,1.000000,0.000000,0.000000,-0.722107,0.000000,0.691782,0.000000,3.875534,0.000015,0.000004,1.000000;;
              }

              Frame Bip001_R_Finger0Nub {
               

               FrameTransformMatrix {
                -1.000000,-0.000000,0.000000,0.000000,-0.000000,1.000000,0.000000,0.000000,-0.000000,-0.000000,-1.000000,0.000000,3.875534,0.000000,0.000000,1.000000;;
               }
              }
             }
            }
           }

           Frame Bip001_R_Finger1 {
            

            FrameTransformMatrix {
             0.904147,-0.092632,0.417058,0.000000,0.084419,0.995700,0.038140,0.000000,-0.418798,0.000723,0.908079,0.000000,11.734268,5.461204,-0.417759,1.000000;;
            }

            Frame Bip001_R_Finger11 {
             

             FrameTransformMatrix {
              0.074807,-0.000000,0.997198,0.000000,0.000000,1.000000,-0.000000,0.000000,-0.997198,-0.000000,0.074807,0.000000,4.650665,0.000000,0.000000,1.000000;;
             }

             Frame Bip001_R_Finger12 {
              

              FrameTransformMatrix {
               0.655587,-0.000000,0.755120,0.000000,0.000000,1.000000,0.000000,0.000000,-0.755120,-0.000000,0.655587,0.000000,4.650642,0.000000,0.000000,1.000000;;
              }

              Frame Bip001_R_Finger1Nub {
               

               FrameTransformMatrix {
                -1.000000,0.000000,0.000000,0.000000,0.000000,1.000000,0.000000,0.000000,-0.000000,-0.000000,-1.000000,0.000000,4.650635,-0.000008,0.000000,1.000000;;
               }
              }
             }
            }
           }

           Frame Bip001_R_Finger2 {
            

            FrameTransformMatrix {
             0.871366,-0.037335,0.489212,0.000000,0.054546,0.998291,-0.020970,0.000000,-0.487593,0.044957,0.871913,0.000000,11.686767,1.501320,-0.364780,1.000000;;
            }

            Frame Bip001_R_Finger21 {
             

             FrameTransformMatrix {
              0.581041,-0.000000,0.813874,0.000000,-0.000000,1.000000,0.000000,0.000000,-0.813874,0.000000,0.581041,0.000000,4.698456,0.000000,0.000000,1.000000;;
             }

             Frame Bip001_R_Finger22 {
              

              FrameTransformMatrix {
               0.522852,0.000000,0.852423,0.000000,0.000000,1.000000,0.000000,0.000000,-0.852423,0.000000,0.522852,0.000000,5.425747,-0.000008,0.000000,1.000000;;
              }

              Frame Bip001_R_Finger2Nub {
               

               FrameTransformMatrix {
                -1.000000,0.000000,0.000000,0.000000,0.000000,1.000000,-0.000000,0.000000,-0.000000,-0.000000,-1.000000,0.000000,5.425751,0.000008,0.000008,1.000000;;
               }
              }
             }
            }
           }

           Frame Bip001_R_Finger3 {
            

            FrameTransformMatrix {
             0.910505,-0.059872,0.409140,0.000000,0.084190,0.995578,-0.041667,0.000000,-0.404836,0.072384,0.911520,0.000000,11.686188,-1.606102,-0.362921,1.000000;;
            }

            Frame Bip001_R_Finger31 {
             

             FrameTransformMatrix {
              0.597120,-0.000000,0.802152,0.000000,-0.000000,1.000000,-0.000000,0.000000,-0.802152,0.000000,0.597120,0.000000,4.316544,-0.000008,0.000000,1.000000;;
             }

             Frame Bip001_R_Finger32 {
              

              FrameTransformMatrix {
               0.624751,0.000000,0.780824,0.000000,0.000000,1.000000,-0.000000,0.000000,-0.780824,-0.000000,0.624751,0.000000,4.650650,0.000000,0.000000,1.000000;;
              }

              Frame Bip001_R_Finger3Nub {
               

               FrameTransformMatrix {
                -1.000000,0.000000,0.000000,0.000000,-0.000000,1.000000,0.000000,0.000000,0.000000,-0.000000,-1.000000,0.000000,4.650635,0.000000,-0.000015,1.000000;;
               }
              }
             }
            }
           }

           Frame Bip001_R_Finger4 {
            

            FrameTransformMatrix {
             0.954539,-0.039826,0.295415,0.000000,0.043233,0.999053,-0.005008,0.000000,-0.294935,0.017552,0.955356,0.000000,10.216766,-4.386833,-0.631809,1.000000;;
            }

            Frame Bip001_R_Finger41 {
             

             FrameTransformMatrix {
              0.843363,-0.000000,0.537345,0.000000,0.000000,1.000000,-0.000000,0.000000,-0.537345,-0.000000,0.843362,0.000000,3.003708,0.000000,-0.000008,1.000000;;
             }

             Frame Bip001_R_Finger42 {
              

              FrameTransformMatrix {
               0.758945,0.000000,0.651155,0.000000,-0.000000,1.000000,0.000000,0.000000,-0.651155,0.000000,0.758945,0.000000,3.003716,0.000000,0.000000,1.000000;;
              }

              Frame Bip001_R_Finger4Nub {
               

               FrameTransformMatrix {
                -1.000000,-0.000000,0.000000,0.000000,0.000000,1.000000,-0.000000,0.000000,-0.000000,-0.000000,-1.000000,0.000000,3.003706,0.000008,0.000000,1.000000;;
               }
              }
             }
            }
           }
          }
         }
        }
       }

       Frame Bip001_Head {
        

        FrameTransformMatrix {
         0.881501,0.117758,-0.457264,0.000000,-0.334766,0.838810,-0.429336,0.000000,0.333000,0.531536,0.778833,0.000000,15.765366,-0.911515,-0.005142,1.000000;;
        }

        Frame Bip001_HeadNub {
         

         FrameTransformMatrix {
          1.000000,-0.000000,0.000000,0.000000,-0.000000,1.000000,0.000000,0.000000,0.000000,0.000000,1.000000,0.000000,29.144013,0.000000,-0.000004,1.000000;;
         }
        }
       }
      }
     }
    }
   }

   Frame Bip001_L_Thigh {
    

    FrameTransformMatrix {
     -0.506947,0.425068,0.749882,0.000000,0.293387,-0.732925,0.613796,0.000000,0.810512,0.531167,0.246845,0.000000,-16.022805,10.427850,-0.174438,1.000000;;
    }

    Frame Bip001_L_Calf {
     

     FrameTransformMatrix {
      0.689395,0.000000,-0.724386,0.000000,0.000000,1.000000,-0.000000,0.000000,0.724386,0.000000,0.689395,0.000000,54.040704,-0.000002,0.000000,1.000000;;
     }

     Frame Bip001_L_Foot {
      

      FrameTransformMatrix {
       0.991841,-0.018427,0.126143,0.000000,0.004714,0.994123,0.108153,0.000000,-0.127395,-0.106676,0.986099,0.000000,58.826867,0.000002,0.000000,1.000000;;
      }

      Frame Bip001_L_Toe0 {
       

       FrameTransformMatrix {
        0.000000,-0.000000,1.000000,0.000000,-0.000000,1.000000,0.000000,0.000000,-1.000000,-0.000000,-0.000000,0.000000,14.261973,0.000002,18.354530,1.000000;;
       }

       Frame Bip001_L_Toe01 {
        

        FrameTransformMatrix {
         1.000000,-0.000000,-0.000000,0.000000,0.000000,1.000000,0.000000,0.000000,0.000000,-0.000000,1.000000,0.000000,1.860256,-0.000000,0.000000,1.000000;;
        }

        Frame Bip001_L_Toe02 {
         

         FrameTransformMatrix {
          1.000000,-0.000000,-0.000000,0.000000,0.000000,1.000000,0.000000,0.000000,0.000000,-0.000000,1.000000,0.000000,1.860256,-0.000000,-0.000000,1.000000;;
         }

         Frame Bip001_L_Toe0Nub {
          

          FrameTransformMatrix {
           -1.000000,0.000000,-0.000000,0.000000,0.000000,1.000000,-0.000000,0.000000,0.000000,0.000000,-1.000000,0.000000,1.860256,0.000000,0.000000,1.000000;;
          }
         }
        }
       }
      }
     }
    }
   }

   Frame Bip001_R_Thigh {
    

    FrameTransformMatrix {
     -0.807648,-0.153226,0.569409,0.000000,0.199058,-0.979810,0.018680,0.000000,0.555050,0.128432,0.821842,0.000000,-9.985565,-10.372865,11.912395,1.000000;;
    }

    Frame Bip001_R_Calf {
     

     FrameTransformMatrix {
      0.732088,0.000000,-0.681210,0.000000,-0.000000,1.000000,-0.000000,0.000000,0.681210,-0.000000,0.732088,0.000000,53.736058,0.000000,-0.000002,1.000000;;
     }

     Frame Bip001_R_Foot {
      

      FrameTransformMatrix {
       0.826403,-0.176057,0.534849,0.000000,0.260161,0.961783,-0.085387,0.000000,-0.499375,0.209711,0.840623,0.000000,59.151955,0.000000,0.000002,1.000000;;
      }

      Frame Bip001_R_Toe0 {
       

       FrameTransformMatrix {
        0.000000,0.000000,1.000000,0.000000,-0.000000,1.000000,-0.000000,0.000000,-1.000000,-0.000000,-0.000000,0.000000,14.261973,-0.000004,18.354528,1.000000;;
       }

       Frame Bip001_R_Toe01 {
        

        FrameTransformMatrix {
         1.000000,0.000000,0.000000,0.000000,-0.000000,1.000000,-0.000000,0.000000,-0.000000,0.000000,1.000000,0.000000,1.860259,0.000004,0.000000,1.000000;;
        }

        Frame Bip001_R_Toe02 {
         

         FrameTransformMatrix {
          1.000000,0.000000,0.000000,0.000000,-0.000000,1.000000,-0.000000,0.000000,-0.000000,0.000000,1.000000,0.000000,1.860254,-0.000004,-0.000000,1.000000;;
         }

         Frame Bip001_R_Toe0Nub {
          

          FrameTransformMatrix {
           1.000000,0.000000,0.000000,0.000000,-0.000000,1.000000,-0.000000,0.000000,-0.000000,0.000000,1.000000,0.000000,1.860257,0.000000,-0.000000,1.000000;;
          }
         }
        }
       }
      }
     }
    }
   }
  }
 }
}

Frame Box001 {
 

 FrameTransformMatrix {
  0.667112,0.000000,0.000000,0.000000,0.000000,0.696682,0.000000,0.000000,0.000000,0.000000,0.492662,0.000000,0.000000,0.000000,0.000000,1.000000;;
 }

 Mesh Box001 {
  24;
  10.572250;20.364978;-176.362522;,
  13.727630;19.524347;-172.382810;,
  10.759648;19.175155;-172.335872;,
  13.540232;20.714168;-176.409459;,
  10.356416;22.117918;-175.308301;,
  13.511795;21.277288;-171.328602;,
  13.324399;22.467107;-175.355238;,
  10.543814;20.928096;-171.281664;,
  10.572250;20.364978;-176.362522;,
  13.324399;22.467107;-175.355238;,
  13.540232;20.714168;-176.409459;,
  10.356416;22.117918;-175.308301;,
  13.540232;20.714168;-176.409459;,
  13.511795;21.277288;-171.328602;,
  13.727630;19.524347;-172.382810;,
  13.324399;22.467107;-175.355238;,
  13.727630;19.524347;-172.382810;,
  10.543814;20.928096;-171.281664;,
  10.759648;19.175155;-172.335872;,
  13.511795;21.277288;-171.328602;,
  10.759648;19.175155;-172.335872;,
  10.356416;22.117918;-175.308301;,
  10.572250;20.364978;-176.362522;,
  10.543814;20.928096;-171.281664;;
  12;
  3;0,1,2;,
  3;1,0,3;,
  3;4,5,6;,
  3;5,4,7;,
  3;8,9,10;,
  3;9,8,11;,
  3;12,13,14;,
  3;13,12,15;,
  3;16,17,18;,
  3;17,16,19;,
  3;20,21,22;,
  3;21,20,23;;

  MeshMaterialList {
   1;
   12;
   0,
   0,
   0,
   0,
   0,
   0,
   0,
   0,
   0,
   0,
   0,
   0;

   Material  {
    0.529412;0.231373;0.031373;1.000000;;
    0.000000;
    0.000000;0.000000;0.000000;;
    0.000000;0.000000;0.000000;;
   }
  }

  DeclData {
   2;
   2;0;3;0;,
   1;0;5;0;;
   120;
   1037836862,
   3212032943,
   3197278703,
   1065353216,
   1065353216,
   1037836862,
   3212032943,
   3197278703,
   0,
   0,
   1037836862,
   3212032943,
   3197278702,
   1065353216,
   0,
   1037836862,
   3212032943,
   3197278702,
   0,
   1065353216,
   3185320461,
   1064549297,
   1049795045,
   0,
   1065353216,
   3185320477,
   1064549297,
   1049795048,
   1065353216,
   0,
   3185320428,
   1064549299,
   1049795039,
   1065353216,
   1065353216,
   3185320510,
   1064549295,
   1049795054,
   0,
   0,
   3180727867,
   1057087926,
   3210464891,
   0,
   1065353216,
   3180727879,
   1057087928,
   3210464889,
   1065353216,
   0,
   3180727899,
   1057087930,
   3210464888,
   1065353216,
   1065353216,
   3180727846,
   1057087923,
   3210464893,
   0,
   0,
   1065216176,
   1040339423,
   3154912720,
   0,
   1065353216,
   1065216176,
   1040339435,
   3154912738,
   1065353216,
   0,
   1065216176,
   1040339443,
   3154912753,
   1065353216,
   1065353216,
   1065216177,
   1040339415,
   3154912705,
   0,
   0,
   1033244245,
   3204571571,
   1062981244,
   0,
   1065353216,
   1033244245,
   3204571571,
   1062981244,
   1065353216,
   0,
   1033244245,
   3204571571,
   1062981244,
   1065353216,
   1065353216,
   1033244245,
   3204571571,
   1062981244,
   0,
   0,
   3212699824,
   3187823092,
   1007429105,
   0,
   1065353216,
   3212699824,
   3187823092,
   1007429105,
   1065353216,
   0,
   3212699824,
   3187823091,
   1007429106,
   1065353216,
   1065353216,
   3212699824,
   3187823091,
   1007429106,
   0,
   0;
  }

  XSkinMeshHeader {
   1;
   1;
   1;
  }

  SkinWeights {
   "Bip001_L_Toe0Nub";
   24;
   0,
   1,
   2,
   3,
   4,
   5,
   6,
   7,
   8,
   9,
   10,
   11,
   12,
   13,
   14,
   15,
   16,
   17,
   18,
   19,
   20,
   21,
   22,
   23;
   1.000000,
   1.000000,
   1.000000,
   1.000000,
   1.000000,
   1.000000,
   1.000000,
   1.000000,
   1.000000,
   1.000000,
   1.000000,
   1.000000,
   1.000000,
   1.000000,
   1.000000,
   1.000000,
   1.000000,
   1.000000,
   1.000000,
   1.000000,
   1.000000,
   1.000000,
   1.000000,
   1.000000;
   -0.182852,-0.641549,0.004260,0.000000,-0.004624,-0.003308,-0.696659,0.000000,0.473783,-0.135053,-0.002503,0.000000,54.288672,7.332138,0.271928,1.000000;;
  }
 }
}

AnimTicksPerSecond  {
 4800;
}

AnimationSet Anim1 {
 

 Animation {
  
  { Bip001 }

  AnimationKey S {
   1;
   2;
   0;3;1.000000,1.000000,1.000000;;,
   5600;3;1.000000,1.000000,1.000000;;;
  }

  AnimationKey R {
   0;
   36;
   0;4;0.706502,0.001745,-0.707708,-0.000906;;,
   160;4;0.752682,-0.003305,-0.658376,-0.000354;;,
   320;4;0.796629,-0.008394,-0.604410,0.000881;;,
   480;4;0.836971,-0.013457,-0.547076,0.002278;;,
   640;4;0.872686,-0.018427,-0.487922,0.003322;;,
   800;4;0.903135,-0.023248,-0.428713,0.003512;;,
   960;4;0.928070,-0.027871,-0.371354,0.002371;;,
   1120;4;0.947603,-0.032257,-0.317817,-0.000550;;,
   1280;4;0.963294,-0.037791,-0.265480,-0.012523;;,
   1440;4;0.971508,-0.042847,-0.231067,-0.030732;;,
   1600;4;0.967445,-0.042988,-0.246106,-0.040433;;,
   1760;4;0.951083,-0.037175,-0.304353,-0.037794;;,
   1920;4;0.924732,-0.028354,-0.378345,-0.030347;;,
   2080;4;0.884176,-0.017965,-0.466369,-0.020245;;,
   2240;4;0.824641,-0.007458,-0.565523,-0.009707;;,
   2400;4;0.741161,0.001697,-0.671324,-0.000993;;,
   2560;4;0.438273,0.003118,-0.898836,0.000116;;,
   2720;4;0.397386,0.003245,-0.917646,0.000250;;,
   2880;4;0.377303,0.003294,-0.926084,0.000316;;,
   3040;4;0.373731,0.003288,-0.927531,0.000329;;,
   3200;4;0.381859,0.003245,-0.924215,0.000305;;,
   3360;4;0.396705,0.003181,-0.917941,0.000257;;,
   3520;4;0.413307,0.003114,-0.910586,0.000202;;,
   3680;4;0.430458,0.003046,-0.902606,0.000143;;,
   3840;4;0.449926,0.002968,-0.893061,0.000075;;,
   4000;4;0.471305,0.002882,-0.881966,-0.000000;;,
   4160;4;0.494188,0.002788,-0.869351,-0.000082;;,
   4320;4;0.518174,0.002687,-0.855271,-0.000169;;,
   4480;4;0.542871,0.002579,-0.839812,-0.000260;;,
   4640;4;0.567899,0.002466,-0.823095,-0.000354;;,
   4800;4;0.592896,0.002349,-0.805275,-0.000449;;,
   4960;4;0.617524,0.002229,-0.786549,-0.000544;;,
   5120;4;0.641469,0.002107,-0.767146,-0.000639;;,
   5280;4;0.664445,0.001985,-0.747334,-0.000732;;,
   5440;4;0.686197,0.001863,-0.727413,-0.000821;;,
   5600;4;0.706502,0.001745,-0.707708,-0.000906;;;
  }

  AnimationKey T {
   2;
   36;
   0;3;-0.479831,115.094464,0.060048;;,
   160;3;-3.811082,112.649088,0.906050;;,
   320;3;-7.795351,110.280870,1.792020;;,
   480;3;-11.942875,107.931942,2.687982;;,
   640;3;-15.763888,105.544442,3.563960;;,
   800;3;-18.768629,103.060493,4.389977;;,
   960;3;-20.467334,100.422227,5.136057;;,
   1120;3;-20.370240,97.571770,5.772224;;,
   1280;3;-11.744810,93.841952,7.716413;;,
   1440;3;3.102427,89.377005,9.279790;;,
   1600;3;11.102661,85.336096,5.772224;;,
   1760;3;8.805767,81.719078,-3.419178;;,
   1920;3;2.759051,78.003878,-15.108334;;,
   2080;3;-5.110126,74.566752,-28.286909;;,
   2240;3;-12.874429,71.784032,-41.946608;;,
   2400;3;-18.606504,70.032019,-55.079104;;,
   2560;3;-13.338385,69.048813,-69.424442;;,
   2720;3;-13.861264,68.368890,-65.261037;;,
   2880;3;-15.091139,68.063226,-59.286797;;,
   3040;3;-16.615454,68.202707,-52.350310;;,
   3200;3;-18.021664,68.858285,-45.300170;;,
   3360;3;-18.897222,70.100858,-38.984941;;,
   3520;3;-18.829573,72.001376,-34.253242;;,
   3680;3;-18.044118,74.411546,-30.746707;;,
   3840;3;-17.058666,77.110726,-27.517123;;,
   4000;3;-15.899314,80.061203,-24.528414;;,
   4160;3;-14.592133,83.225286,-21.744410;;,
   4320;3;-13.163228,86.565261,-19.129018;;,
   4480;3;-11.638673,90.043450,-16.646093;;,
   4640;3;-10.044548,93.622176,-14.259491;;,
   4800;3;-8.406956,97.263712,-11.933121;;,
   4960;3;-6.751973,100.930374,-9.630832;;,
   5120;3;-5.105675,104.584480,-7.316488;;,
   5280;3;-3.494168,108.188326,-4.953988;;,
   5440;3;-1.943518,111.704230,-2.507175;;,
   5600;3;-0.479831,115.094464,0.060048;;;
  }
 }

 Animation {
  
  { Bip001_Pelvis }

  AnimationKey S {
   1;
   2;
   0;3;1.000000,1.000000,1.000000;;,
   5600;3;1.000000,1.000000,1.000000;;;
  }

  AnimationKey R {
   0;
   36;
   0;4;-0.494101,0.505831,0.494100,0.505831;;,
   160;4;-0.494568,0.505374,0.493632,0.506288;;,
   320;4;-0.495657,0.504305,0.492539,0.507351;;,
   480;4;-0.496899,0.503082,0.491287,0.508564;;,
   640;4;-0.497828,0.502162,0.490345,0.509472;;,
   800;4;-0.497983,0.502009,0.490188,0.509623;;,
   960;4;-0.496899,0.503082,0.491287,0.508564;;,
   1120;4;-0.494101,0.505831,0.494100,0.505831;;,
   1280;4;-0.481499,0.517840,0.506402,0.493515;;,
   1440;4;-0.462355,0.535003,0.524009,0.474778;;,
   1600;4;-0.454538,0.541660,0.530848,0.467120;;,
   1760;4;-0.464508,0.533135,0.522091,0.476887;;,
   1920;4;-0.482072,0.517307,0.505856,0.494075;;,
   2080;4;-0.501273,0.498724,0.486827,0.512834;;,
   2240;4;-0.516783,0.482634,0.470378,0.527963;;,
   2400;4;-0.523912,0.474886,0.462464,0.534908;;,
   2560;4;-0.525064,0.473611,0.461163,0.536030;;,
   2720;4;-0.525683,0.472924,0.460462,0.536633;;,
   2880;4;-0.525815,0.472778,0.460312,0.536761;;,
   3040;4;-0.525503,0.473125,0.460667,0.536457;;,
   3200;4;-0.524788,0.473917,0.461476,0.535761;;,
   3360;4;-0.523713,0.475105,0.462689,0.534714;;,
   3520;4;-0.522317,0.476639,0.464255,0.533355;;,
   3680;4;-0.520642,0.478469,0.466123,0.531723;;,
   3840;4;-0.518727,0.480544,0.468243,0.529857;;,
   4000;4;-0.516614,0.482815,0.470563,0.527798;;,
   4160;4;-0.514344,0.485232,0.473033,0.525585;;,
   4320;4;-0.511959,0.487748,0.475603,0.523260;;,
   4480;4;-0.509503,0.490313,0.478226,0.520865;;,
   4640;4;-0.507018,0.492882,0.480852,0.518441;;,
   4800;4;-0.504551,0.495407,0.483434,0.516034;;,
   4960;4;-0.502147,0.497844,0.485927,0.513688;;,
   5120;4;-0.499852,0.500148,0.488284,0.511448;;,
   5280;4;-0.497714,0.502276,0.490461,0.509360;;,
   5440;4;-0.495781,0.504184,0.492415,0.507472;;,
   5600;4;-0.494101,0.505831,0.494100,0.505831;;;
  }

  AnimationKey T {
   2;
   2;
   0;3;0.000000,0.000000,0.000000;;,
   5600;3;0.000000,0.000000,0.000000;;;
  }
 }

 Animation {
  
  { Bip001_Spine }

  AnimationKey S {
   1;
   2;
   0;3;1.000000,1.000000,1.000000;;,
   5600;3;1.000000,1.000000,1.000000;;;
  }

  AnimationKey R {
   0;
   36;
   0;4;0.936666,-0.275373,0.204860,0.069703;;,
   160;4;0.958796,-0.214819,0.174826,0.063228;;,
   320;4;0.977492,-0.148924,0.138485,0.056155;;,
   480;4;0.990500,-0.081059,0.099947,0.048484;;,
   640;4;0.997046,-0.014855,0.063554,0.040495;;,
   800;4;0.997837,0.046018,0.033684,0.032707;;,
   960;4;0.994744,0.098022,0.014569,0.025751;;,
   1120;4;0.990204,0.137787,0.010197,0.020178;;,
   1280;4;0.982920,0.182112,0.021418,0.015626;;,
   1440;4;0.972532,0.228285,0.044217,0.010581;;,
   1600;4;0.966674,0.244558,0.075518,0.005531;;,
   1760;4;0.968615,0.221431,0.112882,0.003291;;,
   1920;4;0.972002,0.177573,0.153810,0.004827;;,
   2080;4;0.972726,0.124476,0.195480,0.009889;;,
   2240;4;0.968998,0.073934,0.235191,0.016174;;,
   2400;4;0.961744,0.037626,0.270657,0.019431;;,
   2560;4;0.943579,-0.125390,0.306162,0.014148;;,
   2720;4;0.945780,-0.146903,0.289531,0.009604;;,
   2880;4;0.951144,-0.155470,0.266724,0.003684;;,
   3040;4;0.957863,-0.155709,0.241344,-0.002357;;,
   3200;4;0.964191,-0.152276,0.217014,-0.007264;;,
   3360;4;0.968733,-0.149908,0.197452,-0.009822;;,
   3520;4;0.970377,-0.153400,0.186438,-0.008882;;,
   3680;4;0.969932,-0.161541,0.181957,-0.005375;;,
   3840;4;0.969003,-0.169922,0.179329,-0.001032;;,
   4000;4;0.967630,-0.178534,0.178328,0.004028;;,
   4160;4;0.965845,-0.187368,0.178723,0.009687;;,
   4320;4;0.963675,-0.196417,0.180278,0.015828;;,
   4480;4;0.961147,-0.205669,0.182753,0.022336;;,
   4640;4;0.958289,-0.215117,0.185903,0.029101;;,
   4800;4;0.955138,-0.224750,0.189479,0.036019;;,
   4960;4;0.951733,-0.234559,0.193230,0.042992;;,
   5120;4;0.948125,-0.244534,0.196901,0.049929;;,
   5280;4;0.944368,-0.254668,0.200236,0.056745;;,
   5440;4;0.940525,-0.264950,0.202975,0.063362;;,
   5600;4;0.936666,-0.275373,0.204860,0.069703;;;
  }

  AnimationKey T {
   2;
   36;
   0;3;14.263474,-0.328320,-0.009809;;,
   160;3;14.262688,-0.329571,-0.011483;;,
   320;3;14.261726,-0.331034,-0.013834;;,
   480;3;14.260696,-0.332621,-0.016120;;,
   640;3;14.259698,-0.334229,-0.017674;;,
   800;3;14.258866,-0.335747,-0.017907;;,
   960;3;14.258362,-0.337074,-0.016294;;,
   1120;3;14.258218,-0.338089,-0.012348;;,
   1280;3;14.258515,-0.338781,0.004496;;,
   1440;3;14.259086,-0.337808,0.029261;;,
   1600;3;14.259872,-0.336853,0.039179;;,
   1760;3;14.260834,-0.337929,0.026777;;,
   1920;3;14.261848,-0.338660,0.004309;;,
   2080;3;14.262886,-0.337605,-0.021009;;,
   2240;3;14.263870,-0.335110,-0.041939;;,
   2400;3;14.264702,-0.333172,-0.051487;;,
   2560;3;14.265518,-0.328980,-0.052216;;,
   2720;3;14.265122,-0.328297,-0.053185;;,
   2880;3;14.264557,-0.327995,-0.053619;;,
   3040;3;14.263978,-0.327978,-0.053524;;,
   3200;3;14.263382,-0.328143,-0.052834;;,
   3360;3;14.262917,-0.328361,-0.051552;;,
   3520;3;14.262658,-0.328505,-0.049679;;,
   3680;3;14.262550,-0.328582,-0.047329;;,
   3840;3;14.262498,-0.328676,-0.044626;;,
   4000;3;14.262498,-0.328772,-0.041632;;,
   4160;3;14.262512,-0.328856,-0.038416;;,
   4320;3;14.262581,-0.328922,-0.035042;;,
   4480;3;14.262672,-0.328965,-0.031572;;,
   4640;3;14.262771,-0.328974,-0.028063;;,
   4800;3;14.262894,-0.328947,-0.024582;;,
   4960;3;14.263024,-0.328885,-0.021190;;,
   5120;3;14.263154,-0.328787,-0.017956;;,
   5280;3;14.263275,-0.328658,-0.014936;;,
   5440;3;14.263382,-0.328501,-0.012201;;,
   5600;3;14.263474,-0.328320,-0.009809;;;
  }
 }

 Animation {
  
  { Bip001_Spine1 }

  AnimationKey S {
   1;
   2;
   0;3;1.000000,1.000000,1.000000;;,
   5600;3;1.000000,1.000000,1.000000;;;
  }

  AnimationKey R {
   0;
   36;
   0;4;0.999975,0.000000,-0.007058,-0.000000;;,
   160;4;0.999950,0.000000,-0.009962,-0.000000;;,
   320;4;0.999914,-0.000000,-0.013125,-0.000000;;,
   480;4;0.999866,0.000000,-0.016353,-0.000000;;,
   640;4;0.999811,0.000000,-0.019451,-0.000000;;,
   800;4;0.999753,0.000000,-0.022225,0.000000;;,
   960;4;0.999700,-0.000000,-0.024483,0.000000;;,
   1120;4;0.999661,0.000000,-0.026029,0.000000;;,
   1280;4;0.999640,0.000000,-0.026836,0.000000;;,
   1440;4;0.999633,0.000000,-0.027087,0.000000;;,
   1600;4;0.999638,0.000000,-0.026908,0.000000;;,
   1760;4;0.999651,0.000000,-0.026425,0.000000;;,
   1920;4;0.999668,-0.000000,-0.025763,0.000000;;,
   2080;4;0.999686,0.000000,-0.025047,-0.000000;;,
   2240;4;0.999702,-0.000000,-0.024402,0.000000;;,
   2400;4;0.999713,0.000000,-0.023954,0.000000;;,
   2560;4;0.999730,-0.000000,-0.023260,0.000000;;,
   2720;4;0.999728,-0.000000,-0.023310,-0.000000;;,
   2880;4;0.999723,0.000000,-0.023551,-0.000000;;,
   3040;4;0.999716,0.000000,-0.023826,0.000000;;,
   3200;4;0.999713,0.000000,-0.023974,-0.000000;;,
   3360;4;0.999716,-0.000000,-0.023839,-0.000000;;,
   3520;4;0.999729,0.000000,-0.023260,0.000000;;,
   3680;4;0.999750,-0.000000,-0.022350,0.000000;;,
   3840;4;0.999773,-0.000000,-0.021332,0.000000;;,
   4000;4;0.999796,0.000000,-0.020220,-0.000000;;,
   4160;4;0.999819,0.000000,-0.019030,-0.000000;;,
   4320;4;0.999842,0.000000,-0.017775,-0.000000;;,
   4480;4;0.999864,0.000000,-0.016468,-0.000000;;,
   4640;4;0.999886,-0.000000,-0.015123,-0.000000;;,
   4800;4;0.999905,-0.000000,-0.013756,-0.000000;;,
   4960;4;0.999923,0.000000,-0.012379,-0.000000;;,
   5120;4;0.999939,-0.000000,-0.011007,-0.000000;;,
   5280;4;0.999953,-0.000000,-0.009653,-0.000000;;,
   5440;4;0.999965,0.000000,-0.008333,-0.000000;;,
   5600;4;0.999975,0.000000,-0.007058,-0.000000;;;
  }

  AnimationKey T {
   2;
   12;
   0;3;16.122048,-0.000000,-0.012840;;,
   320;3;16.121971,0.000001,-0.012840;;,
   480;3;16.121773,-0.000001,-0.012827;;,
   960;3;16.121696,0.000001,-0.012825;;,
   1120;3;16.121558,-0.000000,-0.012821;;,
   3680;3;16.121528,-0.000001,-0.012818;;,
   3840;3;16.121666,0.000001,-0.012823;;,
   4320;3;16.121704,0.000003,-0.012831;;,
   4480;3;16.121811,0.000000,-0.012836;;,
   5120;3;16.121834,0.000001,-0.012833;;,
   5280;3;16.121963,0.000001,-0.012836;;,
   5600;3;16.121994,-0.000001,-0.012833;;;
  }
 }

 Animation {
  
  { Bip001_Spine2 }

  AnimationKey S {
   1;
   2;
   0;3;1.000000,1.000000,1.000000;;,
   5600;3;1.000000,1.000000,1.000000;;;
  }

  AnimationKey R {
   0;
   36;
   0;4;0.999989,-0.000000,-0.004682,-0.000000;;,
   160;4;0.999971,0.000000,-0.007586,-0.000000;;,
   320;4;0.999942,0.000000,-0.010749,-0.000000;;,
   480;4;0.999902,0.000000,-0.013977,-0.000000;;,
   640;4;0.999854,-0.000000,-0.017075,-0.000000;;,
   800;4;0.999803,0.000000,-0.019850,-0.000000;;,
   960;4;0.999756,0.000000,-0.022107,-0.000000;;,
   1120;4;0.999720,-0.000000,-0.023653,0.000000;;,
   1280;4;0.999701,0.000000,-0.024460,0.000000;;,
   1440;4;0.999695,0.000000,-0.024712,0.000000;;,
   1600;4;0.999699,-0.000000,-0.024533,0.000000;;,
   1760;4;0.999711,0.000000,-0.024050,-0.000000;;,
   1920;4;0.999727,-0.000000,-0.023388,0.000000;;,
   2080;4;0.999743,-0.000000,-0.022671,0.000000;;,
   2240;4;0.999757,0.000000,-0.022027,0.000000;;,
   2400;4;0.999767,0.000000,-0.021579,-0.000000;;,
   2560;4;0.999782,0.000000,-0.020885,-0.000000;;,
   2720;4;0.999781,0.000000,-0.020935,-0.000000;;,
   2880;4;0.999776,0.000000,-0.021176,-0.000000;;,
   3040;4;0.999770,-0.000000,-0.021450,-0.000000;;,
   3200;4;0.999767,-0.000000,-0.021599,0.000000;;,
   3360;4;0.999770,0.000000,-0.021463,-0.000000;;,
   3520;4;0.999782,0.000000,-0.020885,-0.000000;;,
   3680;4;0.999801,-0.000000,-0.019974,-0.000000;;,
   3840;4;0.999820,0.000000,-0.018956,-0.000000;;,
   4000;4;0.999841,-0.000000,-0.017845,-0.000000;;,
   4160;4;0.999861,0.000000,-0.016654,-0.000000;;,
   4320;4;0.999881,-0.000000,-0.015399,-0.000000;;,
   4480;4;0.999901,0.000000,-0.014092,-0.000000;;,
   4640;4;0.999919,0.000000,-0.012748,-0.000000;;,
   4800;4;0.999935,0.000000,-0.011380,-0.000000;;,
   4960;4;0.999950,0.000000,-0.010003,-0.000000;;,
   5120;4;0.999963,0.000000,-0.008631,-0.000000;;,
   5280;4;0.999974,-0.000000,-0.007277,-0.000000;;,
   5440;4;0.999982,-0.000000,-0.005956,-0.000000;;,
   5600;4;0.999989,-0.000000,-0.004682,-0.000000;;;
  }

  AnimationKey T {
   2;
   12;
   0;3;16.122101,0.000001,-0.012833;;,
   320;3;16.122010,-0.000002,-0.012833;;,
   480;3;16.121856,0.000000,-0.012835;;,
   800;3;16.121795,0.000001,-0.012831;;,
   960;3;16.121643,0.000001,-0.012827;;,
   3680;3;16.121613,0.000000,-0.012819;;,
   3840;3;16.121726,-0.000001,-0.012825;;,
   4480;3;16.121750,0.000002,-0.012829;;,
   4640;3;16.121888,-0.000001,-0.012836;;,
   5280;3;16.121941,-0.000001,-0.012835;;,
   5440;3;16.122070,-0.000001,-0.012844;;,
   5600;3;16.122101,0.000001,-0.012833;;;
  }
 }

 Animation {
  
  { Bip001_Spine3 }

  AnimationKey S {
   1;
   2;
   0;3;1.000000,1.000000,1.000000;;,
