xof 0303txt 0032
template Frame {
 <3d82ab46-62da-11cf-ab39-0020af71e433>
 [...]
}

template Matrix4x4 {
 <f6f23f45-7686-11cf-8f52-0040333594a3>
 array FLOAT matrix[16];
}

template FrameTransformMatrix {
 <f6f23f41-7686-11cf-8f52-0040333594a3>
 Matrix4x4 frameMatrix;
}

template Vector {
 <3d82ab5e-62da-11cf-ab39-0020af71e433>
 FLOAT x;
 FLOAT y;
 FLOAT z;
}

template MeshFace {
 <3d82ab5f-62da-11cf-ab39-0020af71e433>
 DWORD nFaceVertexIndices;
 array DWORD faceVertexIndices[nFaceVertexIndices];
}

template Mesh {
 <3d82ab44-62da-11cf-ab39-0020af71e433>
 DWORD nVertices;
 array Vector vertices[nVertices];
 DWORD nFaces;
 array MeshFace faces[nFaces];
 [...]
}

template ColorRGBA {
 <35ff44e0-6c7c-11cf-8f52-0040333594a3>
 FLOAT red;
 FLOAT green;
 FLOAT blue;
 FLOAT alpha;
}

template ColorRGB {
 <d3e16e81-7835-11cf-8f52-0040333594a3>
 FLOAT red;
 FLOAT green;
 FLOAT blue;
}

template Material {
 <3d82ab4d-62da-11cf-ab39-0020af71e433>
 ColorRGBA faceColor;
 FLOAT power;
 ColorRGB specularColor;
 ColorRGB emissiveColor;
 [...]
}

template MeshMaterialList {
 <f6f23f42-7686-11cf-8f52-0040333594a3>
 DWORD nMaterials;
 DWORD nFaceIndexes;
 array DWORD faceIndexes[nFaceIndexes];
 [Material <3d82ab4d-62da-11cf-ab39-0020af71e433>]
}

template VertexElement {
 <f752461c-1e23-48f6-b9f8-8350850f336f>
 DWORD Type;
 DWORD Method;
 DWORD Usage;
 DWORD UsageIndex;
}

template DeclData {
 <bf22e553-292c-4781-9fea-62bd554bdd93>
 DWORD nElements;
 array VertexElement Elements[nElements];
 DWORD nDWords;
 array DWORD data[nDWords];
}

template XSkinMeshHeader {
 <3cf169ce-ff7c-44ab-93c0-f78f62d172e2>
 WORD nMaxSkinWeightsPerVertex;
 WORD nMaxSkinWeightsPerFace;
 WORD nBones;
}

template SkinWeights {
 <6f0d123b-bad2-4167-a0d0-80224f25fabb>
 STRING transformNodeName;
 DWORD nWeights;
 array DWORD vertexIndices[nWeights];
 array FLOAT weights[nWeights];
 Matrix4x4 matrixOffset;
}

template AnimTicksPerSecond {
 <9e415a43-7ba6-4a73-8743-b73d47e88476>
 DWORD AnimTicksPerSecond;
}

template Animation {
 <3d82ab4f-62da-11cf-ab39-0020af71e433>
 [...]
}

template AnimationSet {
 <3d82ab50-62da-11cf-ab39-0020af71e433>
 [Animation <3d82ab4f-62da-11cf-ab39-0020af71e433>]
}

template FloatKeys {
 <10dd46a9-775b-11cf-8f52-0040333594a3>
 DWORD nValues;
 array FLOAT values[nValues];
}

template TimedFloatKeys {
 <f406b180-7b3b-11cf-8f52-0040333594a3>
 DWORD time;
 FloatKeys tfkeys;
}

template AnimationKey {
 <10dd46a8-775b-11cf-8f52-0040333594a3>
 DWORD keyType;
 DWORD nKeys;
 array TimedFloatKeys keys[nKeys];
}


Frame Bip001 {
 

 FrameTransformMatrix {
  -0.001703,-0.001190,-0.999998,0.000000,-0.003750,0.999992,-0.001183,0.000000,0.999992,0.003748,-0.001707,0.000000,-0.479831,115.063053,0.060048,1.000000;;
 }

 Frame Bip001_Pelvis {
  

  FrameTransformMatrix {
   0.000000,0.999725,0.023459,0.000000,-0.000001,-0.023459,0.999725,0.000000,1.000000,-0.000000,0.000001,0.000000,0.000000,0.000000,0.000000,1.000000;;
  }

  Frame Bip001_Spine {
   

   FrameTransformMatrix {
    0.906348,-0.243403,0.345383,0.000000,0.017751,0.838622,0.544424,0.000000,-0.422160,-0.487307,0.764404,0.000000,14.263474,-0.328320,-0.009809,1.000000;;
   }

   Frame Bip001_Spine1 {
    

    FrameTransformMatrix {
     0.999901,0.000000,-0.014116,0.000000,-0.000000,1.000000,0.000000,0.000000,0.014116,0.000000,0.999900,0.000000,16.122048,-0.000000,-0.012836,1.000000;;
    }

    Frame Bip001_Spine2 {
     

     FrameTransformMatrix {
      0.999956,0.000000,-0.009364,0.000000,-0.000000,1.000000,0.000000,0.000000,0.009364,-0.000000,0.999956,0.000000,16.122101,0.000001,-0.012829,1.000000;;
     }

     Frame Bip001_Spine3 {
      

      FrameTransformMatrix {
       0.999898,0.000000,0.014257,0.000000,-0.000000,1.000000,-0.000000,0.000000,-0.014256,-0.000000,0.999898,0.000000,16.122406,0.000000,-0.012833,1.000000;;
      }

      Frame Bip001_Neck {
       

       FrameTransformMatrix {
        0.968584,0.000001,0.248688,0.000000,-0.000001,1.000000,-0.000000,0.000000,-0.248688,-0.000000,0.968584,0.000000,16.124069,0.000001,-0.007183,1.000000;;
       }

       Frame Bip001_L_Clavicle {
        

        FrameTransformMatrix {
         0.168791,0.983020,-0.071984,0.000000,0.953587,-0.181340,-0.240389,0.000000,-0.249361,-0.028067,-0.968004,0.000000,-0.000015,4.340598,0.007393,1.000000;;
        }

        Frame Bip001_L_UpperArm {
         

         FrameTransformMatrix {
          0.634698,-0.373579,-0.676459,0.000000,0.578379,0.810189,0.095241,0.000000,0.512480,-0.451699,0.730297,0.000000,16.122222,0.000015,-0.000004,1.000000;;
         }

         Frame Bip001_L_Forearm {
          

          FrameTransformMatrix {
           0.105748,0.000000,-0.994393,0.000000,-0.000000,1.000000,0.000000,0.000000,0.994393,-0.000000,0.105748,0.000000,44.136819,0.000000,-0.000001,1.000000;;
          }

          Frame Bip001_L_Hand {
           

           FrameTransformMatrix {
            0.981935,-0.026116,0.187409,0.000000,-0.189210,-0.125574,0.973874,0.000000,-0.001900,-0.991740,-0.128247,0.000000,37.683366,-0.000015,-0.000004,1.000000;;
           }

           Frame Bip001_L_Finger0 {
            

            FrameTransformMatrix {
             0.458539,-0.296077,0.837902,0.000000,0.846348,-0.142026,-0.513347,0.000000,0.270994,0.944546,0.185460,0.000000,4.289879,-5.456856,2.394806,1.000000;;
            }

            Frame Bip001_L_Finger01 {
             

             FrameTransformMatrix {
              0.926974,0.000000,0.375125,0.000000,-0.000000,1.000000,-0.000000,0.000000,-0.375125,0.000000,0.926974,0.000000,3.875542,0.000000,-0.000015,1.000000;;
             }

             Frame Bip001_L_Finger02 {
              

              FrameTransformMatrix {
               0.944211,0.000000,0.329340,0.000000,0.000000,1.000000,0.000000,0.000000,-0.329340,-0.000000,0.944212,0.000000,3.875542,0.000015,0.000015,1.000000;;
              }

              Frame Bip001_L_Finger0Nub {
               

               FrameTransformMatrix {
                1.000000,0.000000,0.000000,0.000000,-0.000000,1.000000,-0.000000,0.000000,0.000000,-0.000000,1.000000,0.000000,3.875542,0.000000,-0.000002,1.000000;;
               }
              }
             }
            }
           }

           Frame Bip001_L_Finger1 {
            

            FrameTransformMatrix {
             0.817774,-0.000458,0.575539,0.000000,-0.000000,1.000000,0.000796,0.000000,-0.575539,-0.000651,0.817774,0.000000,11.734276,-5.461197,-0.417755,1.000000;;
            }

            Frame Bip001_L_Finger11 {
             

             FrameTransformMatrix {
              0.377517,0.000000,0.926003,0.000000,0.000000,1.000000,0.000000,0.000000,-0.926002,-0.000000,0.377517,0.000000,4.650642,0.000004,0.000000,1.000000;;
             }

             Frame Bip001_L_Finger12 {
              

              FrameTransformMatrix {
               0.969063,0.000000,0.246815,0.000000,0.000000,1.000000,0.000000,0.000000,-0.246815,-0.000000,0.969063,0.000000,4.650665,0.000004,0.000000,1.000000;;
              }

              Frame Bip001_L_Finger1Nub {
               

               FrameTransformMatrix {
                1.000000,0.000000,0.000000,0.000000,0.000000,1.000000,0.000000,0.000000,0.000000,0.000000,1.000000,0.000000,4.650650,-0.000004,-0.000008,1.000000;;
               }
              }
             }
            }
           }

           Frame Bip001_L_Finger2 {
            

            FrameTransformMatrix {
             0.901371,0.040193,0.431178,0.000000,-0.054546,0.998291,0.020970,0.000000,-0.429598,-0.042421,0.902023,0.000000,11.686760,-1.501320,-0.364777,1.000000;;
            }

            Frame Bip001_L_Finger21 {
             

             FrameTransformMatrix {
              0.458205,0.000000,0.888847,0.000000,0.000000,1.000000,-0.000000,0.000000,-0.888847,-0.000000,0.458205,0.000000,4.698425,0.000000,0.000000,1.000000;;
             }

             Frame Bip001_L_Finger22 {
              

              FrameTransformMatrix {
               0.458205,-0.000000,0.888847,0.000000,-0.000000,1.000000,0.000000,0.000000,-0.888847,-0.000000,0.458205,0.000000,5.425751,0.000008,0.000000,1.000000;;
              }

              Frame Bip001_L_Finger2Nub {
               

               FrameTransformMatrix {
                1.000000,0.000000,0.000000,0.000000,-0.000000,1.000000,0.000000,0.000000,-0.000000,0.000000,1.000000,0.000000,5.425751,-0.000015,0.000008,1.000000;;
               }
              }
             }
            }
           }

           Frame Bip001_L_Finger3 {
            

            FrameTransformMatrix {
             0.916309,0.060921,0.395812,0.000000,-0.084190,0.995578,0.041667,0.000000,-0.391523,-0.071503,0.917386,0.000000,11.686191,1.606098,-0.362930,1.000000;;
            }

            Frame Bip001_L_Finger31 {
             

             FrameTransformMatrix {
              0.461733,0.000000,0.887019,0.000000,-0.000000,1.000000,-0.000000,0.000000,-0.887019,0.000000,0.461733,0.000000,4.316551,0.000008,0.000000,1.000000;;
             }

             Frame Bip001_L_Finger32 {
              

              FrameTransformMatrix {
               0.461733,-0.000000,0.887019,0.000000,0.000000,1.000000,-0.000000,0.000000,-0.887019,0.000000,0.461733,0.000000,4.650635,0.000000,-0.000011,1.000000;;
              }

              Frame Bip001_L_Finger3Nub {
               

               FrameTransformMatrix {
                1.000000,0.000000,0.000000,0.000000,0.000000,1.000000,-0.000000,0.000000,0.000000,0.000000,1.000000,0.000000,4.650627,0.000008,0.000000,1.000000;;
               }
              }
             }
            }
           }

           Frame Bip001_L_Finger4 {
            

            FrameTransformMatrix {
             0.947658,0.039421,0.316846,0.000000,-0.043233,0.999053,0.005008,0.000000,-0.316348,-0.018444,0.948464,0.000000,10.216782,4.386826,-0.631805,1.000000;;
            }

            Frame Bip001_L_Finger41 {
             

             FrameTransformMatrix {
              0.800804,-0.000000,0.598926,0.000000,-0.000000,1.000000,-0.000000,0.000000,-0.598926,0.000000,0.800804,0.000000,3.003716,0.000004,0.000000,1.000000;;
             }

             Frame Bip001_L_Finger42 {
              

              FrameTransformMatrix {
               0.800804,-0.000000,0.598926,0.000000,0.000000,1.000000,0.000000,0.000000,-0.598926,-0.000000,0.800804,0.000000,3.003700,0.000004,0.000000,1.000000;;
              }

              Frame Bip001_L_Finger4Nub {
               

               FrameTransformMatrix {
                1.000000,0.000000,0.000000,0.000000,0.000000,1.000000,-0.000000,0.000000,0.000000,0.000000,1.000000,0.000000,3.003708,0.000004,0.000004,1.000000;;
               }
              }
             }
            }
           }
          }
         }
        }
       }

       Frame Bip001_R_Clavicle {
        

        FrameTransformMatrix {
         0.203214,-0.974730,0.092768,0.000000,-0.947492,-0.171870,0.269665,0.000000,-0.246907,-0.142697,-0.958475,0.000000,-0.000015,-4.340600,0.007416,1.000000;;
        }

        Frame Bip001_R_UpperArm {
         

         FrameTransformMatrix {
          0.113380,0.434586,-0.893465,0.000000,-0.870026,0.477686,0.121944,0.000000,0.479791,0.763512,0.432261,0.000000,16.122226,0.000000,0.000000,1.000000;;
         }

         Frame Bip001_R_Forearm {
          

          FrameTransformMatrix {
           -0.008081,0.000000,-0.999968,0.000000,-0.000000,1.000000,0.000000,0.000000,0.999967,-0.000000,-0.008081,0.000000,44.136819,0.000015,0.000000,1.000000;;
          }

          Frame Bip001_R_Hand {
           

           FrameTransformMatrix {
            0.986450,-0.131679,-0.097859,0.000000,-0.141241,-0.378155,-0.914905,0.000000,0.083468,0.916330,-0.391629,0.000000,37.683366,0.000000,-0.000015,1.000000;;
           }

           Frame Bip001_R_Finger0 {
            

            FrameTransformMatrix {
             0.049494,0.567669,0.821767,0.000000,-0.435575,-0.728143,0.529228,0.000000,0.898791,-0.384136,0.211224,0.000000,4.289886,5.456856,2.394806,1.000000;;
            }

            Frame Bip001_R_Finger01 {
             

             FrameTransformMatrix {
              0.446311,-0.000000,0.894878,0.000000,0.000000,1.000000,0.000000,0.000000,-0.894878,0.000000,0.446311,0.000000,3.875534,0.000000,0.000000,1.000000;;
             }

             Frame Bip001_R_Finger02 {
              

              FrameTransformMatrix {
               0.691782,-0.000000,0.722107,0.000000,0.000000,1.000000,0.000000,0.000000,-0.722107,-0.000000,0.691782,0.000000,3.875534,0.000000,0.000004,1.000000;;
              }

              Frame Bip001_R_Finger0Nub {
               

               FrameTransformMatrix {
                -1.000000,0.000000,-0.000000,0.000000,0.000000,1.000000,-0.000000,0.000000,0.000000,0.000000,-1.000000,0.000000,3.875542,0.000000,-0.000004,1.000000;;
               }
              }
             }
            }
           }

           Frame Bip001_R_Finger1 {
            

            FrameTransformMatrix {
             0.904147,-0.092632,0.417058,0.000000,0.084419,0.995700,0.038140,0.000000,-0.418798,0.000723,0.908079,0.000000,11.734283,5.461189,-0.417763,1.000000;;
            }

            Frame Bip001_R_Finger11 {
             

             FrameTransformMatrix {
              0.074807,0.000000,0.997198,0.000000,0.000000,1.000000,0.000000,0.000000,-0.997198,0.000000,0.074807,0.000000,4.650642,0.000000,0.000015,1.000000;;
             }

             Frame Bip001_R_Finger12 {
              

              FrameTransformMatrix {
               0.655587,0.000000,0.755120,0.000000,-0.000000,1.000000,-0.000000,0.000000,-0.755120,0.000000,0.655587,0.000000,4.650650,0.000000,0.000000,1.000000;;
              }

              Frame Bip001_R_Finger1Nub {
               

               FrameTransformMatrix {
                -1.000000,-0.000000,0.000000,0.000000,-0.000000,1.000000,0.000000,0.000000,-0.000000,-0.000000,-1.000000,0.000000,4.650650,-0.000008,-0.000004,1.000000;;
               }
              }
             }
            }
           }

           Frame Bip001_R_Finger2 {
            

            FrameTransformMatrix {
             0.680345,-0.021785,0.732568,0.000000,0.054546,0.998291,-0.020970,0.000000,-0.730859,0.054225,0.680370,0.000000,11.686767,1.501312,-0.364784,1.000000;;
            }

            Frame Bip001_R_Finger21 {
             

             FrameTransformMatrix {
              0.455131,0.000000,0.890425,0.000000,0.000000,1.000000,0.000000,0.000000,-0.890425,-0.000000,0.455131,0.000000,4.698429,-0.000015,-0.000015,1.000000;;
             }

             Frame Bip001_R_Finger22 {
              

              FrameTransformMatrix {
               0.236905,0.000000,0.971533,0.000000,0.000000,1.000000,-0.000000,0.000000,-0.971533,0.000000,0.236905,0.000000,5.425758,-0.000008,0.000000,1.000000;;
              }

              Frame Bip001_R_Finger2Nub {
               

               FrameTransformMatrix {
                -1.000000,0.000000,0.000000,0.000000,0.000000,1.000000,-0.000000,0.000000,-0.000000,-0.000000,-1.000000,0.000000,5.425751,0.000008,0.000000,1.000000;;
               }
              }
             }
            }
           }

           Frame Bip001_R_Finger3 {
            

            FrameTransformMatrix {
             0.928762,-0.063254,0.365239,0.000000,0.084190,0.995578,-0.041667,0.000000,-0.360989,0.069448,0.929981,0.000000,11.686188,-1.606110,-0.362915,1.000000;;
            }

            Frame Bip001_R_Finger31 {
             

             FrameTransformMatrix {
              0.032980,-0.000000,0.999456,0.000000,0.000000,1.000000,0.000000,0.000000,-0.999456,-0.000000,0.032980,0.000000,4.316544,0.000000,0.000000,1.000000;;
             }

             Frame Bip001_R_Finger32 {
              

              FrameTransformMatrix {
               0.472325,0.000000,0.881425,0.000000,0.000000,1.000000,0.000000,0.000000,-0.881425,-0.000000,0.472325,0.000000,4.650635,0.000008,0.000015,1.000000;;
              }

              Frame Bip001_R_Finger3Nub {
               

               FrameTransformMatrix {
                -1.000000,0.000000,0.000000,0.000000,-0.000000,1.000000,0.000000,0.000000,-0.000000,-0.000000,-1.000000,0.000000,4.650650,-0.000015,-0.000004,1.000000;;
               }
              }
             }
            }
           }

           Frame Bip001_R_Finger4 {
            

            FrameTransformMatrix {
             0.927683,-0.038283,0.371401,0.000000,0.043233,0.999053,-0.005008,0.000000,-0.370858,0.020702,0.928459,0.000000,10.216782,-4.386833,-0.631813,1.000000;;
            }

            Frame Bip001_R_Finger41 {
             

             FrameTransformMatrix {
              0.797343,0.000000,0.603526,0.000000,-0.000000,1.000000,0.000000,0.000000,-0.603526,0.000000,0.797343,0.000000,3.003700,-0.000015,0.000000,1.000000;;
             }

             Frame Bip001_R_Finger42 {
              

              FrameTransformMatrix {
               0.760928,-0.000000,0.648836,0.000000,-0.000000,1.000000,-0.000000,0.000000,-0.648836,0.000000,0.760928,0.000000,3.003717,0.000008,0.000000,1.000000;;
              }

              Frame Bip001_R_Finger4Nub {
               

               FrameTransformMatrix {
                -1.000000,-0.000000,-0.000000,0.000000,-0.000000,1.000000,-0.000000,0.000000,0.000000,0.000000,-1.000000,0.000000,3.003700,-0.000008,0.000015,1.000000;;
               }
              }
             }
            }
           }
          }
         }
        }
       }

       Frame Bip001_Head {
        

        FrameTransformMatrix {
         0.881501,0.117758,-0.457264,0.000000,-0.334766,0.838810,-0.429336,0.000000,0.333000,0.531536,0.778833,0.000000,15.765366,-0.911515,-0.005142,1.000000;;
        }

        Frame Bip001_HeadNub {
         

         FrameTransformMatrix {
          1.000000,-0.000000,0.000000,0.000000,-0.000000,1.000000,0.000000,0.000000,0.000000,0.000000,1.000000,0.000000,29.144029,0.000000,0.000000,1.000000;;
         }
        }
       }
      }
     }
    }
   }

   Frame Bip001_L_Thigh {
    

    FrameTransformMatrix {
     -0.506947,0.425068,0.749882,0.000000,0.293387,-0.732925,0.613796,0.000000,0.810512,0.531167,0.246845,0.000000,-16.022805,10.427850,-0.174438,1.000000;;
    }

    Frame Bip001_L_Calf {
     

     FrameTransformMatrix {
      0.689395,0.000000,-0.724386,0.000000,0.000000,1.000000,-0.000000,0.000000,0.724386,0.000000,0.689395,0.000000,54.040723,0.000001,-0.000008,1.000000;;
     }

     Frame Bip001_L_Foot {
      

      FrameTransformMatrix {
       0.991841,-0.018427,0.126143,0.000000,0.004714,0.994123,0.108153,0.000000,-0.127395,-0.106676,0.986099,0.000000,58.826861,0.000000,-0.000004,1.000000;;
      }

      Frame Bip001_L_Toe0 {
       

       FrameTransformMatrix {
        0.000000,-0.000000,1.000000,0.000000,-0.000000,1.000000,0.000000,0.000000,-1.000000,-0.000000,-0.000000,0.000000,14.261971,0.000000,18.354528,1.000000;;
       }

       Frame Bip001_L_Toe01 {
        

        FrameTransformMatrix {
         1.000000,-0.000000,-0.000000,0.000000,0.000000,1.000000,0.000000,0.000000,0.000000,-0.000000,1.000000,0.000000,1.860256,0.000000,0.000000,1.000000;;
        }

        Frame Bip001_L_Toe02 {
         

         FrameTransformMatrix {
          1.000000,-0.000000,-0.000000,0.000000,0.000000,1.000000,0.000000,0.000000,0.000000,-0.000000,1.000000,0.000000,1.860256,-0.000000,-0.000000,1.000000;;
         }

         Frame Bip001_L_Toe0Nub {
          

          FrameTransformMatrix {
           -1.000000,0.000000,-0.000000,0.000000,0.000000,1.000000,-0.000000,0.000000,0.000000,0.000000,-1.000000,0.000000,1.860260,-0.000000,0.000000,1.000000;;
          }
         }
        }
       }
      }
     }
    }
   }

   Frame Bip001_R_Thigh {
    

    FrameTransformMatrix {
     -0.807648,-0.153226,0.569409,0.000000,0.199058,-0.979810,0.018680,0.000000,0.555050,0.128432,0.821842,0.000000,-9.985558,-10.372864,11.912395,1.000000;;
    }

    Frame Bip001_R_Calf {
     

     FrameTransformMatrix {
      0.732089,0.000000,-0.681209,0.000000,0.000000,1.000000,0.000000,0.000000,0.681209,-0.000000,0.732089,0.000000,53.736064,0.000000,0.000000,1.000000;;
     }

     Frame Bip001_R_Foot {
      

      FrameTransformMatrix {
       0.826403,-0.176057,0.534847,0.000000,0.260161,0.961782,-0.085387,0.000000,-0.499374,0.209711,0.840623,0.000000,59.151962,0.000002,-0.000004,1.000000;;
      }

      Frame Bip001_R_Toe0 {
       

       FrameTransformMatrix {
        0.000000,0.000000,1.000000,0.000000,-0.000000,1.000000,-0.000000,0.000000,-1.000000,-0.000000,-0.000000,0.000000,14.261973,0.000000,18.354530,1.000000;;
       }

       Frame Bip001_R_Toe01 {
        

        FrameTransformMatrix {
         1.000000,0.000000,0.000000,0.000000,-0.000000,1.000000,-0.000000,0.000000,-0.000000,0.000000,1.000000,0.000000,1.860257,0.000000,0.000000,1.000000;;
        }

        Frame Bip001_R_Toe02 {
         

         FrameTransformMatrix {
          1.000000,0.000000,0.000000,0.000000,-0.000000,1.000000,-0.000000,0.000000,-0.000000,0.000000,1.000000,0.000000,1.860256,-0.000004,0.000000,1.000000;;
         }

         Frame Bip001_R_Toe0Nub {
          

          FrameTransformMatrix {
           1.000000,0.000000,0.000000,0.000000,-0.000000,1.000000,-0.000000,0.000000,-0.000000,0.000000,1.000000,0.000000,1.860258,0.000000,-0.000000,1.000000;;
          }
         }
        }
       }
      }
     }
    }
   }
  }
 }
}

Frame Box001 {
 

 FrameTransformMatrix {
  0.667112,0.000000,0.000000,0.000000,0.000000,0.696682,0.000000,0.000000,0.000000,0.000000,0.492662,0.000000,0.000000,0.000000,0.000000,1.000000;;
 }

 Mesh Box001 {
  24;
  10.572254;20.319882;-176.362483;,
  13.727634;19.479251;-172.382784;,
  10.759651;19.130061;-172.335846;,
  13.540235;20.669074;-176.409421;,
  10.356418;22.072822;-175.308275;,
  13.511800;21.232194;-171.328563;,
  13.324401;22.422013;-175.355213;,
  10.543817;20.883002;-171.281626;,
  10.572254;20.319882;-176.362483;,
  13.324401;22.422013;-175.355213;,
  13.540235;20.669074;-176.409421;,
  10.356418;22.072822;-175.308275;,
  13.540235;20.669074;-176.409421;,
  13.511800;21.232194;-171.328563;,
  13.727634;19.479251;-172.382784;,
  13.324401;22.422013;-175.355213;,
  13.727634;19.479251;-172.382784;,
  10.543817;20.883002;-171.281626;,
  10.759651;19.130061;-172.335846;,
  13.511800;21.232194;-171.328563;,
  10.759651;19.130061;-172.335846;,
  10.356418;22.072822;-175.308275;,
  10.572254;20.319882;-176.362483;,
  10.543817;20.883002;-171.281626;;
  12;
  3;0,1,2;,
  3;1,0,3;,
  3;4,5,6;,
  3;5,4,7;,
  3;8,9,10;,
  3;9,8,11;,
  3;12,13,14;,
  3;13,12,15;,
  3;16,17,18;,
  3;17,16,19;,
  3;20,21,22;,
  3;21,20,23;;

  MeshMaterialList {
   1;
   12;
   0,
   0,
   0,
   0,
   0,
   0,
   0,
   0,
   0,
   0,
   0,
   0;

   Material  {
    0.529412;0.231373;0.031373;1.000000;;
    0.000000;
    0.000000;0.000000;0.000000;;
    0.000000;0.000000;0.000000;;
   }
  }

  DeclData {
   2;
   2;0;3;0;,
   1;0;5;0;;
   120;
   1037836862,
   3212032943,
   3197278703,
   1065353216,
   1065353216,
   1037836862,
   3212032943,
   3197278703,
   0,
   0,
   1037836862,
   3212032943,
   3197278702,
   1065353216,
   0,
   1037836862,
   3212032943,
   3197278702,
   0,
   1065353216,
   3185320461,
   1064549297,
   1049795046,
   0,
   1065353216,
   3185320476,
   1064549297,
   1049795049,
   1065353216,
   0,
   3185320433,
   1064549298,
   1049795041,
   1065353216,
   1065353216,
   3185320506,
   1064549295,
   1049795054,
   0,
   0,
   3180727868,
   1057087926,
   3210464891,
   0,
   1065353216,
   3180727880,
   1057087927,
   3210464890,
   1065353216,
   0,
   3180727899,
   1057087930,
   3210464888,
   1065353216,
   1065353216,
   3180727850,
   1057087924,
   3210464892,
   0,
   0,
   1065216176,
   1040339446,
   3154912959,
   0,
   1065353216,
   1065216176,
   1040339427,
   3154912925,
   1065353216,
   0,
   1065216177,
   1040339413,
   3154912899,
   1065353216,
   1065353216,
   1065216175,
   1040339460,
   3154912985,
   0,
   0,
   1033244243,
   3204571571,
   1062981244,
   0,
   1065353216,
   1033244243,
   3204571571,
   1062981244,
   1065353216,
   0,
   1033244245,
   3204571571,
   1062981244,
   1065353216,
   1065353216,
   1033244241,
   3204571571,
   1062981244,
   0,
   0,
   3212699824,
   3187823092,
   1007429105,
   0,
   1065353216,
   3212699824,
   3187823092,
   1007429105,
   1065353216,
   0,
   3212699824,
   3187823091,
   1007429106,
   1065353216,
   1065353216,
   3212699824,
   3187823091,
   1007429106,
   0,
   0;
  }

  XSkinMeshHeader {
   1;
   1;
   1;
  }

  SkinWeights {
   "Bip001_L_Toe0Nub";
   24;
   0,
   1,
   2,
   3,
   4,
   5,
   6,
   7,
   8,
   9,
   10,
   11,
   12,
   13,
   14,
   15,
   16,
   17,
   18,
   19,
   20,
   21,
   22,
   23;
   1.000000,
   1.000000,
   1.000000,
   1.000000,
   1.000000,
   1.000000,
   1.000000,
   1.000000,
   1.000000,
   1.000000,
   1.000000,
   1.000000,
   1.000000,
   1.000000,
   1.000000,
   1.000000,
   1.000000,
   1.000000,
   1.000000,
   1.000000,
   1.000000,
   1.000000,
   1.000000,
   1.000000;
   -0.182852,-0.641549,0.004260,0.000000,-0.004624,-0.003308,-0.696659,0.000000,0.473783,-0.135053,-0.002503,0.000000,54.288454,7.331993,0.240512,1.000000;;
  }
 }
}

AnimTicksPerSecond  {
 4800;
}

AnimationSet Anim1 {
 

 Animation {
  
  { Bip001 }

  AnimationKey S {
   1;
   2;
   0;3;1.000000,1.000000,1.000000;;,
   5600;3;1.000000,1.000000,1.000000;;;
  }

  AnimationKey R {
   0;
   36;
   0;4;0.706502,0.001745,-0.707708,-0.000906;;,
   160;4;0.706478,-0.003293,-0.707703,-0.005936;;,
   320;4;0.706435,-0.007141,-0.707674,-0.009776;;,
   480;4;0.706377,-0.010690,-0.707629,-0.013320;;,
   640;4;0.706287,-0.014835,-0.707555,-0.017457;;,
   800;4;0.706126,-0.020467,-0.707414,-0.023079;;,
   960;4;0.705819,-0.028477,-0.707137,-0.031074;;,
   1120;4;0.705234,-0.039754,-0.706593,-0.042330;;,
   1280;4;0.698763,-0.070150,-0.708188,-0.072660;;,
   1440;4;0.689249,-0.111634,-0.706730,-0.114048;;,
   1600;4;0.694035,-0.129764,-0.695712,-0.132145;;,
   1760;4;0.717973,-0.119035,-0.674781,-0.122540;;,
   1920;4;0.748774,-0.098064,-0.647264,-0.103783;;,
   2080;4;0.781188,-0.069222,-0.615698,-0.076617;;,
   2240;4;0.810520,-0.035095,-0.583146,-0.042024;;,
   2400;4;0.832950,0.001531,-0.553345,-0.001235;;,
   2560;4;0.821092,0.089725,-0.549392,0.126203;;,
   2720;4;0.818330,0.104335,-0.545608,0.147517;;,
   2880;4;0.818720,0.109501,-0.541861,0.155224;;,
   3040;4;0.819477,0.108461,-0.541296,0.153925;;,
   3200;4;0.817416,0.104409,-0.546791,0.148152;;,
   3360;4;0.812643,0.099620,-0.556546,0.141221;;,
   3520;4;0.807461,0.094287,-0.566830,0.133493;;,
   3680;4;0.801861,0.088466,-0.577542,0.125049;;,
   3840;4;0.795839,0.082210,-0.588585,0.115971;;,
   4000;4;0.789394,0.075579,-0.599863,0.106341;;,
   4160;4;0.782534,0.068629,-0.611284,0.096245;;,
   4320;4;0.775269,0.061419,-0.622759,0.085769;;,
   4480;4;0.767621,0.054009,-0.634205,0.075002;;,
   4640;4;0.759614,0.046460,-0.645544,0.064033;;,
   4800;4;0.751285,0.038835,-0.656703,0.052953;;,
   4960;4;0.742674,0.031195,-0.667616,0.041853;;,
   5120;4;0.733831,0.023603,-0.678222,0.030824;;,
   5280;4;0.724811,0.016122,-0.688469,0.019960;;,
   5440;4;0.715679,0.008815,-0.698311,0.009353;;,
   5600;4;0.706502,0.001745,-0.707708,-0.000906;;;
  }

  AnimationKey T {
   2;
   36;
   0;3;-0.479831,115.063053,0.060048;;,
   160;3;-0.479831,113.608947,-2.309693;;,
   320;3;-0.479831,111.929958,-4.993128;;,
   480;3;-0.479831,110.194752,-7.754986;;,
   640;3;-0.479831,108.571981,-10.359998;;,
   800;3;-0.479831,107.230310,-12.572890;;,
   960;3;-0.479831,106.338349,-14.158395;;,
   1120;3;-0.479831,106.064774,-14.881238;;,
   1280;3;-0.479831,108.655770,-11.518896;;,
   1440;3;-0.479831,113.389235,-5.167740;;,
   1600;3;-0.479831,115.981312,-2.070850;;,
   1760;3;-0.479831,115.302195,-3.950500;;,
   1920;3;-0.479831,113.465114,-7.684299;;,
   2080;3;-0.479831,111.050650,-12.248322;;,
   2240;3;-0.479831,108.639475,-16.618654;;,
   2400;3;-0.479831,106.812186,-19.771370;;,
   2560;3;-0.479831,105.445574,-21.789528;;,
   2720;3;-0.479831,104.152525,-23.355754;;,
   2880;3;-0.479831,103.117946,-24.345437;;,
   3040;3;-0.479831,102.526611,-24.633992;;,
   3200;3;-0.479831,102.563469,-24.096818;;,
   3360;3;-0.479831,103.030253,-23.025478;;,
   3520;3;-0.479831,103.598010,-21.805611;;,
   3680;3;-0.479831,104.255526,-20.453710;;,
   3840;3;-0.479831,104.991590,-18.986277;;,
   4000;3;-0.479831,105.794976,-17.419829;;,
   4160;3;-0.479831,106.654458,-15.770862;;,
   4320;3;-0.479831,107.558822,-14.055886;;,
   4480;3;-0.479831,108.496858,-12.291396;;,
   4640;3;-0.479831,109.457318,-10.493898;;,
   4800;3;-0.479831,110.429018,-8.679898;;,
   4960;3;-0.479831,111.400717,-6.865882;;,
   5120;3;-0.479831,112.361165,-5.068386;;,
   5280;3;-0.479831,113.299200,-3.303896;;,
   5440;3;-0.479831,114.203571,-1.588917;;,
   5600;3;-0.479831,115.063053,0.060048;;;
  }
 }

 Animation {
  
  { Bip001_Pelvis }

  AnimationKey S {
   1;
   2;
   0;3;1.000000,1.000000,1.000000;;,
   5600;3;1.000000,1.000000,1.000000;;;
  }

  AnimationKey R {
   0;
   36;
   0;4;-0.494101,0.505831,0.494100,0.505831;;,
   160;4;-0.494568,0.505374,0.493632,0.506288;;,
   320;4;-0.495657,0.504306,0.492539,0.507351;;,
   480;4;-0.496899,0.503082,0.491287,0.508564;;,
   640;4;-0.497828,0.502162,0.490345,0.509472;;,
   800;4;-0.497983,0.502009,0.490188,0.509623;;,
   960;4;-0.496899,0.503082,0.491287,0.508564;;,
   1120;4;-0.494101,0.505831,0.494100,0.505831;;,
   1280;4;-0.481499,0.517840,0.506402,0.493515;;,
   1440;4;-0.462355,0.535003,0.524009,0.474778;;,
   1600;4;-0.454538,0.541660,0.530848,0.467120;;,
   1760;4;-0.464508,0.533135,0.522091,0.476887;;,
   1920;4;-0.482072,0.517307,0.505856,0.494075;;,
   2080;4;-0.501273,0.498724,0.486827,0.512834;;,
   2240;4;-0.516783,0.482634,0.470378,0.527963;;,
   2400;4;-0.523912,0.474886,0.462464,0.534908;;,
   2560;4;-0.525064,0.473611,0.461163,0.536030;;,
   2720;4;-0.525683,0.472924,0.460462,0.536633;;,
   2880;4;-0.525815,0.472778,0.460312,0.536761;;,
   3040;4;-0.525503,0.473125,0.460667,0.536457;;,
   3200;4;-0.524788,0.473917,0.461476,0.535761;;,
   3360;4;-0.523713,0.475105,0.462689,0.534714;;,
   3520;4;-0.522317,0.476639,0.464255,0.533355;;,
   3680;4;-0.520642,0.478469,0.466123,0.531723;;,
   3840;4;-0.518727,0.480544,0.468243,0.529857;;,
   4000;4;-0.516614,0.482815,0.470563,0.527798;;,
   4160;4;-0.514344,0.485232,0.473033,0.525585;;,
   4320;4;-0.511959,0.487748,0.475603,0.523260;;,
   4480;4;-0.509503,0.490313,0.478226,0.520865;;,
   4640;4;-0.507018,0.492882,0.480852,0.518442;;,
   4800;4;-0.504551,0.495407,0.483434,0.516034;;,
   4960;4;-0.502147,0.497844,0.485927,0.513688;;,
   5120;4;-0.499852,0.500148,0.488284,0.511448;;,
   5280;4;-0.497714,0.502276,0.490461,0.509360;;,
   5440;4;-0.495781,0.504184,0.492415,0.507472;;,
   5600;4;-0.494101,0.505831,0.494100,0.505831;;;
  }

  AnimationKey T {
   2;
   2;
   0;3;0.000000,0.000000,0.000000;;,
   5600;3;0.000000,0.000000,0.000000;;;
  }
 }

 Animation {
  
  { Bip001_Spine }

  AnimationKey S {
   1;
   2;
   0;3;1.000000,1.000000,1.000000;;,
   5600;3;1.000000,1.000000,1.000000;;;
  }

  AnimationKey R {
   0;
   36;
   0;4;0.936666,-0.275373,0.204860,0.069703;;,
   160;4;0.949486,-0.251501,0.177045,0.062283;;,
   320;4;0.961153,-0.226991,0.147291,0.054450;;,
   480;4;0.971270,-0.202056,0.116890,0.046314;;,
   640;4;0.979617,-0.176928,0.087148,0.038118;;,
   800;4;0.986154,-0.151864,0.059365,0.030238;;,
   960;4;0.991004,-0.127135,0.034817,0.023143;;,
   1120;4;0.994418,-0.103023,0.014753,0.017342;;,
   1280;4;0.997786,-0.065214,-0.000303,0.013059;;,
   1440;4;0.999640,-0.022973,-0.008035,0.011278;;,
   1600;4;0.999844,-0.012167,-0.004159,0.012125;;,
   1760;4;0.998670,-0.046254,0.015716,0.016475;;,
   1920;4;0.991607,-0.112590,0.057211,0.027679;;,
   2080;4;0.972546,-0.196471,0.115432,0.047222;;,
   2240;4;0.941755,-0.275053,0.179467,0.072359;;,
   2400;4;0.908605,-0.327865,0.240099,0.096406;;,
   2560;4;0.884184,-0.333621,0.303871,0.120741;;,
   2720;4;0.880401,-0.335034,0.311820,0.124153;;,
   2880;4;0.879979,-0.335200,0.312669,0.124564;;,
   3040;4;0.881724,-0.334455,0.309144,0.123015;;,
   3200;4;0.884378,-0.333105,0.303941,0.120564;;,
   3360;4;0.887248,-0.331229,0.298647,0.117846;;,
   3520;4;0.890426,-0.328742,0.293062,0.114827;;,
   3680;4;0.893856,-0.325714,0.287205,0.111562;;,
   3840;4;0.897483,-0.322218,0.281095,0.108101;;,
   4000;4;0.901254,-0.318327,0.274756,0.104496;;,
   4160;4;0.905115,-0.314118,0.268210,0.100795;;,
   4320;4;0.909019,-0.309668,0.261483,0.097042;;,
   4480;4;0.912917,-0.305055,0.254602,0.093283;;,
   4640;4;0.916764,-0.300364,0.247598,0.089555;;,
   4800;4;0.920520,-0.295676,0.240500,0.085896;;,
   4960;4;0.924145,-0.291079,0.233344,0.082341;;,
   5120;4;0.927603,-0.286659,0.226165,0.078918;;,
   5280;4;0.930863,-0.282508,0.218998,0.075655;;,
   5440;4;0.933893,-0.278715,0.211883,0.072577;;,
   5600;4;0.936666,-0.275373,0.204860,0.069703;;;
  }

  AnimationKey T {
   2;
   36;
   0;3;14.263474,-0.328320,-0.009809;;,
   160;3;14.262763,-0.328727,-0.011024;;,
   320;3;14.261986,-0.329174,-0.013015;;,
   480;3;14.261200,-0.329656,-0.015146;;,
   640;3;14.260406,-0.330175,-0.016784;;,
   800;3;14.259667,-0.330738,-0.017305;;,
   960;3;14.259018,-0.331342,-0.016098;;,
   1120;3;14.258477,-0.331953,-0.012552;;,
   1280;3;14.258056,-0.332500,0.003742;;,
   1440;3;14.257835,-0.331499,0.027889;;,
   1600;3;14.257942,-0.330455,0.037506;;,
   1760;3;14.258461,-0.331229,0.025253;;,
   1920;3;14.259574,-0.331382,0.003304;;,
   2080;3;14.261154,-0.329676,-0.021057;;,
   2240;3;14.262886,-0.326853,-0.040730;;,
   2400;3;14.264458,-0.325055,-0.049164;;,
   2560;3;14.265984,-0.325275,-0.049795;;,
   2720;3;14.266158,-0.325217,-0.050512;;,
   2880;3;14.266174,-0.325199,-0.050676;;,
   3040;3;14.266098,-0.325233,-0.050312;;,
   3200;3;14.265984,-0.325336,-0.049410;;,
   3360;3;14.265846,-0.325502,-0.048014;;,
   3520;3;14.265701,-0.325722,-0.046202;;,
   3680;3;14.265579,-0.325982,-0.044004;;,
   3840;3;14.265419,-0.326267,-0.041491;;,
   4000;3;14.265259,-0.326561,-0.038730;;,
   4160;3;14.265099,-0.326856,-0.035762;;,
   4320;3;14.264907,-0.327138,-0.032646;;,
   4480;3;14.264739,-0.327396,-0.029462;;,
   4640;3;14.264557,-0.327628,-0.026247;;,
   4800;3;14.264374,-0.327827,-0.023067;;,
   4960;3;14.264190,-0.327991,-0.019989;;,
   5120;3;14.264014,-0.328120,-0.017062;;,
   5280;3;14.263824,-0.328216,-0.014350;;,
   5440;3;14.263650,-0.328280,-0.011914;;,
   5600;3;14.263474,-0.328320,-0.009809;;;
  }
 }

 Animation {
  
  { Bip001_Spine1 }

  AnimationKey S {
   1;
   2;
   0;3;1.000000,1.000000,1.000000;;,
   5600;3;1.000000,1.000000,1.000000;;;
  }

  AnimationKey R {
   0;
   36;
   0;4;0.999975,0.000000,-0.007058,-0.000000;;,
   160;4;0.999951,-0.000000,-0.009889,-0.000000;;,
   320;4;0.999917,-0.000000,-0.012881,-0.000000;;,
   480;4;0.999873,0.000000,-0.015913,-0.000000;;,
   640;4;0.999822,0.000000,-0.018865,-0.000000;;,
   800;4;0.999766,-0.000000,-0.021615,-0.000000;;,
   960;4;0.999711,0.000000,-0.024043,0.000000;;,
   1120;4;0.999661,0.000000,-0.026029,0.000000;;,
   1280;4;0.999638,-0.000000,-0.026893,0.000000;;,
   1440;4;0.999646,0.000000,-0.026608,0.000000;;,
   1600;4;0.999661,-0.000000,-0.026034,0.000000;;,
   1760;4;0.999661,0.000000,-0.026029,0.000000;;,
   1920;4;0.999637,0.000000,-0.026947,0.000000;;,
   2080;4;0.999600,0.000000,-0.028288,0.000000;;,
   2240;4;0.999561,0.000000,-0.029630,0.000000;;,
   2400;4;0.999533,-0.000000,-0.030551,0.000000;;,
   2560;4;0.999583,0.000000,-0.028875,0.000000;;,
   2720;4;0.999582,0.000000,-0.028902,0.000000;;,
   2880;4;0.999571,-0.000000,-0.029282,0.000000;;,
   3040;4;0.999566,0.000000,-0.029458,-0.000000;;,
   3200;4;0.999583,0.000000,-0.028875,0.000000;;,
   3360;4;0.999617,0.000000,-0.027688,0.000000;;,
   3520;4;0.999651,0.000000,-0.026427,0.000000;;,
   3680;4;0.999685,0.000000,-0.025101,0.000000;;,
   3840;4;0.999719,0.000000,-0.023717,0.000000;;,
   4000;4;0.999752,0.000000,-0.022284,0.000000;;,
   4160;4;0.999784,-0.000000,-0.020811,0.000000;;,
   4320;4;0.999814,0.000000,-0.019305,0.000000;;,
   4480;4;0.999842,-0.000000,-0.017774,-0.000000;;,
   4640;4;0.999868,-0.000000,-0.016227,0.000000;;,
   4800;4;0.999892,0.000000,-0.014672,-0.000000;;,
   4960;4;0.999914,-0.000000,-0.013116,-0.000000;;,
   5120;4;0.999933,-0.000000,-0.011569,-0.000000;;,
   5280;4;0.999950,-0.000000,-0.010038,-0.000000;;,
   5440;4;0.999964,0.000000,-0.008532,-0.000000;;,
   5600;4;0.999975,0.000000,-0.007058,-0.000000;;;
  }

  AnimationKey T {
   2;
   12;
   0;3;16.122048,-0.000000,-0.012836;;,
   320;3;16.121971,-0.000000,-0.012836;;,
   480;3;16.121803,0.000000,-0.012833;;,
   800;3;16.121734,-0.000001,-0.012829;;,
   960;3;16.121597,0.000000,-0.012823;;,
   3840;3;16.121528,-0.000001,-0.012821;;,
   4000;3;16.121643,0.000001,-0.012833;;,
   4480;3;16.121690,0.000000,-0.012833;;,
   4640;3;16.121819,-0.000002,-0.012840;;,
   5280;3;16.121856,0.000000,-0.012844;;,
   5440;3;16.121994,0.000000,-0.012836;;,
   5600;3;16.122048,-0.000000,-0.012836;;;
  }
 }

 Animation {
  
  { Bip001_Spine2 }

  AnimationKey S {
   1;
   2;
   0;3;1.000000,1.000000,1.000000;;,
   5600;3;1.000000,1.000000,1.000000;;;
  }

  AnimationKey R {
   0;
   36;
   0;4;0.999989,-0.000000,-0.004682,-0.000000;;,
   160;4;0.999972,-0.000000,-0.007513,-0.000000;;,
   320;4;0.999945,0.000000,-0.010505,-0.000000;;,
   480;4;0.999908,-0.000000,-0.013537,-0.000000;;,
   640;4;0.999864,-0.000000,-0.016489,-0.000000;;,
   800;4;0.999815,-0.000000,-0.019239,-0.000000;;,
   960;4;0.999765,0.000000,-0.021668,-0.000000;;,
   1120;4;0.999720,-0.000000,-0.023653,0.000000;;,
   1280;4;0.999703,0.000000,-0.024353,0.000000;;,
   1440;4;0.999717,0.000000,-0.023795,0.000000;;,
   1600;4;0.999732,0.000000,-0.023166,0.000000;;,
   1760;4;0.999720,0.000000,-0.023653,0.000000;;,
   1920;4;0.999665,-0.000000,-0.025900,0.000000;;,
   2080;4;0.999575,0.000000,-0.029164,0.000000;;,
   2240;4;0.999470,0.000000,-0.032554,0.000000;;,
   2400;4;0.999381,-0.000000,-0.035177,0.000000;;,
   2560;4;0.999443,0.000000,-0.033369,0.000000;;,
   2720;4;0.999440,-0.000000,-0.033449,0.000000;;,
   2880;4;0.999424,0.000000,-0.033943,0.000000;;,
   3040;4;0.999417,0.000000,-0.034150,0.000000;;,
   3200;4;0.999443,0.000000,-0.033369,0.000000;;,
   3360;4;0.999494,-0.000000,-0.031808,0.000000;;,
   3520;4;0.999545,-0.000000,-0.030150,0.000000;;,
   3680;4;0.999597,-0.000000,-0.028406,0.000000;;,
   3840;4;0.999647,-0.000000,-0.026587,0.000000;;,
   4000;4;0.999695,0.000000,-0.024703,0.000000;;,
   4160;4;0.999741,-0.000000,-0.022766,0.000000;;,
   4320;4;0.999784,-0.000000,-0.020785,-0.000000;;,
   4480;4;0.999824,-0.000000,-0.018773,-0.000000;;,
   4640;4;0.999860,0.000000,-0.016738,-0.000000;;,
   4800;4;0.999892,0.000000,-0.014693,-0.000000;;,
   4960;4;0.999920,0.000000,-0.012648,-0.000000;;,
   5120;4;0.999944,0.000000,-0.010614,-0.000000;;,
   5280;4;0.999963,-0.000000,-0.008601,-0.000000;;,
   5440;4;0.999978,-0.000000,-0.006620,-0.000000;;,
   5600;4;0.999989,-0.000000,-0.004682,-0.000000;;;
  }

  AnimationKey T {
   2;
   18;
   0;3;16.122101,0.000001,-0.012829;;,
   320;3;16.122010,0.000000,-0.012836;;,
   480;3;16.121888,0.000001,-0.012836;;,
   640;3;16.121781,0.000000,-0.012830;;,
   800;3;16.121734,-0.000000,-0.012827;;,
   960;3;16.121627,-0.000001,-0.012829;;,
   1920;3;16.121627,0.000001,-0.012819;;,
   2080;3;16.121491,0.000000,-0.012814;;,
   2240;3;16.121384,0.000001,-0.012806;;,
   3360;3;16.121323,0.000000,-0.012802;;,
   3520;3;16.121429,0.000000,-0.012817;;,
   4000;3;16.121506,-0.000002,-0.012825;;,
   4160;3;16.121627,0.000000,-0.012817;;,
   4640;3;16.121696,-0.000001,-0.012836;;,
