xof 0303txt 0032
template Frame {
 <3d82ab46-62da-11cf-ab39-0020af71e433>
 [...]
}

template Matrix4x4 {
 <f6f23f45-7686-11cf-8f52-0040333594a3>
 array FLOAT matrix[16];
}

template FrameTransformMatrix {
 <f6f23f41-7686-11cf-8f52-0040333594a3>
 Matrix4x4 frameMatrix;
}

template Vector {
 <3d82ab5e-62da-11cf-ab39-0020af71e433>
 FLOAT x;
 FLOAT y;
 FLOAT z;
}

template MeshFace {
 <3d82ab5f-62da-11cf-ab39-0020af71e433>
 DWORD nFaceVertexIndices;
 array DWORD faceVertexIndices[nFaceVertexIndices];
}

template Mesh {
 <3d82ab44-62da-11cf-ab39-0020af71e433>
 DWORD nVertices;
 array Vector vertices[nVertices];
 DWORD nFaces;
 array MeshFace faces[nFaces];
 [...]
}

template VertexElement {
 <f752461c-1e23-48f6-b9f8-8350850f336f>
 DWORD Type;
 DWORD Method;
 DWORD Usage;
 DWORD UsageIndex;
}

template DeclData {
 <bf22e553-292c-4781-9fea-62bd554bdd93>
 DWORD nElements;
 array VertexElement Elements[nElements];
 DWORD nDWords;
 array DWORD data[nDWords];
}

template XSkinMeshHeader {
 <3cf169ce-ff7c-44ab-93c0-f78f62d172e2>
 WORD nMaxSkinWeightsPerVertex;
 WORD nMaxSkinWeightsPerFace;
 WORD nBones;
}

template SkinWeights {
 <6f0d123b-bad2-4167-a0d0-80224f25fabb>
 STRING transformNodeName;
 DWORD nWeights;
 array DWORD vertexIndices[nWeights];
 array FLOAT weights[nWeights];
 Matrix4x4 matrixOffset;
}

template AnimTicksPerSecond {
 <9e415a43-7ba6-4a73-8743-b73d47e88476>
 DWORD AnimTicksPerSecond;
}

template Animation {
 <3d82ab4f-62da-11cf-ab39-0020af71e433>
 [...]
}

template AnimationSet {
 <3d82ab50-62da-11cf-ab39-0020af71e433>
 [Animation <3d82ab4f-62da-11cf-ab39-0020af71e433>]
}

template FloatKeys {
 <10dd46a9-775b-11cf-8f52-0040333594a3>
 DWORD nValues;
 array FLOAT values[nValues];
}

template TimedFloatKeys {
 <f406b180-7b3b-11cf-8f52-0040333594a3>
 DWORD time;
 FloatKeys tfkeys;
}

template AnimationKey {
 <10dd46a8-775b-11cf-8f52-0040333594a3>
 DWORD keyType;
 DWORD nKeys;
 array TimedFloatKeys keys[nKeys];
}


Frame Bip001 {
 

 FrameTransformMatrix {
  0.341895,0.027342,-0.939341,0.000000,-0.009352,0.999626,0.025693,0.000000,0.939692,-0.000000,0.342022,0.000000,-0.000000,115.987251,0.000000,1.000000;;
 }

 Frame Bip001_Pelvis {
  

  FrameTransformMatrix {
   -0.000000,0.998789,0.049211,0.000000,-0.000001,-0.049211,0.998789,0.000000,1.000000,-0.000000,0.000001,0.000000,0.000000,0.000000,0.000000,1.000000;;
  }

  Frame Bip001_Spine {
   

   FrameTransformMatrix {
    0.999502,0.031535,0.000844,0.000000,-0.031540,0.999481,0.006597,0.000000,-0.000635,-0.006620,0.999978,0.000000,14.244675,-0.701762,-0.012833,1.000000;;
   }

   Frame Bip001_Spine1 {
    

    FrameTransformMatrix {
     0.998385,0.015266,-0.054726,0.000000,-0.004749,0.982279,0.187365,0.000000,0.056617,-0.186802,0.980765,0.000000,16.121491,0.002397,-0.012590,1.000000;;
    }

    Frame Bip001_Spine2 {
     

     FrameTransformMatrix {
      0.999543,-0.007353,-0.029336,0.000000,0.013459,0.976791,0.213770,0.000000,0.027083,-0.214067,0.976444,0.000000,16.121872,0.002748,-0.012535,1.000000;;
     }

     Frame Bip001_Spine3 {
      

      FrameTransformMatrix {
       0.994798,-0.054710,0.085937,0.000000,0.047378,0.995241,0.085150,0.000000,-0.090186,-0.080636,0.992655,0.000000,16.123382,0.001034,-0.012743,1.000000;;
      }

      Frame Bip001_Neck {
       

       FrameTransformMatrix {
        0.926787,0.000001,0.375587,0.000000,-0.000001,1.000000,-0.000000,0.000000,-0.375587,-0.000000,0.926787,0.000000,16.124984,0.000000,-0.006866,1.000000;;
       }

       Frame Bip001_L_Clavicle {
        

        FrameTransformMatrix {
         -0.024881,0.996620,0.078286,0.000000,0.926460,0.052408,-0.372728,0.000000,-0.375571,0.063255,-0.924633,0.000000,0.000000,4.340599,0.007393,1.000000;;
        }

        Frame Bip001_L_UpperArm {
         

         FrameTransformMatrix {
          0.888731,-0.450441,-0.085211,0.000000,0.458407,0.875051,0.155397,0.000000,0.004567,-0.177168,0.984170,0.000000,16.122222,0.000000,-0.000000,1.000000;;
         }

         Frame Bip001_L_Forearm {
          

          FrameTransformMatrix {
           0.377359,0.000000,-0.926067,0.000000,-0.000000,1.000000,-0.000000,0.000000,0.926067,0.000000,0.377359,0.000000,44.136819,0.000000,-0.000004,1.000000;;
          }

          Frame Bip001_L_Hand {
           

           FrameTransformMatrix {
            0.996605,-0.061908,0.054284,0.000000,-0.044394,0.151229,0.987501,0.000000,-0.069344,-0.986558,0.147967,0.000000,37.683370,-0.000015,0.000008,1.000000;;
           }

           Frame Bip001_L_Finger0 {
            

            FrameTransformMatrix {
             0.808969,-0.205995,0.550578,0.000000,0.587733,0.264643,-0.764548,0.000000,0.011786,0.942088,0.335158,0.000000,4.289883,-5.456856,2.394806,1.000000;;
            }

            Frame Bip001_L_Finger01 {
             

             FrameTransformMatrix {
              0.906247,-0.000000,0.422748,0.000000,-0.000000,1.000000,0.000000,0.000000,-0.422748,-0.000000,0.906248,0.000000,3.875542,0.000000,0.000008,1.000000;;
             }

             Frame Bip001_L_Finger02 {
              

              FrameTransformMatrix {
               0.974202,0.000000,0.225679,0.000000,0.000000,1.000000,0.000000,0.000000,-0.225679,-0.000000,0.974202,0.000000,3.875534,0.000015,-0.000008,1.000000;;
              }

              Frame Bip001_L_Finger0Nub {
               

               FrameTransformMatrix {
                1.000000,0.000000,-0.000000,0.000000,0.000000,1.000000,0.000000,0.000000,-0.000000,0.000000,1.000000,0.000000,3.875534,0.000000,0.000004,1.000000;;
               }
              }
             }
            }
           }

           Frame Bip001_L_Finger1 {
            

            FrameTransformMatrix {
             0.998764,-0.000040,0.049695,0.000000,0.000000,1.000000,0.000796,0.000000,-0.049695,-0.000795,0.998764,0.000000,11.734280,-5.461197,-0.417770,1.000000;;
            }

            Frame Bip001_L_Finger11 {
             

             FrameTransformMatrix {
              0.361810,-0.000000,0.932252,0.000000,-0.000000,1.000000,0.000000,0.000000,-0.932252,0.000000,0.361810,0.000000,4.650642,0.000004,0.000000,1.000000;;
             }

             Frame Bip001_L_Finger12 {
              

              FrameTransformMatrix {
               0.292991,-0.000000,0.956115,0.000000,0.000000,1.000000,-0.000000,0.000000,-0.956115,0.000000,0.292991,0.000000,4.650650,0.000004,-0.000008,1.000000;;
              }

              Frame Bip001_L_Finger1Nub {
               

               FrameTransformMatrix {
                1.000000,0.000000,-0.000000,0.000000,0.000000,1.000000,0.000000,0.000000,-0.000000,0.000000,1.000000,0.000000,4.650650,-0.000008,0.000015,1.000000;;
               }
              }
             }
            }
           }

           Frame Bip001_L_Finger2 {
            

            FrameTransformMatrix {
             0.998262,0.054051,0.023481,0.000000,-0.054546,0.998291,0.020970,0.000000,-0.022307,-0.022214,0.999504,0.000000,11.686767,-1.501320,-0.364777,1.000000;;
            }

            Frame Bip001_L_Finger21 {
             

             FrameTransformMatrix {
              0.348076,0.000000,0.937466,0.000000,0.000000,1.000000,0.000000,0.000000,-0.937466,-0.000000,0.348076,0.000000,4.698433,0.000004,0.000000,1.000000;;
             }

             Frame Bip001_L_Finger22 {
              

              FrameTransformMatrix {
               0.030602,0.000000,0.999532,0.000000,0.000000,1.000000,0.000000,0.000000,-0.999532,0.000000,0.030602,0.000000,5.425751,-0.000004,-0.000008,1.000000;;
              }

              Frame Bip001_L_Finger2Nub {
               

               FrameTransformMatrix {
                1.000000,0.000000,0.000000,0.000000,0.000000,1.000000,0.000000,0.000000,0.000000,0.000000,1.000000,0.000000,5.425751,-0.000008,-0.000015,1.000000;;
               }
              }
             }
            }
           }

           Frame Bip001_L_Finger3 {
            

            FrameTransformMatrix {
             0.996230,0.084975,-0.017446,0.000000,-0.084190,0.995578,0.041667,0.000000,0.020910,-0.040041,0.998979,0.000000,11.686195,1.606098,-0.362915,1.000000;;
            }

            Frame Bip001_L_Finger31 {
             

             FrameTransformMatrix {
              0.419784,0.000000,0.907624,0.000000,-0.000000,1.000000,0.000000,0.000000,-0.907624,0.000000,0.419784,0.000000,4.316544,0.000004,-0.000015,1.000000;;
             }

             Frame Bip001_L_Finger32 {
              

              FrameTransformMatrix {
               0.000102,-0.000000,1.000000,0.000000,0.000000,1.000000,-0.000000,0.000000,-1.000000,-0.000000,0.000102,0.000000,4.650635,-0.000015,0.000000,1.000000;;
              }

              Frame Bip001_L_Finger3Nub {
               

               FrameTransformMatrix {
                1.000000,0.000000,0.000000,0.000000,0.000000,1.000000,0.000000,0.000000,-0.000000,0.000000,1.000000,0.000000,4.650635,0.000000,0.000015,1.000000;;
               }
              }
             }
            }
           }

           Frame Bip001_L_Finger4 {
            

            FrameTransformMatrix {
             0.958921,0.040089,0.280827,0.000000,-0.043233,0.999053,0.005008,0.000000,-0.280360,-0.016943,0.959745,0.000000,10.216782,4.386829,-0.631805,1.000000;;
            }

            Frame Bip001_L_Finger41 {
             

             FrameTransformMatrix {
              0.392584,-0.000000,0.919716,0.000000,-0.000000,1.000000,0.000000,0.000000,-0.919716,0.000000,0.392584,0.000000,3.003712,0.000004,0.000000,1.000000;;
             }

             Frame Bip001_L_Finger42 {
              

              FrameTransformMatrix {
               0.022317,-0.000000,0.999751,0.000000,0.000000,1.000000,0.000000,0.000000,-0.999751,0.000000,0.022317,0.000000,3.003708,-0.000015,0.000000,1.000000;;
              }

              Frame Bip001_L_Finger4Nub {
               

               FrameTransformMatrix {
                1.000000,0.000000,0.000000,0.000000,-0.000000,1.000000,0.000000,0.000000,-0.000000,0.000000,1.000000,0.000000,3.003708,0.000004,0.000000,1.000000;;
               }
              }
             }
            }
           }
          }
         }
        }
       }

       Frame Bip001_R_Clavicle {
        

        FrameTransformMatrix {
         -0.096127,-0.992650,0.073529,0.000000,-0.921567,0.116671,0.370273,0.000000,-0.376130,-0.032169,-0.926008,0.000000,0.000000,-4.340600,0.007416,1.000000;;
        }

        Frame Bip001_R_UpperArm {
         

         FrameTransformMatrix {
          0.645398,0.757177,0.100717,0.000000,-0.286360,0.362080,-0.887072,0.000000,-0.708138,0.543673,0.450511,0.000000,16.122221,-0.000015,0.000000,1.000000;;
         }

         Frame Bip001_R_Forearm {
          

          FrameTransformMatrix {
           0.468445,-0.000000,-0.883493,0.000000,0.000000,1.000000,0.000000,0.000000,0.883493,0.000000,0.468445,0.000000,44.136810,0.000000,0.000000,1.000000;;
          }

          Frame Bip001_R_Hand {
           

           FrameTransformMatrix {
            0.973778,0.028753,0.225676,0.000000,0.220266,-0.367341,-0.903628,0.000000,0.056918,0.929642,-0.364042,0.000000,37.683360,-0.000008,0.000000,1.000000;;
           }

           Frame Bip001_R_Finger0 {
            

            FrameTransformMatrix {
             0.808969,0.205995,0.550578,0.000000,-0.587734,0.264643,0.764548,0.000000,0.011786,-0.942088,0.335158,0.000000,4.289875,5.456848,2.394809,1.000000;;
            }

            Frame Bip001_R_Finger01 {
             

             FrameTransformMatrix {
              0.906248,-0.000000,0.422748,0.000000,-0.000000,1.000000,0.000000,0.000000,-0.422748,0.000000,0.906247,0.000000,3.875534,0.000000,0.000015,1.000000;;
             }

             Frame Bip001_R_Finger02 {
              

              FrameTransformMatrix {
               0.974202,0.000000,0.225679,0.000000,0.000000,1.000000,0.000000,0.000000,-0.225679,0.000000,0.974202,0.000000,3.875530,0.000000,-0.000015,1.000000;;
              }

              Frame Bip001_R_Finger0Nub {
               

               FrameTransformMatrix {
                -1.000000,0.000000,0.000000,0.000000,-0.000000,1.000000,-0.000000,0.000000,-0.000000,-0.000000,-1.000000,0.000000,3.875542,0.000000,0.000000,1.000000;;
               }
              }
             }
            }
           }

           Frame Bip001_R_Finger1 {
            

            FrameTransformMatrix {
             0.998765,0.000040,0.049695,0.000000,-0.000000,1.000000,-0.000796,0.000000,-0.049695,0.000795,0.998764,0.000000,11.734264,5.461197,-0.417759,1.000000;;
            }

            Frame Bip001_R_Finger11 {
             

             FrameTransformMatrix {
              0.361810,-0.000000,0.932252,0.000000,-0.000000,1.000000,0.000000,0.000000,-0.932252,0.000000,0.361810,0.000000,4.650638,0.000000,0.000000,1.000000;;
             }

             Frame Bip001_R_Finger12 {
              

              FrameTransformMatrix {
               0.292991,0.000000,0.956115,0.000000,-0.000000,1.000000,-0.000000,0.000000,-0.956115,0.000000,0.292991,0.000000,4.650644,0.000000,0.000000,1.000000;;
              }

              Frame Bip001_R_Finger1Nub {
               

               FrameTransformMatrix {
                -1.000000,0.000000,-0.000000,0.000000,-0.000000,1.000000,-0.000000,0.000000,0.000000,0.000000,-1.000000,0.000000,4.650650,0.000015,0.000000,1.000000;;
               }
              }
             }
            }
           }

           Frame Bip001_R_Finger2 {
            

            FrameTransformMatrix {
             0.998262,-0.054051,0.023481,0.000000,0.054546,0.998291,-0.020970,0.000000,-0.022307,0.022214,0.999504,0.000000,11.686760,1.501297,-0.364780,1.000000;;
            }

            Frame Bip001_R_Finger21 {
             

             FrameTransformMatrix {
              0.348076,0.000000,0.937466,0.000000,-0.000000,1.000000,0.000000,0.000000,-0.937466,0.000000,0.348076,0.000000,4.698433,0.000000,0.000000,1.000000;;
             }

             Frame Bip001_R_Finger22 {
              

              FrameTransformMatrix {
               0.030602,0.000000,0.999531,0.000000,0.000000,1.000000,0.000000,0.000000,-0.999531,0.000000,0.030602,0.000000,5.425749,-0.000015,-0.000008,1.000000;;
              }

              Frame Bip001_R_Finger2Nub {
               

               FrameTransformMatrix {
                -1.000000,0.000000,-0.000000,0.000000,0.000000,1.000000,0.000000,0.000000,-0.000000,-0.000000,-1.000000,0.000000,5.425754,0.000000,0.000002,1.000000;;
               }
              }
             }
            }
           }

           Frame Bip001_R_Finger3 {
            

            FrameTransformMatrix {
             0.996230,-0.084975,-0.017446,0.000000,0.084190,0.995578,-0.041667,0.000000,0.020910,0.040041,0.998979,0.000000,11.686188,-1.606110,-0.362916,1.000000;;
            }

            Frame Bip001_R_Finger31 {
             

             FrameTransformMatrix {
              0.419784,-0.000000,0.907624,0.000000,-0.000000,1.000000,0.000000,0.000000,-0.907624,0.000000,0.419784,0.000000,4.316551,0.000000,-0.000002,1.000000;;
             }

             Frame Bip001_R_Finger32 {
              

              FrameTransformMatrix {
               0.000102,0.000000,1.000000,0.000000,-0.000000,1.000000,0.000000,0.000000,-1.000000,-0.000000,0.000102,0.000000,4.650638,0.000000,0.000015,1.000000;;
              }

              Frame Bip001_R_Finger3Nub {
               

               FrameTransformMatrix {
                -1.000001,0.000000,-0.000000,0.000000,0.000000,1.000000,-0.000000,0.000000,0.000000,0.000000,-1.000000,0.000000,4.650642,0.000000,-0.000002,1.000000;;
               }
              }
             }
            }
           }

           Frame Bip001_R_Finger4 {
            

            FrameTransformMatrix {
             0.958921,-0.040089,0.280827,0.000000,0.043233,0.999053,-0.005008,0.000000,-0.280360,0.016943,0.959745,0.000000,10.216778,-4.386841,-0.631806,1.000000;;
            }

            Frame Bip001_R_Finger41 {
             

             FrameTransformMatrix {
              0.392584,0.000000,0.919716,0.000000,0.000000,1.000000,0.000000,0.000000,-0.919716,0.000000,0.392584,0.000000,3.003700,0.000015,0.000008,1.000000;;
             }

             Frame Bip001_R_Finger42 {
              

              FrameTransformMatrix {
               0.022317,-0.000000,0.999751,0.000000,0.000000,1.000000,0.000000,0.000000,-0.999751,0.000000,0.022317,0.000000,3.003709,0.000000,0.000000,1.000000;;
              }

              Frame Bip001_R_Finger4Nub {
               

               FrameTransformMatrix {
                -1.000000,0.000000,-0.000000,0.000000,0.000000,1.000000,0.000000,0.000000,-0.000000,0.000000,-1.000000,0.000000,3.003708,0.000000,0.000000,1.000000;;
               }
              }
             }
            }
           }
          }
         }
        }
       }

       Frame Bip001_Head {
        

        FrameTransformMatrix {
         0.899151,0.007545,-0.437573,0.000000,-0.054466,0.994007,-0.094780,0.000000,0.434235,0.109054,0.894174,0.000000,15.765366,-0.911514,-0.005150,1.000000;;
        }

        Frame Bip001_HeadNub {
         

         FrameTransformMatrix {
          1.000000,0.000000,0.000000,0.000000,0.000000,1.000000,-0.000000,0.000000,0.000000,0.000000,1.000000,0.000000,29.144013,-0.000000,0.000000,1.000000;;
         }
        }
       }
      }
     }
    }
   }

   Frame Bip001_L_Thigh {
    

    FrameTransformMatrix {
     -0.905937,0.069435,-0.417681,0.000000,-0.250269,-0.883509,0.395951,0.000000,-0.341532,0.463239,0.817781,0.000000,-13.824402,13.546029,-0.064845,1.000000;;
    }

    Frame Bip001_L_Calf {
     

     FrameTransformMatrix {
      0.994909,-0.000000,-0.100783,0.000000,-0.000000,1.000000,0.000000,0.000000,0.100783,-0.000000,0.994909,0.000000,54.040717,0.000000,0.000004,1.000000;;
     }

     Frame Bip001_L_Foot {
      

      FrameTransformMatrix {
       0.858568,0.168909,0.484078,0.000000,-0.371412,0.855778,0.360135,0.000000,-0.353433,-0.488992,0.797478,0.000000,58.826880,-0.000002,0.000000,1.000000;;
      }

      Frame Bip001_L_Toe0 {
       

       FrameTransformMatrix {
        0.000000,-0.000000,1.000000,0.000000,-0.000000,1.000000,0.000000,0.000000,-1.000000,-0.000000,0.000000,0.000000,14.261973,-0.000004,18.354530,1.000000;;
       }

       Frame Bip001_L_Toe01 {
        

        FrameTransformMatrix {
         1.000000,-0.000000,0.000000,0.000000,0.000000,1.000000,0.000000,0.000000,0.000000,-0.000000,1.000000,0.000000,1.860258,0.000004,0.000000,1.000000;;
        }

        Frame Bip001_L_Toe02 {
         

         FrameTransformMatrix {
          1.000000,-0.000000,0.000000,0.000000,0.000000,1.000000,0.000000,0.000000,0.000000,-0.000000,1.000000,0.000000,1.860255,0.000000,-0.000000,1.000000;;
         }

         Frame Bip001_L_Toe0Nub {
          

          FrameTransformMatrix {
           -1.000000,0.000000,-0.000000,0.000000,-0.000000,1.000000,-0.000000,0.000000,-0.000000,-0.000000,-1.000000,0.000000,1.860258,-0.000004,0.000000,1.000000;;
          }
         }
        }
       }
      }
     }
    }
   }

   Frame Bip001_R_Thigh {
    

    FrameTransformMatrix {
     -0.820168,-0.047673,0.570133,0.000000,-0.013825,-0.994580,-0.103052,0.000000,0.571955,-0.092402,0.815064,0.000000,-14.606530,-11.244514,0.099322,1.000000;;
    }

    Frame Bip001_R_Calf {
     

     FrameTransformMatrix {
      0.918553,0.000000,-0.395299,0.000000,-0.000000,1.000000,-0.000000,0.000000,0.395299,0.000000,0.918553,0.000000,53.736070,0.000000,0.000000,1.000000;;
     }

     Frame Bip001_R_Foot {
      

      FrameTransformMatrix {
       0.983427,-0.072387,-0.166230,0.000000,0.051556,0.990641,-0.126382,0.000000,0.173822,0.115718,0.977955,0.000000,59.151962,0.000000,-0.000008,1.000000;;
      }

      Frame Bip001_R_Toe0 {
       

       FrameTransformMatrix {
        0.000000,0.000000,1.000000,0.000000,-0.000000,1.000000,0.000000,0.000000,-1.000000,-0.000000,0.000000,0.000000,14.261973,0.000000,18.354523,1.000000;;
       }

       Frame Bip001_R_Toe01 {
        

        FrameTransformMatrix {
         1.000000,0.000000,0.000000,0.000000,0.000000,1.000000,-0.000000,0.000000,0.000000,0.000000,1.000000,0.000000,1.860252,-0.000001,0.000000,1.000000;;
        }

        Frame Bip001_R_Toe02 {
         

         FrameTransformMatrix {
          1.000000,0.000000,0.000000,0.000000,0.000000,1.000000,-0.000000,0.000000,0.000000,0.000000,1.000000,0.000000,1.860260,0.000000,-0.000000,1.000000;;
         }

         Frame Bip001_R_Toe0Nub {
          

          FrameTransformMatrix {
           1.000000,0.000000,0.000000,0.000000,0.000000,1.000000,-0.000000,0.000000,0.000000,0.000000,1.000000,0.000000,1.860260,0.000000,0.000000,1.000000;;
          }
         }
        }
       }
      }
     }
    }
   }
  }
 }
}

Frame Box001 {
 

 FrameTransformMatrix {
  0.667112,0.000000,0.000000,0.000000,0.000000,0.696682,0.000000,0.000000,0.000000,0.000000,0.492662,0.000000,0.000000,0.000000,0.000000,1.000000;;
 }

 Mesh Box001 {
  24;
  56.917914;22.549192;20.439165;,
  56.191373;21.553194;26.144902;,
  54.552934;21.253733;22.783902;,
  58.556352;22.848654;23.800165;,
  56.109670;24.277306;20.853699;,
  55.383136;23.281309;26.559437;,
  57.748115;24.576766;24.214699;,
  53.744691;22.981848;23.198435;,
  56.917914;22.549192;20.439165;,
  57.748115;24.576766;24.214699;,
  58.556352;22.848654;23.800165;,
  56.109670;24.277306;20.853699;,
  58.556352;22.848654;23.800165;,
  55.383136;23.281309;26.559437;,
  56.191373;21.553194;26.144902;,
  57.748115;24.576766;24.214699;,
  56.191373;21.553194;26.144902;,
  53.744691;22.981848;23.198435;,
  54.552934;21.253733;22.783902;,
  55.383136;23.281309;26.559437;,
  54.552934;21.253733;22.783902;,
  56.109670;24.277306;20.853699;,
  56.917914;22.549192;20.439165;,
  53.744691;22.981848;23.198435;;
  12;
  3;0,1,2;,
  3;1,0,3;,
  3;4,5,6;,
  3;5,4,7;,
  3;8,9,10;,
  3;9,8,11;,
  3;12,13,14;,
  3;13,12,15;,
  3;16,17,18;,
  3;17,16,19;,
  3;20,21,22;,
  3;21,20,23;;

  DeclData {
   2;
   2;0;3;0;,
   1;0;5;0;;
   120;
   1053332490,
   3211385986,
   3185601532,
   1065353216,
   1065353216,
   1053332490,
   3211385986,
   3185601532,
   0,
   0,
   1053332489,
   3211385986,
   3185601530,
   1065353216,
   0,
   1053332489,
   3211385986,
   3185601530,
   0,
   1065353216,
   3200816115,
   1063902343,
   1038117859,
   0,
   1065353216,
   3200816114,
   1063902343,
   1038117860,
   1065353216,
   0,
   3200816103,
   1063902345,
   1038117869,
   1065353216,
   1065353216,
   3200816126,
   1063902341,
   1038117851,
   0,
   0,
   1061639959,
   1055796320,
   3201798783,
   0,
   1065353216,
   1061639966,
   1055796304,
   3201798777,
   1065353216,
   0,
   1061639972,
   1055796290,
   3201798771,
   1065353216,
   1065353216,
   1061639954,
   1055796335,
   3201798789,
   0,
   0,
   1059659387,
   1040635945,
   1060975700,
   0,
   1065353216,
   1059659387,
   1040635976,
   1060975698,
   1065353216,
   0,
   1059659387,
   1040636006,
   1060975697,
   1065353216,
   1065353216,
   1059659388,
   1040635915,
   1060975700,
   0,
   0,
   3209123613,
   3203279967,
   1054315115,
   0,
   1065353216,
   3209123614,
   3203279961,
   1054315119,
   1065353216,
   0,
   3209123615,
   3203279956,
   1054315121,
   1065353216,
   1065353216,
   3209123612,
   3203279971,
   1054315113,
   0,
   0,
   3207143029,
   3188119680,
   3208459349,
   0,
   1065353216,
   3207143032,
   3188119671,
   3208459347,
   1065353216,
   0,
   3207143035,
   3188119663,
   3208459344,
   1065353216,
   1065353216,
   3207143027,
   3188119688,
   3208459350,
   0,
   0;
  }

  XSkinMeshHeader {
   1;
   1;
   1;
  }

  SkinWeights {
   "Bip001_L_Toe0Nub";
   24;
   0,
   1,
   2,
   3,
   4,
   5,
   6,
   7,
   8,
   9,
   10,
   11,
   12,
   13,
   14,
   15,
   16,
   17,
   18,
   19,
   20,
   21,
   22,
   23;
   1.000000,
   1.000000,
   1.000000,
   1.000000,
   1.000000,
   1.000000,
   1.000000,
   1.000000,
   1.000000,
   1.000000,
   1.000000,
   1.000000,
   1.000000,
   1.000000,
   1.000000,
   1.000000,
   1.000000,
   1.000000,
   1.000000,
   1.000000,
   1.000000,
   1.000000,
   1.000000,
   1.000000;
   -0.637342,-0.196144,0.019007,0.000000,-0.025549,0.015570,-0.696039,0.000000,0.144405,-0.470757,-0.015831,0.000000,2.604548,44.735242,1.507857,1.000000;;
  }
 }
}

AnimTicksPerSecond  {
 4800;
}

AnimationSet Anim1 {
 

 Animation {
  
  { Bip001 }

  AnimationKey S {
   1;
   2;
   0;3;1.000000,1.000000,1.000000;;,
   9600;3;1.000000,1.000000,1.000000;;;
  }

  AnimationKey R {
   0;
   61;
   0;4;0.819076,-0.007842,-0.573522,-0.011200;;,
   160;4;0.817135,-0.005622,-0.576373,-0.007248;;,
   320;4;0.816894,-0.003733,-0.576766,-0.003456;;,
   480;4;0.813174,-0.001180,-0.582019,0.000658;;,
   640;4;0.800533,0.003029,-0.599255,0.005577;;,
   800;4;0.772701,0.010159,-0.634569,0.012345;;,
   960;4;0.731896,0.019309,-0.680839,0.020352;;,
   1120;4;0.686467,0.028229,-0.726088,0.027622;;,
   1280;4;0.647369,0.034745,-0.760700,0.032269;;,
   1440;4;0.616282,0.038287,-0.785890,0.033279;;,
   1600;4;0.588952,0.040033,-0.806548,0.031851;;,
   1760;4;0.569195,0.040544,-0.820671,0.029545;;,
   1920;4;0.560895,0.040392,-0.826429,0.027930;;,
   2080;4;0.569005,0.040602,-0.820795,0.029678;;,
   2240;4;0.595480,0.039314,-0.801780,0.031742;;,
   2400;4;0.638891,0.032738,-0.768123,0.027094;;,
   2560;4;0.699832,0.016595,-0.713940,0.015803;;,
   2720;4;0.770254,-0.004985,-0.637714,-0.002358;;,
   2880;4;0.836432,-0.023069,-0.546505,-0.034367;;,
   3040;4;0.894649,-0.036298,-0.434898,-0.095652;;,
   3200;4;0.936141,-0.045193,-0.305289,-0.168514;;,
   3360;4;0.958239,-0.044944,-0.187256,-0.211406;;,
   3520;4;0.972630,-0.033200,-0.088031,-0.212460;;,
   3680;4;0.981095,-0.014389,0.003228,-0.192963;;,
   3840;4;0.982906,0.004498,0.079839,-0.165835;;,
   4000;4;0.979945,0.016436,0.135872,-0.144832;;,
   4160;4;0.975616,0.020786,0.174188,-0.131910;;,
   4320;4;0.971667,0.022149,0.202462,-0.119924;;,
   4480;4;0.968536,0.021453,0.222597,-0.109217;;,
   4640;4;0.966277,0.019617,0.236455,-0.100068;;,
   4800;4;0.964700,0.017560,0.245861,-0.092726;;,
   4960;4;0.963474,0.016200,0.252613,-0.087422;;,
   5120;4;0.963719,0.014973,0.251935,-0.086895;;,
   5280;4;0.966305,0.013077,0.240204,-0.091571;;,
   5440;4;0.970280,0.011062,0.220893,-0.098190;;,
   5600;4;0.974776,0.009484,0.197507,-0.103500;;,
   5760;4;0.979760,0.009082,0.167348,-0.109469;;,
   5920;4;0.985090,0.009117,0.127710,-0.114910;;,
   6080;4;0.990275,0.007926,0.082259,-0.111919;;,
   6240;4;0.995032,0.003963,0.034713,-0.093220;;,
   6400;4;0.997650,-0.001225,-0.018563,-0.065939;;,
   6560;4;0.995428,-0.004647,-0.084720,-0.043876;;,
   6720;4;0.984444,-0.004824,-0.173049,-0.030005;;,
   6880;4;0.961646,-0.003384,-0.273636,-0.018671;;,
   7040;4;0.930813,-0.002067,-0.365332,-0.010709;;,
   7200;4;0.903093,-0.002634,-0.429381,-0.006875;;,
   7360;4;0.883847,-0.005733,-0.467682,-0.007410;;,
   7520;4;0.868671,-0.010282,-0.495157,-0.011177;;,
   7680;4;0.857209,-0.015413,-0.514466,-0.016716;;,
   7840;4;0.848658,-0.020255,-0.528072,-0.022567;;,
   8000;4;0.841966,-0.023936,-0.538309,-0.027265;;,
   8160;4;0.835942,-0.025582,-0.547436,-0.029341;;,
   8320;4;0.830694,-0.025434,-0.555385,-0.029134;;,
   8480;4;0.827009,-0.024430,-0.560955,-0.028079;;,
   8640;4;0.824603,-0.022743,-0.564640,-0.026345;;,
   8800;4;0.823166,-0.020544,-0.566918,-0.024104;;,
   8960;4;0.822373,-0.018004,-0.568256,-0.021523;;,
   9120;4;0.821897,-0.015293,-0.569121,-0.018773;;,
   9280;4;0.821408,-0.012582,-0.569977,-0.016023;;,
   9440;4;0.820578,-0.010042,-0.571289,-0.013442;;,
   9600;4;0.819076,-0.007842,-0.573522,-0.011200;;;
  }

  AnimationKey T {
   2;
   61;
   0;3;-0.000000,115.987251,0.000000;;,
   160;3;0.295473,115.932198,0.137947;;,
   320;3;0.541032,115.988877,0.279294;;,
   480;3;0.886418,115.822080,0.413840;;,
   640;3;1.481369,115.096653,0.531383;;,
   800;3;2.553238,113.787085,0.774018;;,
   960;3;3.980045,112.165773,0.992471;;,
   1120;3;5.387535,110.344461,0.739484;;,
   1280;3;6.682572,108.434880,-0.101453;;,
   1440;3;7.985001,106.548736,-1.254611;;,
   1600;3;9.240045,104.797760,-2.578883;;,
   1760;3;10.392928,103.293658,-3.933162;;,
   1920;3;11.488234,102.148154,-5.329988;;,
   2080;3;12.434381,101.472966,-6.863779;;,
   2240;3;12.972334,101.400749,-8.516250;;,
   2400;3;12.746654,101.890016,-10.276698;;,
   2560;3;12.112782,102.791366,-12.155825;;,
   2720;3;11.878010,103.955354,-14.167464;;,
   2880;3;12.498310,105.232582,-16.422274;;,
   3040;3;13.517709,106.473613,-18.809589;;,
   3200;3;14.375571,107.529024,-21.011274;;,
   3360;3;15.026981,108.249395,-23.002624;;,
   3520;3;15.658611,108.420096,-24.916722;;,
   3680;3;16.057205,108.139891,-26.672064;;,
   3840;3;16.009504,107.729498,-28.187162;;,
   4000;3;15.481691,107.509594,-29.496163;;,
   4160;3;14.664114,107.564915,-30.696726;;,
   4320;3;13.679781,107.724659,-31.802579;;,
   4480;3;12.651690,107.926336,-32.827475;;,
   4640;3;11.702835,108.107418,-33.785162;;,
   4800;3;10.956228,108.216704,-34.689366;;,
   4960;3;10.725384,108.285402,-35.565085;;,
   5120;3;10.811507,108.374630,-36.171936;;,
   5280;3;10.569123,108.545498,-36.125629;;,
   5440;3;9.753147,108.859110,-35.558432;;,
   5600;3;8.684526,109.318157,-34.702173;;,
   5760;3;7.566839,109.867354,-33.321830;;,
   5920;3;6.603662,110.480781,-31.182419;;,
   6080;3;5.741782,111.132557,-27.987782;;,
   6240;3;4.908460,111.796774,-23.941082;;,
   6400;3;4.277976,112.447539,-19.556283;;,
   6560;3;4.024612,113.058931,-15.347362;;,
   6720;3;4.314712,113.605094,-11.119543;;,
   6880;3;5.015372,114.060109,-6.709322;;,
   7040;3;5.851992,114.398042,-2.677556;;,
   7200;3;6.549975,114.593050,0.414895;;,
   7360;3;7.194444,114.379878,2.747049;;,
   7520;3;7.959338,113.673715,4.821008;;,
   7680;3;8.703301,112.719181,6.560595;;,
   7840;3;9.284964,111.760998,7.889598;;,
   8000;3;9.562961,111.043827,8.731811;;,
   8160;3;9.395931,110.812365,9.011045;;,
   8320;3;8.831806,111.006490,8.779057;;,
   8480;3;8.042737,111.379123,8.186486;;,
   8640;3;7.073726,111.894605,7.305456;;,
   8800;3;5.969746,112.517210,6.208068;;,
   8960;3;4.775801,113.211213,4.966459;;,
   9120;3;3.536858,113.940915,3.652723;;,
   9280;3;2.297926,114.670643,2.338997;;,
   9440;3;1.103971,115.364659,1.097378;;,
   9600;3;-0.000000,115.987251,0.000000;;;
  }
 }

 Animation {
  
  { Bip001_Pelvis }

  AnimationKey S {
   1;
   2;
   0;3;1.000000,1.000000,1.000000;;,
   9600;3;1.000000,1.000000,1.000000;;;
  }

  AnimationKey R {
   0;
   2;
   0;4;-0.487542,0.512155,0.487542,0.512155;;,
   9600;4;-0.487542,0.512155,0.487542,0.512155;;;
  }

  AnimationKey T {
   2;
   2;
   0;3;0.000000,0.000000,0.000000;;,
   9600;3;0.000000,0.000000,0.000000;;;
  }
 }

 Animation {
  
  { Bip001_Spine }

  AnimationKey S {
   1;
   2;
   0;3;1.000000,1.000000,1.000000;;,
   9600;3;1.000000,1.000000,1.000000;;;
  }

  AnimationKey R {
   0;
   61;
   0;4;0.999870,-0.003305,0.000370,-0.015771;;,
   160;4;0.999925,-0.002934,0.000376,-0.011886;;,
   320;4;0.999968,-0.002512,0.000382,-0.007565;;,
   480;4;0.999993,-0.002078,0.000389,-0.003134;;,
   640;4;0.999998,-0.001669,0.000396,0.001078;;,
   800;4;0.999988,-0.001324,0.000402,0.004745;;,
   960;4;0.999971,-0.001081,0.000406,0.007539;;,
   1120;4;0.999958,-0.000977,0.000408,0.009132;;,
   1280;4;0.999963,-0.001773,0.000466,0.008381;;,
   1440;4;0.999980,-0.003686,0.000600,0.005195;;,
   1600;4;0.999982,-0.005946,0.000751,0.000826;;,
   1760;4;0.999963,-0.007780,0.000863,-0.003470;;,
   1920;4;0.999943,-0.008417,0.000878,-0.006441;;,
   2080;4;0.999951,-0.007088,0.000739,-0.006834;;,
   2240;4;0.999990,-0.003021,0.000388,-0.003393;;,
   2400;4;0.999962,0.005234,-0.000392,0.006989;;,
   2560;4;0.999556,0.017491,-0.001609,0.024072;;,
   2720;4;0.998509,0.032066,-0.003010,0.044082;;,
   2880;4;0.996869,0.047273,-0.004338,0.063243;;,
   3040;4;0.995060,0.061434,-0.005341,0.077803;;,
   3200;4;0.993777,0.072884,-0.005767,0.084034;;,
   3360;4;0.993517,0.083091,-0.005315,0.077409;;,
   3520;4;0.993828,0.093200,-0.004122,0.060024;;,
   3680;4;0.994144,0.101086,-0.002600,0.038123;;,
   3840;4;0.994343,0.104677,-0.001160,0.017984;;,
   4000;4;0.994771,0.101963,-0.000215,0.005905;;,
   4160;4;0.995872,0.090738,0.000222,0.002434;;,
   4320;4;0.997364,0.072494,0.000450,0.003018;;,
   4480;4;0.998689,0.050803,0.000523,0.006297;;,
   4640;4;0.999512,0.029259,0.000499,0.010907;;,
   4800;4;0.999814,0.011471,0.000432,0.015479;;,
   4960;4;0.999826,0.001047,0.000379,0.018646;;,
   5120;4;0.999791,-0.001387,0.000305,0.020404;;,
   5280;4;0.999761,0.001245,0.000159,0.021822;;,
   5440;4;0.999706,0.007220,-0.000028,0.023135;;,
   5600;4;0.999588,0.014816,-0.000226,0.024579;;,
   5760;4;0.999403,0.022309,-0.000402,0.026392;;,
   5920;4;0.999193,0.027977,-0.000526,0.028810;;,
   6080;4;0.999032,0.030099,-0.000566,0.032073;;,
   6240;4;0.998904,0.027881,-0.000487,0.037590;;,
   6400;4;0.998709,0.022589,-0.000305,0.045496;;,
   6560;4;0.998413,0.015593,-0.000065,0.054114;;,
   6720;4;0.998056,0.008265,0.000184,0.061772;;,
   6880;4;0.997764,0.001978,0.000398,0.066804;;,
   7040;4;0.997714,-0.001892,0.000529,0.067546;;,
   7200;4;0.997984,-0.003316,0.000576,0.063374;;,
   7360;4;0.998447,-0.003442,0.000581,0.055603;;,
   7520;4;0.998961,-0.002669,0.000554,0.045485;;,
   7680;4;0.999412,-0.001394,0.000509,0.034271;;,
   7840;4;0.999730,-0.000016,0.000458,0.023216;;,
   8000;4;0.999907,0.001068,0.000415,0.013577;;,
   8160;4;0.999977,0.001459,0.000391,0.006611;;,
   8320;4;0.999997,0.001278,0.000382,0.001972;;,
   8480;4;0.999998,0.000934,0.000377,-0.001658;;,
   8640;4;0.999990,0.000459,0.000373,-0.004481;;,
   8800;4;0.999978,-0.000114,0.000372,-0.006699;;,
   8960;4;0.999964,-0.000752,0.000371,-0.008513;;,
   9120;4;0.999948,-0.001423,0.000372,-0.010126;;,
   9280;4;0.999929,-0.002094,0.000372,-0.011739;;,
   9440;4;0.999904,-0.002732,0.000371,-0.013553;;,
   9600;4;0.999870,-0.003305,0.000370,-0.015771;;;
  }

  AnimationKey T {
   2;
   33;
   0;3;14.244675,-0.701762,-0.012833;;,
   1600;3;14.244706,-0.701772,-0.012833;;,
   1760;3;14.244720,-0.701645,-0.012833;;,
   2080;3;14.244714,-0.701627,-0.012833;;,
   2240;3;14.244706,-0.701768,-0.012835;;,
   2400;3;14.244675,-0.701981,-0.012834;;,
   2560;3;14.244645,-0.702292,-0.012826;;,
   2720;3;14.244582,-0.702666,-0.012810;;,
   2880;3;14.244507,-0.703049,-0.012777;;,
   3040;3;14.244430,-0.703405,-0.012733;;,
   3200;3;14.244378,-0.703696,-0.012699;;,
   3360;3;14.244392,-0.703959,-0.012657;;,
   3520;3;14.244438,-0.704222,-0.012615;;,
   3680;3;14.244515,-0.704430,-0.012577;;,
   3840;3;14.244621,-0.704529,-0.012558;;,
   4000;3;14.244667,-0.704456,-0.012573;;,
   4160;3;14.244690,-0.704170,-0.012630;;,
   4320;3;14.244682,-0.703701,-0.012705;;,
   4480;3;14.244698,-0.703152,-0.012775;;,
   4640;3;14.244690,-0.702599,-0.012819;;,
   4800;3;14.244690,-0.702141,-0.012836;;,
   4960;3;14.244698,-0.701874,-0.012843;;,
   5280;3;14.244690,-0.701817,-0.012844;;,
   5440;3;14.244675,-0.702034,-0.012840;;,
   5600;3;14.244675,-0.702225,-0.012835;;,
   5760;3;14.244659,-0.702423,-0.012831;;,
   5920;3;14.244651,-0.702568,-0.012823;;,
   6240;3;14.244659,-0.702621,-0.012814;;,
   6400;3;14.244651,-0.702429,-0.012825;;,
   6560;3;14.244651,-0.702250,-0.012833;;,
   6720;3;14.244675,-0.702062,-0.012835;;,
   6880;3;14.244706,-0.701901,-0.012836;;,
   9600;3;14.244690,-0.701801,-0.012836;;;
  }
 }

 Animation {
  
  { Bip001_Spine1 }

  AnimationKey S {
   1;
   2;
   0;3;1.000000,1.000000,1.000000;;,
   9600;3;1.000000,1.000000,1.000000;;;
  }

  AnimationKey R {
   0;
   61;
   0;4;0.995167,-0.093996,-0.027971,-0.005028;;,
   160;4;0.995966,-0.086465,-0.022590,-0.008141;;,
   320;4;0.996707,-0.078333,-0.017427,-0.011673;;,
   480;4;0.997350,-0.070043,-0.012317,-0.015309;;,
   640;4;0.997872,-0.062044,-0.007096,-0.018734;;,
   800;4;0.998263,-0.054781,-0.001598,-0.021631;;,
   960;4;0.998523,-0.048702,0.004339,-0.023686;;,
   1120;4;0.998659,-0.044254,0.010880,-0.024585;;,
   1280;4;0.998627,-0.042196,0.019437,-0.024194;;,
   1440;4;0.998382,-0.042382,0.030335,-0.022747;;,
   1600;4;0.997938,-0.043905,0.042102,-0.020481;;,
   1760;4;0.997371,-0.045860,0.053269,-0.017637;;,
   1920;4;0.996825,-0.047342,0.062370,-0.014456;;,
   2080;4;0.996497,-0.047452,0.067944,-0.011183;;,
   2240;4;0.996588,-0.045290,0.068530,-0.008061;;,
   2400;4;0.997245,-0.040944,0.061664,-0.004885;;,
   2560;4;0.998240,-0.035113,0.047773,-0.001363;;,
   2720;4;0.999168,-0.027815,0.029731,0.002394;;,
   2880;4;0.999744,-0.019073,0.010427,0.006270;;,
   3040;4;0.999882,-0.008922,-0.007244,0.010154;;,
   3200;4;0.999692,0.002595,-0.020386,0.013933;;,
   3360;4;0.999248,0.018771,-0.028616,0.018237;;,
   3520;4;0.998356,0.039934,-0.033971,0.023154;;,
   3680;4;0.997021,0.061597,-0.037199,0.027771;;,
   3840;4;0.995598,0.079289,-0.039069,0.031179;;,
   4000;4;0.994723,0.088559,-0.040364,0.032483;;,
   4160;4;0.994740,0.088329,-0.041472,0.031151;;,
   4320;4;0.995352,0.082015,-0.042085,0.027861;;,
   4480;4;0.996250,0.071924,-0.041942,0.023530;;,
   4640;4;0.997160,0.060368,-0.040788,0.019079;;,
   4800;4;0.997909,0.049664,-0.038371,0.015432;;,
   4960;4;0.998427,0.042137,-0.034445,0.013510;;,
   5120;4;0.998786,0.037876,-0.028479,0.013479;;,
   5280;4;0.999068,0.035025,-0.020596,0.014602;;,
   5440;4;0.999253,0.033000,-0.011541,0.016456;;,
   5600;4;0.999337,0.031216,-0.002058,0.018619;;,
   5760;4;0.999338,0.029087,0.007108,0.020667;;,
   5920;4;0.999299,0.026030,0.015212,0.022177;;,
   6080;4;0.999280,0.021463,0.021509,0.022728;;,
   6240;4;0.999309,0.014591,0.025694,0.022557;;,
   6400;4;0.999341,0.005695,0.028280,0.022049;;,
   6560;4;0.999328,-0.004195,0.029756,0.021001;;,
   6720;4;0.999248,-0.014050,0.030612,0.019212;;,
   6880;4;0.999112,-0.022840,0.031339,0.016481;;,
   7040;4;0.998958,-0.029536,0.032429,0.012609;;,
   7200;4;0.998810,-0.033935,0.034376,0.006747;;,
   7360;4;0.998635,-0.036863,0.036974,-0.001149;;,
   7520;4;0.998407,-0.038834,0.039662,-0.010071;;,
   7680;4;0.998126,-0.040364,0.041882,-0.019011;;,
   7840;4;0.997826,-0.041970,0.043077,-0.026960;;,
   8000;4;0.997569,-0.044170,0.042691,-0.032911;;,
   8160;4;0.997420,-0.047482,0.040169,-0.035857;;,
   8320;4;0.997375,-0.051764,0.035599,-0.036015;;,
   8480;4;0.997368,-0.056472,0.029623,-0.034497;;,
   8640;4;0.997350,-0.061517,0.022521,-0.031637;;,
   8800;4;0.997273,-0.066812,0.014575,-0.027768;;,
   8960;4;0.997096,-0.072268,0.006065,-0.023225;;,
   9120;4;0.996797,-0.077799,-0.002726,-0.018343;;,
   9280;4;0.996365,-0.083320,-0.011518,-0.013458;;,
   9440;4;0.995813,-0.088746,-0.020026,-0.008908;;,
   9600;4;0.995167,-0.093996,-0.027971,-0.005028;;;
  }

  AnimationKey T {
   2;
   59;
   0;3;16.121491,0.002397,-0.012590;;,
   160;3;16.121613,0.002208,-0.012633;;,
   320;3;16.121765,0.001998,-0.012672;;,
   480;3;16.121872,0.001789,-0.012708;;,
   640;3;16.122024,0.001585,-0.012738;;,
   800;3;16.122147,0.001403,-0.012761;;,
   960;3;16.122299,0.001250,-0.012777;;,
   1120;3;16.122459,0.001141,-0.012783;;,
   1280;3;16.122710,0.001093,-0.012785;;,
   1440;3;16.122978,0.001103,-0.012768;;,
   1600;3;16.123269,0.001147,-0.012745;;,
   1760;3;16.123550,0.001199,-0.012712;;,
   1920;3;16.123787,0.001236,-0.012682;;,
   2080;3;16.123939,0.001234,-0.012663;;,
   2240;3;16.123963,0.001174,-0.012663;;,
   2400;3;16.123771,0.001058,-0.012697;;,
   2560;3;16.123421,0.000901,-0.012746;;,
   2720;3;16.122971,0.000712,-0.012796;;,
   2880;3;16.122482,0.000487,-0.012825;;,
   3040;3;16.122040,0.000231,-0.012836;;,
   3200;3;16.121704,-0.000057,-0.012817;;,
   3360;3;16.121475,-0.000467,-0.012810;;,
   3520;3;16.121323,-0.001005,-0.012764;;,
   3680;3;16.121216,-0.001553,-0.012703;;,
