xof 0303txt 0032
template Frame {
 <3d82ab46-62da-11cf-ab39-0020af71e433>
 [...]
}

template Matrix4x4 {
 <f6f23f45-7686-11cf-8f52-0040333594a3>
 array FLOAT matrix[16];
}

template FrameTransformMatrix {
 <f6f23f41-7686-11cf-8f52-0040333594a3>
 Matrix4x4 frameMatrix;
}

template Vector {
 <3d82ab5e-62da-11cf-ab39-0020af71e433>
 FLOAT x;
 FLOAT y;
 FLOAT z;
}

template MeshFace {
 <3d82ab5f-62da-11cf-ab39-0020af71e433>
 DWORD nFaceVertexIndices;
 array DWORD faceVertexIndices[nFaceVertexIndices];
}

template Mesh {
 <3d82ab44-62da-11cf-ab39-0020af71e433>
 DWORD nVertices;
 array Vector vertices[nVertices];
 DWORD nFaces;
 array MeshFace faces[nFaces];
 [...]
}

template ColorRGBA {
 <35ff44e0-6c7c-11cf-8f52-0040333594a3>
 FLOAT red;
 FLOAT green;
 FLOAT blue;
 FLOAT alpha;
}

template ColorRGB {
 <d3e16e81-7835-11cf-8f52-0040333594a3>
 FLOAT red;
 FLOAT green;
 FLOAT blue;
}

template Material {
 <3d82ab4d-62da-11cf-ab39-0020af71e433>
 ColorRGBA faceColor;
 FLOAT power;
 ColorRGB specularColor;
 ColorRGB emissiveColor;
 [...]
}

template MeshMaterialList {
 <f6f23f42-7686-11cf-8f52-0040333594a3>
 DWORD nMaterials;
 DWORD nFaceIndexes;
 array DWORD faceIndexes[nFaceIndexes];
 [Material <3d82ab4d-62da-11cf-ab39-0020af71e433>]
}

template VertexElement {
 <f752461c-1e23-48f6-b9f8-8350850f336f>
 DWORD Type;
 DWORD Method;
 DWORD Usage;
 DWORD UsageIndex;
}

template DeclData {
 <bf22e553-292c-4781-9fea-62bd554bdd93>
 DWORD nElements;
 array VertexElement Elements[nElements];
 DWORD nDWords;
 array DWORD data[nDWords];
}

template XSkinMeshHeader {
 <3cf169ce-ff7c-44ab-93c0-f78f62d172e2>
 WORD nMaxSkinWeightsPerVertex;
 WORD nMaxSkinWeightsPerFace;
 WORD nBones;
}

template SkinWeights {
 <6f0d123b-bad2-4167-a0d0-80224f25fabb>
 STRING transformNodeName;
 DWORD nWeights;
 array DWORD vertexIndices[nWeights];
 array FLOAT weights[nWeights];
 Matrix4x4 matrixOffset;
}

template AnimTicksPerSecond {
 <9e415a43-7ba6-4a73-8743-b73d47e88476>
 DWORD AnimTicksPerSecond;
}

template Animation {
 <3d82ab4f-62da-11cf-ab39-0020af71e433>
 [...]
}

template AnimationSet {
 <3d82ab50-62da-11cf-ab39-0020af71e433>
 [Animation <3d82ab4f-62da-11cf-ab39-0020af71e433>]
}

template FloatKeys {
 <10dd46a9-775b-11cf-8f52-0040333594a3>
 DWORD nValues;
 array FLOAT values[nValues];
}

template TimedFloatKeys {
 <f406b180-7b3b-11cf-8f52-0040333594a3>
 DWORD time;
 FloatKeys tfkeys;
}

template AnimationKey {
 <10dd46a8-775b-11cf-8f52-0040333594a3>
 DWORD keyType;
 DWORD nKeys;
 array TimedFloatKeys keys[nKeys];
}


Frame Bip001 {
 

 FrameTransformMatrix {
  0.766382,-0.000000,0.642385,0.000000,0.000000,1.000000,0.000000,0.000000,-0.642385,-0.000000,0.766382,0.000000,-0.000000,117.392947,-0.000000,1.000000;;
 }

 Frame Bip001_Pelvis {
  

  FrameTransformMatrix {
   0.000000,0.998788,0.049211,0.000000,-0.000001,-0.049211,0.998789,0.000000,1.000000,-0.000000,0.000001,0.000000,0.000000,0.000000,0.000000,1.000000;;
  }

  Frame Bip001_Spine {
   

   FrameTransformMatrix {
    0.984651,-0.039563,0.169993,0.000000,0.058772,0.992248,-0.109498,0.000000,-0.164344,0.117808,0.979343,0.000000,14.246789,-0.703362,-0.012578,1.000000;;
   }

   Frame Bip001_Spine1 {
    

    FrameTransformMatrix {
     0.998973,0.038831,-0.023341,0.000000,-0.036688,0.995609,0.086119,0.000000,0.026582,-0.085174,0.996011,0.000000,16.121902,0.001094,-0.012787,1.000000;;
    }

    Frame Bip001_Spine2 {
     

     FrameTransformMatrix {
      0.997659,0.006998,-0.068025,0.000000,-0.000433,0.995377,0.096041,0.000000,0.068383,-0.095787,0.993050,0.000000,16.121323,0.001229,-0.012745,1.000000;;
     }

     Frame Bip001_Spine3 {
      

      FrameTransformMatrix {
       0.986476,-0.104584,-0.126207,0.000000,0.108928,0.993655,0.028000,0.000000,0.122478,-0.041369,0.991609,0.000000,16.120651,0.000532,-0.012730,1.000000;;
      }

      Frame Bip001_Neck {
       

       FrameTransformMatrix {
        0.899240,0.000001,0.437456,0.000000,-0.000001,1.000000,-0.000000,0.000000,-0.437456,-0.000000,0.899240,0.000000,16.125474,0.000001,-0.006661,1.000000;;
       }

       Frame Bip001_L_Clavicle {
        

        FrameTransformMatrix {
         -0.240080,0.970663,-0.013237,0.000000,0.867825,0.208495,-0.451009,0.000000,-0.435018,-0.119765,-0.892421,0.000000,-0.000015,4.340599,0.007401,1.000000;;
        }

        Frame Bip001_L_UpperArm {
         

         FrameTransformMatrix {
          0.762045,-0.232226,-0.604449,0.000000,0.293123,0.956072,0.002230,0.000000,0.577379,-0.178877,0.796641,0.000000,16.122222,0.000015,-0.000004,1.000000;;
         }

         Frame Bip001_L_Forearm {
          

          FrameTransformMatrix {
           0.586666,0.000000,-0.809829,0.000000,-0.000000,1.000000,0.000000,0.000000,0.809829,-0.000000,0.586666,0.000000,44.136819,0.000015,0.000000,1.000000;;
          }

          Frame Bip001_L_Hand {
           

           FrameTransformMatrix {
            0.994184,-0.020071,0.105808,0.000000,-0.100164,-0.533264,0.839998,0.000000,0.039565,-0.845711,-0.532173,0.000000,37.683366,0.000000,-0.000004,1.000000;;
           }

           Frame Bip001_L_Finger0 {
            

            FrameTransformMatrix {
             0.507051,-0.208417,0.836339,0.000000,0.787258,0.507013,-0.350946,0.000000,-0.350891,0.836362,0.421159,0.000000,4.289879,-5.456864,2.394806,1.000000;;
            }

            Frame Bip001_L_Finger01 {
             

             FrameTransformMatrix {
              0.845231,-0.000000,0.534402,0.000000,0.000000,1.000000,-0.000000,0.000000,-0.534402,0.000000,0.845231,0.000000,3.875538,0.000000,0.000000,1.000000;;
             }

             Frame Bip001_L_Finger02 {
              

              FrameTransformMatrix {
               0.717331,0.000000,0.696733,0.000000,0.000000,1.000000,0.000000,0.000000,-0.696733,-0.000000,0.717331,0.000000,3.875534,-0.000004,0.000000,1.000000;;
              }

              Frame Bip001_L_Finger0Nub {
               

               FrameTransformMatrix {
                1.000000,0.000000,-0.000000,0.000000,0.000000,1.000000,0.000000,0.000000,0.000000,-0.000000,1.000000,0.000000,3.875519,0.000000,0.000002,1.000000;;
               }
              }
             }
            }
           }

           Frame Bip001_L_Finger1 {
            

            FrameTransformMatrix {
             0.918251,-0.000315,0.395999,0.000000,-0.000000,1.000000,0.000796,0.000000,-0.396000,-0.000731,0.918251,0.000000,11.734283,-5.461182,-0.417755,1.000000;;
            }

            Frame Bip001_L_Finger11 {
             

             FrameTransformMatrix {
              0.361810,0.000000,0.932252,0.000000,0.000000,1.000000,-0.000000,0.000000,-0.932252,-0.000000,0.361810,0.000000,4.650646,0.000000,-0.000015,1.000000;;
             }

             Frame Bip001_L_Finger12 {
              

              FrameTransformMatrix {
               0.141925,0.000000,0.989878,0.000000,0.000000,1.000000,-0.000000,0.000000,-0.989878,0.000000,0.141925,0.000000,4.650650,0.000000,0.000008,1.000000;;
              }

              Frame Bip001_L_Finger1Nub {
               

               FrameTransformMatrix {
                1.000000,0.000000,0.000000,0.000000,-0.000000,1.000000,0.000000,0.000000,-0.000000,0.000000,1.000000,0.000000,4.650642,0.000015,0.000008,1.000000;;
               }
              }
             }
            }
           }

           Frame Bip001_L_Finger2 {
            

            FrameTransformMatrix {
             0.924595,0.042567,0.378566,0.000000,-0.054546,0.998291,0.020970,0.000000,-0.377027,-0.040038,0.925337,0.000000,11.686767,-1.501297,-0.364777,1.000000;;
            }

            Frame Bip001_L_Finger21 {
             

             FrameTransformMatrix {
              0.348076,0.000000,0.937466,0.000000,0.000000,1.000000,0.000000,0.000000,-0.937466,-0.000000,0.348076,0.000000,4.698433,0.000000,0.000015,1.000000;;
             }

             Frame Bip001_L_Finger22 {
              

              FrameTransformMatrix {
               0.030602,-0.000000,0.999532,0.000000,-0.000000,1.000000,-0.000000,0.000000,-0.999532,-0.000000,0.030602,0.000000,5.425736,0.000000,0.000000,1.000000;;
              }

              Frame Bip001_L_Finger2Nub {
               

               FrameTransformMatrix {
                1.000000,-0.000000,0.000000,0.000000,-0.000000,1.000000,0.000000,0.000000,0.000000,-0.000000,1.000000,0.000000,5.425743,0.000000,-0.000008,1.000000;;
               }
              }
             }
            }
           }

           Frame Bip001_L_Finger3 {
            

            FrameTransformMatrix {
             0.935966,0.064664,0.346102,0.000000,-0.084190,0.995578,0.041667,0.000000,-0.341878,-0.068137,0.937271,0.000000,11.686203,1.606110,-0.362915,1.000000;;
            }

            Frame Bip001_L_Finger31 {
             

             FrameTransformMatrix {
              0.419784,0.000000,0.907624,0.000000,0.000000,1.000000,0.000000,0.000000,-0.907624,0.000000,0.419784,0.000000,4.316540,0.000000,0.000015,1.000000;;
             }

             Frame Bip001_L_Finger32 {
              

              FrameTransformMatrix {
               0.000102,0.000000,1.000000,0.000000,-0.000000,1.000000,-0.000000,0.000000,-1.000000,0.000000,0.000102,0.000000,4.650635,0.000000,0.000000,1.000000;;
              }

              Frame Bip001_L_Finger3Nub {
               

               FrameTransformMatrix {
                1.000000,0.000000,0.000000,0.000000,-0.000000,1.000000,0.000000,0.000000,0.000000,0.000000,1.000000,0.000000,4.650642,0.000000,-0.000008,1.000000;;
               }
              }
             }
            }
           }

           Frame Bip001_L_Finger4 {
            

            FrameTransformMatrix {
             0.752888,0.029285,0.657497,0.000000,-0.043233,0.999053,0.005008,0.000000,-0.656728,-0.032196,0.753440,0.000000,10.216790,4.386841,-0.631805,1.000000;;
            }

            Frame Bip001_L_Finger41 {
             

             FrameTransformMatrix {
              0.392584,0.000000,0.919716,0.000000,-0.000000,1.000000,0.000000,0.000000,-0.919716,0.000000,0.392584,0.000000,3.003708,-0.000015,0.000000,1.000000;;
             }

             Frame Bip001_L_Finger42 {
              

              FrameTransformMatrix {
               0.022317,0.000000,0.999751,0.000000,0.000000,1.000000,0.000000,0.000000,-0.999751,0.000000,0.022317,0.000000,3.003693,-0.000015,0.000000,1.000000;;
              }

              Frame Bip001_L_Finger4Nub {
               

               FrameTransformMatrix {
                1.000000,0.000000,-0.000000,0.000000,0.000000,1.000000,0.000000,0.000000,-0.000000,0.000000,1.000000,0.000000,3.003716,0.000000,-0.000015,1.000000;;
               }
              }
             }
            }
           }
          }
         }
        }
       }

       Frame Bip001_R_Clavicle {
        

        FrameTransformMatrix {
         -0.144915,-0.989409,-0.008302,0.000000,-0.887687,0.126301,0.442787,0.000000,-0.437049,0.071536,-0.896588,0.000000,0.000015,-4.340598,0.007416,1.000000;;
        }

        Frame Bip001_R_UpperArm {
         

         FrameTransformMatrix {
          0.614151,0.379145,-0.692147,0.000000,-0.214965,0.924242,0.315541,0.000000,0.759347,-0.045003,0.649127,0.000000,16.122226,0.000000,0.000001,1.000000;;
         }

         Frame Bip001_R_Forearm {
          

          FrameTransformMatrix {
           0.299269,0.000000,-0.954169,0.000000,0.000000,1.000000,-0.000000,0.000000,0.954169,0.000000,0.299269,0.000000,44.136819,0.000000,0.000004,1.000000;;
          }

          Frame Bip001_R_Hand {
           

           FrameTransformMatrix {
            0.994184,0.020071,0.105808,0.000000,0.101502,-0.502998,-0.858307,0.000000,0.035995,0.864055,-0.502109,0.000000,37.683376,0.000000,0.000008,1.000000;;
           }

           Frame Bip001_R_Finger0 {
            

            FrameTransformMatrix {
             0.507051,0.208417,0.836338,0.000000,-0.787258,0.507013,0.350946,0.000000,-0.350891,-0.836362,0.421159,0.000000,4.289879,5.456840,2.394821,1.000000;;
            }

            Frame Bip001_R_Finger01 {
             

             FrameTransformMatrix {
              0.845231,-0.000000,0.534402,0.000000,-0.000000,1.000000,0.000000,0.000000,-0.534402,-0.000000,0.845231,0.000000,3.875538,-0.000004,0.000000,1.000000;;
             }

             Frame Bip001_R_Finger02 {
              

              FrameTransformMatrix {
               0.717331,0.000000,0.696733,0.000000,-0.000000,1.000000,-0.000000,0.000000,-0.696733,-0.000000,0.717331,0.000000,3.875534,0.000000,0.000008,1.000000;;
              }

              Frame Bip001_R_Finger0Nub {
               

               FrameTransformMatrix {
                -1.000000,0.000000,-0.000000,0.000000,0.000000,1.000000,-0.000000,0.000000,0.000000,0.000000,-1.000000,0.000000,3.875534,-0.000004,0.000000,1.000000;;
               }
              }
             }
            }
           }

           Frame Bip001_R_Finger1 {
            

            FrameTransformMatrix {
             0.918251,0.000315,0.395999,0.000000,-0.000000,1.000000,-0.000796,0.000000,-0.396000,0.000731,0.918250,0.000000,11.734268,5.461189,-0.417755,1.000000;;
            }

            Frame Bip001_R_Finger11 {
             

             FrameTransformMatrix {
              0.361810,-0.000000,0.932252,0.000000,0.000000,1.000000,0.000000,0.000000,-0.932252,0.000000,0.361810,0.000000,4.650642,0.000000,0.000015,1.000000;;
             }

             Frame Bip001_R_Finger12 {
              

              FrameTransformMatrix {
               0.141925,0.000000,0.989878,0.000000,0.000000,1.000000,0.000000,0.000000,-0.989878,0.000000,0.141925,0.000000,4.650635,0.000015,0.000000,1.000000;;
              }

              Frame Bip001_R_Finger1Nub {
               

               FrameTransformMatrix {
                -1.000000,0.000000,0.000000,0.000000,-0.000000,1.000000,0.000000,0.000000,-0.000000,0.000000,-1.000000,0.000000,4.650646,-0.000015,0.000000,1.000000;;
               }
              }
             }
            }
           }

           Frame Bip001_R_Finger2 {
            

            FrameTransformMatrix {
             0.924595,-0.042567,0.378566,0.000000,0.054546,0.998291,-0.020970,0.000000,-0.377027,0.040038,0.925337,0.000000,11.686764,1.501297,-0.364777,1.000000;;
            }

            Frame Bip001_R_Finger21 {
             

             FrameTransformMatrix {
              0.348076,-0.000000,0.937466,0.000000,0.000000,1.000000,0.000000,0.000000,-0.937466,0.000000,0.348076,0.000000,4.698437,-0.000015,0.000000,1.000000;;
             }

             Frame Bip001_R_Finger22 {
              

              FrameTransformMatrix {
               0.030602,-0.000000,0.999532,0.000000,0.000000,1.000000,0.000000,0.000000,-0.999532,0.000000,0.030602,0.000000,5.425751,0.000015,0.000004,1.000000;;
              }

              Frame Bip001_R_Finger2Nub {
               

               FrameTransformMatrix {
                -1.000000,0.000000,0.000000,0.000000,0.000000,1.000000,-0.000000,0.000000,0.000000,0.000000,-1.000000,0.000000,5.425758,-0.000008,-0.000008,1.000000;;
               }
              }
             }
            }
           }

           Frame Bip001_R_Finger3 {
            

            FrameTransformMatrix {
             0.935966,-0.064664,0.346102,0.000000,0.084190,0.995578,-0.041667,0.000000,-0.341878,0.068137,0.937271,0.000000,11.686191,-1.606102,-0.362900,1.000000;;
            }

            Frame Bip001_R_Finger31 {
             

             FrameTransformMatrix {
              0.419784,0.000000,0.907624,0.000000,0.000000,1.000000,0.000000,0.000000,-0.907624,-0.000000,0.419784,0.000000,4.316544,0.000015,-0.000015,1.000000;;
             }

             Frame Bip001_R_Finger32 {
              

              FrameTransformMatrix {
               0.000102,0.000000,1.000000,0.000000,-0.000000,1.000000,0.000000,0.000000,-1.000000,0.000000,0.000102,0.000000,4.650665,-0.000031,0.000000,1.000000;;
              }

              Frame Bip001_R_Finger3Nub {
               

               FrameTransformMatrix {
                -1.000000,0.000000,0.000000,0.000000,-0.000000,1.000000,0.000000,0.000000,0.000000,-0.000000,-1.000000,0.000000,4.650650,0.000015,0.000000,1.000000;;
               }
              }
             }
            }
           }

           Frame Bip001_R_Finger4 {
            

            FrameTransformMatrix {
             0.752888,-0.029285,0.657497,0.000000,0.043233,0.999053,-0.005008,0.000000,-0.656728,0.032196,0.753440,0.000000,10.216782,-4.386826,-0.631805,1.000000;;
            }

            Frame Bip001_R_Finger41 {
             

             FrameTransformMatrix {
              0.392584,-0.000000,0.919716,0.000000,-0.000000,1.000000,0.000000,0.000000,-0.919716,-0.000000,0.392584,0.000000,3.003708,0.000000,0.000000,1.000000;;
             }

             Frame Bip001_R_Finger42 {
              

              FrameTransformMatrix {
               0.022317,-0.000000,0.999751,0.000000,0.000000,1.000000,-0.000000,0.000000,-0.999751,-0.000000,0.022317,0.000000,3.003708,0.000008,-0.000008,1.000000;;
              }

              Frame Bip001_R_Finger4Nub {
               

               FrameTransformMatrix {
                -1.000000,0.000000,-0.000000,0.000000,-0.000000,1.000000,-0.000000,0.000000,0.000000,0.000000,-1.000000,0.000000,3.003708,0.000000,0.000000,1.000000;;
               }
              }
             }
            }
           }
          }
         }
        }
       }

       Frame Bip001_Head {
        

        FrameTransformMatrix {
         0.879956,0.091766,-0.466107,0.000000,-0.432758,0.559560,-0.706833,0.000000,0.195952,0.823694,0.532101,0.000000,15.765381,-0.911512,-0.005142,1.000000;;
        }

        Frame Bip001_HeadNub {
         

         FrameTransformMatrix {
          1.000000,0.000000,-0.000000,0.000000,-0.000000,1.000000,0.000000,0.000000,-0.000000,-0.000000,1.000000,0.000000,29.144013,0.000000,0.000000,1.000000;;
         }
        }
       }
      }
     }
    }
   }

   Frame Bip001_L_Thigh {
    

    FrameTransformMatrix {
     -0.741492,0.278462,0.610449,0.000000,-0.026158,-0.921118,0.388404,0.000000,0.670452,0.272030,0.690286,0.000000,-14.544456,12.164782,3.897591,1.000000;;
    }

    Frame Bip001_L_Calf {
     

     FrameTransformMatrix {
      0.937889,0.000000,-0.346935,0.000000,-0.000000,1.000000,-0.000000,0.000000,0.346935,0.000000,0.937889,0.000000,54.040717,0.000000,0.000000,1.000000;;
     }

     Frame Bip001_L_Foot {
      

      FrameTransformMatrix {
       0.971541,0.105869,-0.211898,0.000000,-0.050537,0.966607,0.251231,0.000000,0.231420,-0.233372,0.944448,0.000000,58.826867,0.000000,0.000011,1.000000;;
      }

      Frame Bip001_L_Toe0 {
       

       FrameTransformMatrix {
        0.000000,-0.000000,1.000000,0.000000,-0.000000,1.000000,0.000000,0.000000,-1.000000,-0.000000,0.000000,0.000000,14.261971,-0.000001,18.354534,1.000000;;
       }

       Frame Bip001_L_Toe01 {
        

        FrameTransformMatrix {
         1.000000,-0.000000,0.000000,0.000000,-0.000000,1.000000,0.000000,0.000000,0.000000,0.000000,1.000000,0.000000,1.860252,0.000001,0.000000,1.000000;;
        }

        Frame Bip001_L_Toe02 {
         

         FrameTransformMatrix {
          1.000000,-0.000000,0.000000,0.000000,-0.000000,1.000000,0.000000,0.000000,0.000000,0.000000,1.000000,0.000000,1.860245,0.000000,0.000000,1.000000;;
         }

         Frame Bip001_L_Toe0Nub {
          

          FrameTransformMatrix {
           -1.000000,-0.000000,0.000000,0.000000,0.000000,1.000000,-0.000000,0.000000,-0.000000,-0.000000,-1.000000,0.000000,1.860268,0.000000,-0.000000,1.000000;;
          }
         }
        }
       }
      }
     }
    }
   }

   Frame Bip001_R_Thigh {
    

    FrameTransformMatrix {
     -0.938448,-0.270622,0.214659,0.000000,0.201777,-0.933881,-0.295217,0.000000,0.280358,-0.233733,0.931004,0.000000,-13.563141,-12.446357,0.975498,1.000000;;
    }

    Frame Bip001_R_Calf {
     

     FrameTransformMatrix {
      0.834431,0.000000,-0.551112,0.000000,0.000000,1.000000,-0.000000,0.000000,0.551113,-0.000000,0.834431,0.000000,53.736064,0.000000,-0.000001,1.000000;;
     }

     Frame Bip001_R_Foot {
      

      FrameTransformMatrix {
       0.858660,-0.233268,0.456388,0.000000,0.342768,0.923363,-0.172945,0.000000,-0.381069,0.304936,0.872811,0.000000,59.151949,0.000000,0.000000,1.000000;;
      }

      Frame Bip001_R_Toe0 {
       

       FrameTransformMatrix {
        0.000000,-0.000000,1.000000,0.000000,-0.000000,1.000000,0.000000,0.000000,-1.000000,-0.000000,0.000000,0.000000,14.261973,0.000004,18.354528,1.000000;;
       }

       Frame Bip001_R_Toe01 {
        

        FrameTransformMatrix {
         1.000000,-0.000000,-0.000000,0.000000,0.000000,1.000000,0.000000,0.000000,0.000000,0.000000,1.000000,0.000000,1.860258,0.000000,0.000000,1.000000;;
        }

        Frame Bip001_R_Toe02 {
         

         FrameTransformMatrix {
          1.000000,-0.000000,-0.000000,0.000000,0.000000,1.000000,0.000000,0.000000,0.000000,0.000000,1.000000,0.000000,1.860252,-0.000004,0.000000,1.000000;;
         }

         Frame Bip001_R_Toe0Nub {
          

          FrameTransformMatrix {
           1.000000,-0.000000,-0.000000,0.000000,0.000000,1.000000,0.000000,0.000000,0.000000,0.000000,1.000000,0.000000,1.860260,0.000004,-0.000000,1.000000;;
          }
         }
        }
       }
      }
     }
    }
   }
  }
 }
}

Frame Box001 {
 

 FrameTransformMatrix {
  0.667112,0.000000,0.000000,0.000000,0.000000,0.696682,0.000000,0.000000,0.000000,0.000000,0.492662,0.000000,0.000000,0.000000,0.000000,1.000000;;
 }

 Mesh Box001 {
  24;
  44.544166;21.150531;212.248128;,
  40.482589;20.257339;210.333875;,
  43.188570;19.938955;208.669811;,
  41.838189;21.468915;213.912192;,
  44.403997;22.900370;211.160691;,
  40.342422;22.007179;209.246464;,
  41.698016;23.218755;212.824768;,
  43.048400;21.688794;207.582387;,
  44.544166;21.150531;212.248128;,
  41.698016;23.218755;212.824768;,
  41.838189;21.468915;213.912192;,
  44.403997;22.900370;211.160691;,
  41.838189;21.468915;213.912192;,
  40.342422;22.007179;209.246464;,
  40.482589;20.257339;210.333875;,
  41.698016;23.218755;212.824768;,
  40.482589;20.257339;210.333875;,
  43.048400;21.688794;207.582387;,
  43.188570;19.938955;208.669811;,
  40.342422;22.007179;209.246464;,
  43.188570;19.938955;208.669811;,
  44.403997;22.900370;211.160691;,
  44.544166;21.150531;212.248128;,
  43.048400;21.688794;207.582387;;
  12;
  3;0,1,2;,
  3;1,0,3;,
  3;4,5,6;,
  3;5,4,7;,
  3;8,9,10;,
  3;9,8,11;,
  3;12,13,14;,
  3;13,12,15;,
  3;16,17,18;,
  3;17,16,19;,
  3;20,21,22;,
  3;21,20,23;;

  MeshMaterialList {
   1;
   12;
   0,
   0,
   0,
   0,
   0,
   0,
   0,
   0,
   0,
   0,
   0,
   0;

   Material  {
    0.529412;0.231373;0.031373;1.000000;;
    0.000000;
    0.000000;0.000000;0.000000;;
    0.000000;0.000000;0.000000;;
   }
  }

  DeclData {
   2;
   2;0;3;0;,
   1;0;5;0;;
   120;
   1032800971,
   3212041797,
   1050120762,
   1065353216,
   1065353216,
   1032800971,
   3212041797,
   1050120762,
   0,
   0,
   1032800971,
   3212041797,
   1050120761,
   1065353216,
   0,
   1032800971,
   3212041797,
   1050120761,
   0,
   1065353216,
   3180284730,
   1064558149,
   3197604402,
   0,
   1065353216,
   3180284730,
   1064558149,
   3197604402,
   1065353216,
   0,
   3180284729,
   1064558150,
   3197604402,
   1065353216,
   1065353216,
   3180284729,
   1064558150,
   3197604402,
   0,
   0,
   1056917324,
   1056494879,
   1060618375,
   0,
   1065353216,
   1056917303,
   1056494839,
   1060618396,
   1065353216,
   0,
   1056917276,
   1056494787,
   1060618423,
   1065353216,
   1065353216,
   1056917349,
   1056494931,
   1060618348,
   0,
   0,
   3211849649,
   1039619496,
   1050778992,
   0,
   1065353216,
   3211849647,
   1039619605,
   1050778995,
   1065353216,
   0,
   3211849645,
   1039619697,
   1050778996,
   1065353216,
   1065353216,
   3211849651,
   1039619406,
   1050778991,
   0,
   0,
   3204400984,
   3203978453,
   3208102043,
   0,
   1065353216,
   3204400948,
   3203978503,
   3208102039,
   1065353216,
   0,
   3204400895,
   3203978577,
   3208102033,
   1065353216,
   1065353216,
   3204401038,
   3203978381,
   3208102049,
   0,
   0,
   1064366000,
   3187103553,
   3198262605,
   0,
   1065353216,
   1064365998,
   3187103483,
   3198262625,
   1065353216,
   0,
   1064365997,
   3187103437,
   3198262637,
   1065353216,
   1065353216,
   1064366002,
   3187103600,
   3198262592,
   0,
   0;
  }

  XSkinMeshHeader {
   1;
   1;
   1;
  }

  SkinWeights {
   "Bip001_L_Toe0Nub";
   24;
   0,
   1,
   2,
   3,
   4,
   5,
   6,
   7,
   8,
   9,
   10,
   11,
   12,
   13,
   14,
   15,
   16,
   17,
   18,
   19,
   20,
   21,
   22,
   23;
   1.000000,
   1.000000,
   1.000000,
   1.000000,
   1.000000,
   1.000000,
   1.000000,
   1.000000,
   1.000000,
   1.000000,
   1.000000,
   1.000000,
   1.000000,
   1.000000,
   1.000000,
   1.000000,
   1.000000,
   1.000000,
   1.000000,
   1.000000,
   1.000000,
   1.000000,
   1.000000,
   1.000000;
   -0.091563,0.660771,0.006011,0.000000,-0.007222,0.005337,-0.696624,0.000000,-0.487973,-0.067660,0.004540,0.000000,76.506400,9.114624,0.073527,1.000000;;
  }
 }
}

AnimTicksPerSecond  {
 4800;
}

AnimationSet Anim1 {
 

 Animation {
  
  { Bip001 }

  AnimationKey S {
   1;
   2;
   0;3;1.000000,1.000000,1.000000;;,
   14720;3;1.000000,1.000000,1.000000;;;
  }

  AnimationKey R {
   0;
   93;
   0;4;0.939783,-0.000000,0.341773,0.000000;;,
   160;4;0.951413,0.002544,0.307880,-0.004137;;,
   320;4;0.962161,0.005275,0.272286,-0.008864;;,
   480;4;0.970928,0.007617,0.238930,-0.012390;;,
   640;4;0.977167,0.009001,0.211888,-0.012941;;,
   800;4;0.980965,0.009159,0.193736,-0.009503;;,
   960;4;0.983257,0.008438,0.182001,-0.003211;;,
   1120;4;0.984852,0.007192,0.173189,0.004480;;,
   1280;4;0.986407,0.005775,0.163771,0.012112;;,
   1440;4;0.988278,0.003927,0.151232,0.020503;;,
   1600;4;0.989745,0.001567,0.139724,0.029649;;,
   1760;4;0.990058,-0.000681,0.135740,0.036862;;,
   1920;4;0.989387,-0.002296,0.139513,0.040543;;,
   2080;4;0.988173,-0.003621,0.147328,0.042385;;,
   2240;4;0.986131,-0.005335,0.159761,0.044641;;,
   2400;4;0.982863,-0.008114,0.177365,0.049559;;,
   2560;4;0.978346,-0.011575,0.198224,0.058416;;,
   2720;4;0.972281,-0.015538,0.222628,0.069755;;,
   2880;4;0.963432,-0.020978,0.254333,0.081697;;,
   3040;4;0.949996,-0.028850,0.296910,0.092308;;,
   3200;4;0.928727,-0.040158,0.354291,0.101639;;,
   3360;4;0.898183,-0.053973,0.422169,0.110125;;,
   3520;4;0.860139,-0.068340,0.491844,0.116534;;,
   3680;4;0.818738,-0.081410,0.555560,0.119975;;,
   3840;4;0.775575,-0.092996,0.612993,0.118639;;,
   4000;4;0.729595,-0.103596,0.666441,0.113206;;,
   4160;4;0.683184,-0.112611,0.713541,0.106947;;,
   4320;4;0.647739,-0.118551,0.746156,0.098136;;,
   4480;4;0.614285,-0.123198,0.774324,0.088874;;,
   4640;4;0.551569,-0.130290,0.819207,0.087724;;,
   4800;4;0.447266,-0.140982,0.878430,0.091865;;,
   4960;4;0.317949,-0.151827,0.931026,0.095122;;,
   5120;4;0.173960,-0.159124,0.966621,0.100308;;,
   5280;4;0.028580,-0.160252,0.980487,0.110215;;,
   5440;4;-0.103978,-0.153940,0.974293,0.127451;;,
   5600;4;-0.213432,-0.137193,0.954008,0.159666;;,
   5760;4;-0.306329,-0.111860,0.922681,0.205693;;,
   5920;4;-0.394364,-0.084677,0.879152,0.253768;;,
   6080;4;-0.488631,-0.062129,0.820068,0.291321;;,
   6240;4;-0.591137,-0.046195,0.741838,0.313207;;,
   6400;4;-0.691048,-0.033656,0.645050,0.324391;;,
   6560;4;-0.779766,-0.022733,0.532891,0.327835;;,
   6720;4;-0.850654,-0.011476,0.410924,0.327715;;,
   6880;4;-0.904503,-0.003291,0.278223,0.323196;;,
   7040;4;-0.938822,0.003456,0.139425,0.314901;;,
   7200;4;-0.950008,0.018169,0.011235,0.311494;;,
   7360;4;-0.942187,0.044625,-0.098458,0.317171;;,
   7520;4;-0.920989,0.076901,-0.197011,0.327189;;,
   7680;4;-0.888850,0.109206,-0.290683,0.336932;;,
   7840;4;-0.846569,0.135563,-0.385594,0.340971;;,
   8000;4;-0.793484,0.152742,-0.481747,0.339077;;,
   8160;4;-0.729345,0.162852,-0.575331,0.332459;;,
   8320;4;-0.654077,0.168025,-0.665801,0.317270;;,
   8480;4;-0.566002,0.169579,-0.752691,0.290416;;,
   8640;4;-0.466093,0.166742,-0.830772,0.254504;;,
   8800;4;-0.359699,0.159265,-0.893830,0.215220;;,
   8960;4;-0.253840,0.147736,-0.938961,0.179140;;,
   9120;4;-0.149995,0.133513,-0.967942,0.150880;;,
   9280;4;-0.053442,0.115281,-0.983362,0.129822;;,
   9440;4;0.022632,0.090719,-0.988955,0.115008;;,
   9600;4;0.071305,0.052460,-0.989967,0.110128;;,
   9760;4;0.098742,0.008936,-0.988689,0.112539;;,
   9920;4;0.112271,-0.018045,-0.987211,0.111737;;,
   10080;4;0.116511,-0.023736,-0.987375,0.104651;;,
   10240;4;0.113424,-0.020671,-0.988698,0.095834;;,
   10400;4;0.106604,-0.013033,-0.990465,0.086283;;,
   10560;4;0.099651,-0.005008,-0.992026,0.076997;;,
   10720;4;0.096196,-0.000789,-0.992968,0.068996;;,
   10880;4;0.097790,-0.002884,-0.993214,0.062883;;,
   11040;4;0.102430,-0.007794,-0.992989,0.058491;;,
   11200;4;0.108422,-0.010691,-0.992486,0.055695;;,
   11360;4;0.113914,-0.010968,-0.991919,0.054772;;,
   11520;4;0.120760,-0.009233,-0.991089,0.055446;;,
   11680;4;0.132821,-0.002487,-0.989511,0.056757;;,
   11840;4;0.163941,0.014385,-0.984680,0.057645;;,
   12000;4;0.199979,0.036248,-0.977346,0.059070;;,
   12160;4;0.203507,0.050756,-0.975705,0.063310;;,
   12320;4;0.170705,0.055203,-0.981076,0.072817;;,
   12480;4;0.124098,0.055961,-0.986970,0.085783;;,
   12640;4;0.066281,0.054321,-0.991474,0.098161;;,
   12800;4;0.000078,0.051639,-0.993027,0.105974;;,
   12960;4;-0.071451,0.049327,-0.990635,0.105375;;,
   13120;4;-0.153396,0.047217,-0.982975,0.089445;;,
   13280;4;-0.247410,0.044041,-0.966015,0.060536;;,
   13440;4;-0.345052,0.039729,-0.937284,0.029323;;,
   13600;4;-0.438464,0.034417,-0.898064,0.006804;;,
   13760;4;-0.529057,0.026800,-0.848163,0.000365;;,
   13920;4;-0.616631,0.017798,-0.787043,0.003605;;,
   14080;4;-0.693283,0.011101,-0.720552,0.006409;;,
   14240;4;-0.758040,0.007530,-0.652142,0.005423;;,
   14400;4;-0.814509,0.005148,-0.580114,0.004193;;,
   14560;4;-0.863377,0.003455,-0.504540,0.002814;;,
   14720;4;-0.905085,0.001922,-0.425224,0.001384;;;
  }

  AnimationKey T {
   2;
   93;
   0;3;-0.000000,117.392947,-0.000000;;,
   160;3;-0.142261,118.294566,0.170465;;,
   320;3;-0.284521,119.304474,0.340930;;,
   480;3;-0.668482,120.314381,0.511574;;,
   640;3;-1.442560,121.216013,0.641993;;,
   800;3;-2.458339,121.901056,0.772591;;,
   960;3;-3.512266,122.261274,1.024755;;,
   1120;3;-4.567926,122.205978,1.262852;;,
   1280;3;-5.671563,121.777766,1.469660;;,
   1440;3;-6.743620,121.068237,1.944188;;,
   1600;3;-7.704542,120.168960,2.985443;;,
   1760;3;-8.639298,119.171558,4.374126;;,
   1920;3;-9.647897,118.056090,5.745304;;,
   2080;3;-10.673340,116.776960,7.179538;;,
   2240;3;-11.658629,115.387264,8.757392;;,
   2400;3;-12.546766,113.940083,10.559425;;,
   2560;3;-13.280755,112.488486,12.666198;;,
   2720;3;-13.803597,111.085542,15.158272;;,
   2880;3;-14.058293,109.784358,18.116210;;,
   3040;3;-13.551019,108.637990,22.259976;;,
   3200;3;-12.176086,107.699507,27.905357;;,
   3360;3;-10.458694,107.022016,34.526634;;,
   3520;3;-8.924045,106.761165,41.598106;;,
   3680;3;-7.477534,106.974816,49.833846;;,
   3840;3;-6.044671,107.569382,59.181434;;,
   4000;3;-5.180826,108.451277,67.965491;;,
   4160;3;-5.636762,109.526874,74.984640;;,
   4320;3;-6.661716,110.702592,81.440224;;,
   4480;3;-6.558780,112.220851,89.260941;;,
   4640;3;-4.808409,114.202291,98.703520;;,
   4800;3;-2.337157,116.370560,108.688243;;,
   4960;3;0.382712,118.449357,119.139059;;,
   5120;3;2.878959,120.162368,129.979930;;,
   5280;3;4.679317,121.122586,141.134797;;,
   5440;3;5.757227,121.514227,153.502682;;,
   5600;3;6.293486,121.917760,166.971405;;,
   5760;3;6.126890,122.913754,179.948032;;,
   5920;3;5.096240,125.082688,190.839718;;,
   6080;3;2.697629,128.720384,198.768832;;,
   6240;3;-0.829327,133.429811,204.735834;;,
   6400;3;-4.530555,138.752115,209.965082;;,
   6560;3;-7.451981,144.228518,215.680922;;,
   6720;3;-9.546133,149.400115,222.096051;;,
   6880;3;-11.252868,153.808115,228.595379;;,
   7040;3;-12.349103,156.993715,235.161677;;,
   7200;3;-12.611751,158.498048,241.777562;;,
   7360;3;-12.251686,157.853978,248.445440;;,
   7520;3;-11.649450,155.271053,255.164314;;,
   7680;3;-10.836458,151.305600,261.911936;;,
   7840;3;-9.844135,146.513894,268.665882;;,
   8000;3;-8.703899,141.452211,275.404058;;,
   8160;3;-7.447171,136.676851,282.104064;;,
   8320;3;-6.105372,132.744064,288.743706;;,
   8480;3;-4.709920,129.702810,295.300634;;,
   8640;3;-2.510526,127.045210,301.126170;;,
   8800;3;0.442789,124.492339,306.627738;;,
   8960;3;2.918099,121.765350,313.367526;;,
   9120;3;4.473494,118.585331,322.585395;;,
   9280;3;5.550897,114.333747,333.041434;;,
   9440;3;6.244153,109.302554,342.577997;;,
   9600;3;6.299395,104.578534,350.891238;;,
   9760;3;5.970492,101.248474,358.284979;;,
   9920;3;6.112914,99.493242,363.512704;;,
   10080;3;7.071814,98.583757,366.329907;;,
   10240;3;8.404564,98.241824,367.726797;;,
   10400;3;9.784971,98.189267,368.309146;;,
   10560;3;10.886842,98.147942,368.682650;;,
   10720;3;11.599139,98.082131,368.985574;;,
   10880;3;12.103851,98.146118,368.902579;;,
   11040;3;12.514314,98.346694,368.359066;;,
   11200;3;12.943865,98.690598,367.280230;;,
   11360;3;13.399768,99.184614,365.724006;;,
   11520;3;13.829229,99.835533,363.704346;;,
   11680;3;14.255498,100.671264,361.080576;;,
   11840;3;14.701826,101.679878,357.711974;;,
   12000;3;15.186778,102.808288,353.232333;;,
   12160;3;15.693610,104.003462,347.511987;;,
   12320;3;16.192610,105.212326,340.765440;;,
   12480;3;16.894037,106.381830,332.767334;;,
   12640;3;17.587624,107.458906,323.743078;;,
   12800;3;17.612878,108.390502,314.583066;;,
   12960;3;16.635734,109.073075,305.422797;;,
   13120;3;14.990261,109.497792,296.126874;;,
   13280;3;13.018125,109.753613,287.179392;;,
   13440;3;10.604829,109.929562,278.800256;;,
   13600;3;7.864894,109.720563,270.769690;;,
   13760;3;5.483476,109.316787,262.912435;;,
   13920;3;3.626154,109.550182,254.266803;;,
   14080;3;2.127373,110.525466,245.794509;;,
   14240;3;1.175614,111.739661,240.205594;;,
   14400;3;0.829447,113.113165,238.380928;;,
   14560;3;0.867910,114.566310,238.583680;;,
   14720;3;1.060225,116.019443,239.597389;;;
  }
 }

 Animation {
  
  { Bip001_Pelvis }

  AnimationKey S {
   1;
   2;
   0;3;1.000000,1.000000,1.000000;;,
   14720;3;1.000000,1.000000,1.000000;;;
  }

  AnimationKey R {
   0;
   2;
   0;4;-0.487542,0.512155,0.487542,0.512155;;,
   14720;4;-0.487542,0.512155,0.487542,0.512155;;;
  }

  AnimationKey T {
   2;
   2;
   0;3;0.000000,0.000000,0.000000;;,
   14720;3;0.000000,0.000000,0.000000;;;
  }
 }

 Animation {
  
  { Bip001_Spine }

  AnimationKey S {
   1;
   2;
   0;3;1.000000,1.000000,1.000000;;,
   14720;3;1.000000,1.000000,1.000000;;;
  }

  AnimationKey R {
   0;
   78;
   0;4;0.994515,0.057140,0.084045,0.024719;;,
   160;4;0.996328,0.044343,0.065534,0.032702;;,
   320;4;0.997655,0.030227,0.045147,0.041623;;,
   480;4;0.998278,0.016738,0.025650,0.050037;;,
   640;4;0.998336,0.005830,0.009819,0.056520;;,
   800;4;0.998218,-0.000545,0.000431,0.059663;;,
   960;4;0.998157,-0.003268,-0.003902,0.060468;;,
   1120;4;0.998114,-0.004680,-0.006588,0.060855;;,
   1280;4;0.998106,-0.005021,-0.007888,0.060798;;,
   1440;4;0.998139,-0.004533,-0.008063,0.060271;;,
   1600;4;0.998210,-0.003455,-0.007373,0.059245;;,
   1760;4;0.998314,-0.002029,-0.006080,0.057693;;,
   1920;4;0.998444,-0.000495,-0.004443,0.055587;;,
   2080;4;0.998596,0.000906,-0.002724,0.052899;;,
   2240;4;0.998767,0.001934,-0.001183,0.049602;;,
   2400;4;0.998954,0.002348,-0.000082,0.045668;;,
   2560;4;0.999154,0.001908,0.000320,0.041070;;,
   2720;4;0.999413,0.000341,0.000268,0.034266;;,
   2880;4;0.999698,-0.002225,0.000190,0.024478;;,
   3040;4;0.999903,-0.005433,0.000096,0.012823;;,
   3200;4;0.999960,-0.008922,-0.000003,0.000422;;,
   3360;4;0.999857,-0.012336,-0.000097,-0.011603;;,
   3520;4;0.999638,-0.015315,-0.000174,-0.022132;;,
   3680;4;0.999395,-0.017502,-0.000224,-0.030044;;,
   3840;4;0.999242,-0.018542,-0.000237,-0.034221;;,
   4000;4;0.999452,-0.016650,-0.000144,-0.028614;;,
   4160;4;0.999846,-0.011793,0.000058,-0.012991;;,
   4320;4;0.999968,-0.006241,0.000281,0.005027;;,
   4480;4;0.999839,-0.002268,0.000439,0.017815;;,
   4640;4;0.999772,-0.001101,0.000480,0.021313;;,
   4800;4;0.999798,-0.001398,0.000455,0.020030;;,
   4960;4;0.999814,-0.001593,0.000429,0.019196;;,
   5120;4;0.999780,-0.001060,0.000419,0.020932;;,
   5280;4;0.999733,-0.000425,0.000406,0.023117;;,
   5440;4;0.999697,0.000008,0.000398,0.024613;;,
   5600;4;0.999686,0.000136,0.000396,0.025048;;,
   5760;4;0.999687,0.000122,0.000396,0.025000;;,
   5920;4;0.999693,0.000051,0.000397,0.024758;;,
   6080;4;0.999697,0.000008,0.000398,0.024613;;,
   8640;4;0.999697,0.000008,0.000398,0.024613;;,
   8800;4;0.999693,0.000006,0.000398,0.024771;;,
   8960;4;0.999687,0.000003,0.000398,0.025035;;,
   9120;4;0.999685,0.000003,0.000398,0.025088;;,
   9280;4;0.999697,0.000008,0.000398,0.024613;;,
   9440;4;0.999733,0.000024,0.000398,0.023084;;,
   9600;4;0.999783,0.000047,0.000397,0.020816;;,
   9760;4;0.999824,0.000069,0.000397,0.018759;;,
   9920;4;0.999840,0.000078,0.000397,0.017862;;,
   10080;4;0.999831,0.000075,0.000397,0.018377;;,
   10240;4;0.999807,0.000066,0.000397,0.019660;;,
   10400;4;0.999773,0.000053,0.000397,0.021318;;,
   10560;4;0.999736,0.000038,0.000397,0.022958;;,
   10720;4;0.999707,0.000023,0.000398,0.024188;;,
   10880;4;0.999697,0.000008,0.000398,0.024613;;,
   11040;4;0.999719,-0.000010,0.000398,0.023719;;,
   11200;4;0.999764,-0.000032,0.000399,0.021743;;,
   11360;4;0.999811,-0.000054,0.000399,0.019420;;,
   11520;4;0.999847,-0.000070,0.000399,0.017487;;,
   11680;4;0.999861,-0.000077,0.000399,0.016679;;,
   11840;4;0.999843,-0.000065,0.000399,0.017733;;,
   12000;4;0.999797,-0.000040,0.000399,0.020150;;,
   12160;4;0.999740,-0.000011,0.000398,0.022815;;,
   12320;4;0.999697,0.000008,0.000398,0.024613;;,
   12480;4;0.999653,0.000087,0.000399,0.026350;;,
   12640;4;0.999601,0.000209,0.000402,0.028252;;,
   12800;4;0.999598,0.000230,0.000402,0.028336;;,
   12960;4;0.999697,0.000008,0.000398,0.024613;;,
   13120;4;0.999926,-0.000884,0.000381,0.012151;;,
   13280;4;0.999980,-0.002123,0.000357,-0.005903;;,
   13440;4;0.999808,-0.002732,0.000345,-0.019411;;,
   13600;4;0.999624,-0.003470,-0.001139,-0.027178;;,
   13760;4;0.999400,-0.004862,-0.004107,-0.034037;;,
   13920;4;0.999208,-0.005587,-0.006326,-0.038895;;,
   14080;4;0.999148,-0.004324,-0.005565,-0.040657;;,
   14240;4;0.999269,0.000248,0.000408,-0.038229;;,
   14400;4;0.999429,0.010237,0.014821,-0.028601;;,
   14560;4;0.998948,0.024958,0.036494,-0.012189;;,
   14720;4;0.997247,0.041546,0.061029,0.006947;;;
  }

  AnimationKey T {
   2;
   24;
   0;3;14.246789,-0.703362,-0.012578;;,
   160;3;14.246330,-0.703039,-0.012682;;,
   320;3;14.245819,-0.702673,-0.012766;;,
   480;3;14.245307,-0.702312,-0.012818;;,
   640;3;14.244934,-0.702014,-0.012838;;,
   800;3;14.244690,-0.701837,-0.012841;;,
   960;3;14.244568,-0.701760,-0.012840;;,
   1760;3;14.244522,-0.701720,-0.012839;;,
   1920;3;14.244576,-0.701830,-0.012842;;,
   2880;3;14.244621,-0.701870,-0.012840;;,
   3040;3;14.244690,-0.701712,-0.012844;;,
   3360;3;14.244690,-0.701620,-0.012843;;,
   3520;3;14.244675,-0.701456,-0.012835;;,
   4000;3;14.244675,-0.701399,-0.012836;;,
   4160;3;14.244682,-0.701541,-0.012836;;,
   4320;3;14.244690,-0.701682,-0.012840;;,
   4480;3;14.244706,-0.701782,-0.012844;;,
   13600;3;14.244720,-0.701809,-0.012852;;,
   13760;3;14.244598,-0.701736,-0.012833;;,
   14080;3;14.244522,-0.701706,-0.012848;;,
   14240;3;14.244690,-0.701847,-0.012848;;,
