xof 0303txt 0032
template Frame {
 <3d82ab46-62da-11cf-ab39-0020af71e433>
 [...]
}

template Matrix4x4 {
 <f6f23f45-7686-11cf-8f52-0040333594a3>
 array FLOAT matrix[16];
}

template FrameTransformMatrix {
 <f6f23f41-7686-11cf-8f52-0040333594a3>
 Matrix4x4 frameMatrix;
}

template Vector {
 <3d82ab5e-62da-11cf-ab39-0020af71e433>
 FLOAT x;
 FLOAT y;
 FLOAT z;
}

template MeshFace {
 <3d82ab5f-62da-11cf-ab39-0020af71e433>
 DWORD nFaceVertexIndices;
 array DWORD faceVertexIndices[nFaceVertexIndices];
}

template Mesh {
 <3d82ab44-62da-11cf-ab39-0020af71e433>
 DWORD nVertices;
 array Vector vertices[nVertices];
 DWORD nFaces;
 array MeshFace faces[nFaces];
 [...]
}

template VertexElement {
 <f752461c-1e23-48f6-b9f8-8350850f336f>
 DWORD Type;
 DWORD Method;
 DWORD Usage;
 DWORD UsageIndex;
}

template DeclData {
 <bf22e553-292c-4781-9fea-62bd554bdd93>
 DWORD nElements;
 array VertexElement Elements[nElements];
 DWORD nDWords;
 array DWORD data[nDWords];
}

template XSkinMeshHeader {
 <3cf169ce-ff7c-44ab-93c0-f78f62d172e2>
 WORD nMaxSkinWeightsPerVertex;
 WORD nMaxSkinWeightsPerFace;
 WORD nBones;
}

template SkinWeights {
 <6f0d123b-bad2-4167-a0d0-80224f25fabb>
 STRING transformNodeName;
 DWORD nWeights;
 array DWORD vertexIndices[nWeights];
 array FLOAT weights[nWeights];
 Matrix4x4 matrixOffset;
}

template AnimTicksPerSecond {
 <9e415a43-7ba6-4a73-8743-b73d47e88476>
 DWORD AnimTicksPerSecond;
}

template Animation {
 <3d82ab4f-62da-11cf-ab39-0020af71e433>
 [...]
}

template AnimationSet {
 <3d82ab50-62da-11cf-ab39-0020af71e433>
 [Animation <3d82ab4f-62da-11cf-ab39-0020af71e433>]
}

template FloatKeys {
 <10dd46a9-775b-11cf-8f52-0040333594a3>
 DWORD nValues;
 array FLOAT values[nValues];
}

template TimedFloatKeys {
 <f406b180-7b3b-11cf-8f52-0040333594a3>
 DWORD time;
 FloatKeys tfkeys;
}

template AnimationKey {
 <10dd46a8-775b-11cf-8f52-0040333594a3>
 DWORD keyType;
 DWORD nKeys;
 array TimedFloatKeys keys[nKeys];
}


Frame Bip001 {
 

 FrameTransformMatrix {
  -0.766043,0.000000,-0.642790,0.000000,0.000000,1.000000,-0.000000,0.000000,0.642790,-0.000000,-0.766043,0.000000,0.000000,116.940531,0.000000,1.000000;;
 }

 Frame Bip001_Pelvis {
  

  FrameTransformMatrix {
   -0.000000,0.998788,0.049211,0.000000,-0.000001,-0.049211,0.998788,0.000000,1.000000,-0.000000,0.000001,0.000000,0.000000,0.000000,0.000000,1.000000;;
  }

  Frame Bip001_Spine {
   

   FrameTransformMatrix {
    0.984651,-0.039563,0.169993,0.000000,0.058772,0.992248,-0.109498,0.000000,-0.164344,0.117808,0.979343,0.000000,14.246795,-0.703352,-0.012570,1.000000;;
   }

   Frame Bip001_Spine1 {
    

    FrameTransformMatrix {
     0.998973,0.038831,-0.023341,0.000000,-0.036688,0.995609,0.086119,0.000000,0.026582,-0.085175,0.996011,0.000000,16.121888,0.001094,-0.012787,1.000000;;
    }

    Frame Bip001_Spine2 {
     

     FrameTransformMatrix {
      0.997659,0.006998,-0.068025,0.000000,-0.000433,0.995377,0.096041,0.000000,0.068383,-0.095787,0.993050,0.000000,16.121307,0.001230,-0.012749,1.000000;;
     }

     Frame Bip001_Spine3 {
      

      FrameTransformMatrix {
       0.986476,-0.104584,-0.126207,0.000000,0.108928,0.993655,0.028000,0.000000,0.122478,-0.041369,0.991609,0.000000,16.120651,0.000531,-0.012731,1.000000;;
      }

      Frame Bip001_Neck {
       

       FrameTransformMatrix {
        0.899240,0.000001,0.437456,0.000000,-0.000001,1.000000,-0.000000,0.000000,-0.437456,-0.000000,0.899240,0.000000,16.125474,0.000000,-0.006661,1.000000;;
       }

       Frame Bip001_L_Clavicle {
        

        FrameTransformMatrix {
         -0.240080,0.970663,-0.013237,0.000000,0.867825,0.208495,-0.451009,0.000000,-0.435018,-0.119765,-0.892421,0.000000,0.000000,4.340599,0.007393,1.000000;;
        }

        Frame Bip001_L_UpperArm {
         

         FrameTransformMatrix {
          0.762045,-0.232226,-0.604449,0.000000,0.293123,0.956072,0.002230,0.000000,0.577379,-0.178877,0.796641,0.000000,16.122219,0.000015,0.000002,1.000000;;
         }

         Frame Bip001_L_Forearm {
          

          FrameTransformMatrix {
           0.586666,0.000000,-0.809829,0.000000,0.000000,1.000000,0.000000,0.000000,0.809830,-0.000000,0.586666,0.000000,44.136819,0.000000,-0.000004,1.000000;;
          }

          Frame Bip001_L_Hand {
           

           FrameTransformMatrix {
            0.994184,-0.020071,0.105808,0.000000,-0.100164,-0.533264,0.839998,0.000000,0.039565,-0.845711,-0.532173,0.000000,37.683370,0.000000,-0.000004,1.000000;;
           }

           Frame Bip001_L_Finger0 {
            

            FrameTransformMatrix {
             0.507051,-0.208417,0.836338,0.000000,0.787258,0.507013,-0.350946,0.000000,-0.350891,0.836362,0.421159,0.000000,4.289879,-5.456879,2.394806,1.000000;;
            }

            Frame Bip001_L_Finger01 {
             

             FrameTransformMatrix {
              0.845231,0.000000,0.534402,0.000000,-0.000000,1.000000,0.000000,0.000000,-0.534402,0.000000,0.845231,0.000000,3.875534,0.000008,0.000000,1.000000;;
             }

             Frame Bip001_L_Finger02 {
              

              FrameTransformMatrix {
               0.717331,0.000000,0.696733,0.000000,0.000000,1.000000,0.000000,0.000000,-0.696733,-0.000000,0.717331,0.000000,3.875534,0.000000,0.000000,1.000000;;
              }

              Frame Bip001_L_Finger0Nub {
               

               FrameTransformMatrix {
                1.000000,0.000000,-0.000000,0.000000,0.000000,1.000000,0.000000,0.000000,0.000000,0.000000,1.000000,0.000000,3.875534,-0.000008,-0.000003,1.000000;;
               }
              }
             }
            }
           }

           Frame Bip001_L_Finger1 {
            

            FrameTransformMatrix {
             0.918251,-0.000315,0.395999,0.000000,-0.000000,1.000000,0.000796,0.000000,-0.396000,-0.000731,0.918250,0.000000,11.734268,-5.461197,-0.417755,1.000000;;
            }

            Frame Bip001_L_Finger11 {
             

             FrameTransformMatrix {
              0.361810,0.000000,0.932252,0.000000,0.000000,1.000000,0.000000,0.000000,-0.932252,-0.000000,0.361810,0.000000,4.650642,0.000000,-0.000015,1.000000;;
             }

             Frame Bip001_L_Finger12 {
              

              FrameTransformMatrix {
               0.141925,0.000000,0.989877,0.000000,0.000000,1.000000,0.000000,0.000000,-0.989877,0.000000,0.141925,0.000000,4.650650,0.000015,0.000008,1.000000;;
              }

              Frame Bip001_L_Finger1Nub {
               

               FrameTransformMatrix {
                1.000000,0.000000,0.000000,0.000000,0.000000,1.000000,0.000000,0.000000,-0.000000,0.000000,1.000000,0.000000,4.650650,-0.000015,0.000000,1.000000;;
               }
              }
             }
            }
           }

           Frame Bip001_L_Finger2 {
            

            FrameTransformMatrix {
             0.924595,0.042567,0.378566,0.000000,-0.054546,0.998291,0.020970,0.000000,-0.377027,-0.040038,0.925337,0.000000,11.686767,-1.501328,-0.364777,1.000000;;
            }

            Frame Bip001_L_Finger21 {
             

             FrameTransformMatrix {
              0.348076,-0.000000,0.937466,0.000000,0.000000,1.000000,-0.000000,0.000000,-0.937466,-0.000000,0.348076,0.000000,4.698433,0.000015,0.000000,1.000000;;
             }

             Frame Bip001_L_Finger22 {
              

              FrameTransformMatrix {
               0.030602,0.000000,0.999532,0.000000,0.000000,1.000000,0.000000,0.000000,-0.999532,-0.000000,0.030602,0.000000,5.425736,-0.000015,0.000000,1.000000;;
              }

              Frame Bip001_L_Finger2Nub {
               

               FrameTransformMatrix {
                1.000000,-0.000000,0.000000,0.000000,-0.000000,1.000000,0.000000,0.000000,-0.000000,0.000000,1.000000,0.000000,5.425751,0.000015,0.000000,1.000000;;
               }
              }
             }
            }
           }

           Frame Bip001_L_Finger3 {
            

            FrameTransformMatrix {
             0.935966,0.064664,0.346102,0.000000,-0.084190,0.995578,0.041667,0.000000,-0.341878,-0.068137,0.937271,0.000000,11.686203,1.606094,-0.362915,1.000000;;
            }

            Frame Bip001_L_Finger31 {
             

             FrameTransformMatrix {
              0.419784,0.000000,0.907624,0.000000,0.000000,1.000000,0.000000,0.000000,-0.907624,0.000000,0.419784,0.000000,4.316555,0.000015,-0.000015,1.000000;;
             }

             Frame Bip001_L_Finger32 {
              

              FrameTransformMatrix {
               0.000102,-0.000000,1.000000,0.000000,0.000000,1.000000,-0.000000,0.000000,-1.000000,-0.000000,0.000102,0.000000,4.650642,-0.000015,0.000008,1.000000;;
              }

              Frame Bip001_L_Finger3Nub {
               

               FrameTransformMatrix {
                1.000000,-0.000000,-0.000000,0.000000,-0.000000,1.000000,-0.000000,0.000000,-0.000000,0.000000,1.000000,0.000000,4.650642,0.000000,0.000000,1.000000;;
               }
              }
             }
            }
           }

           Frame Bip001_L_Finger4 {
            

            FrameTransformMatrix {
             0.752888,0.029285,0.657497,0.000000,-0.043233,0.999053,0.005008,0.000000,-0.656728,-0.032196,0.753440,0.000000,10.216790,4.386826,-0.631805,1.000000;;
            }

            Frame Bip001_L_Finger41 {
             

             FrameTransformMatrix {
              0.392584,0.000000,0.919716,0.000000,0.000000,1.000000,0.000000,0.000000,-0.919716,0.000000,0.392584,0.000000,3.003712,-0.000015,0.000000,1.000000;;
             }

             Frame Bip001_L_Finger42 {
              

              FrameTransformMatrix {
               0.022317,-0.000000,0.999751,0.000000,-0.000000,1.000000,0.000000,0.000000,-0.999751,0.000000,0.022317,0.000000,3.003708,0.000015,-0.000008,1.000000;;
              }

              Frame Bip001_L_Finger4Nub {
               

               FrameTransformMatrix {
                1.000000,0.000000,-0.000000,0.000000,-0.000000,1.000000,0.000000,0.000000,-0.000000,0.000000,1.000000,0.000000,3.003708,0.000000,0.000015,1.000000;;
               }
              }
             }
            }
           }
          }
         }
        }
       }

       Frame Bip001_R_Clavicle {
        

        FrameTransformMatrix {
         -0.144915,-0.989409,-0.008302,0.000000,-0.887687,0.126301,0.442787,0.000000,-0.437049,0.071536,-0.896588,0.000000,0.000015,-4.340598,0.007408,1.000000;;
        }

        Frame Bip001_R_UpperArm {
         

         FrameTransformMatrix {
          0.614151,0.379145,-0.692147,0.000000,-0.214964,0.924242,0.315541,0.000000,0.759347,-0.045003,0.649128,0.000000,16.122221,0.000000,0.000001,1.000000;;
         }

         Frame Bip001_R_Forearm {
          

          FrameTransformMatrix {
           0.299268,-0.000000,-0.954169,0.000000,0.000000,1.000000,0.000000,0.000000,0.954169,0.000000,0.299268,0.000000,44.136813,0.000000,-0.000004,1.000000;;
          }

          Frame Bip001_R_Hand {
           

           FrameTransformMatrix {
            0.994184,0.020071,0.105808,0.000000,0.101502,-0.502998,-0.858307,0.000000,0.035995,0.864055,-0.502109,0.000000,37.683357,0.000000,-0.000004,1.000000;;
           }

           Frame Bip001_R_Finger0 {
            

            FrameTransformMatrix {
             0.507051,0.208417,0.836338,0.000000,-0.787258,0.507013,0.350946,0.000000,-0.350891,-0.836362,0.421159,0.000000,4.289875,5.456848,2.394821,1.000000;;
            }

            Frame Bip001_R_Finger01 {
             

             FrameTransformMatrix {
              0.845231,0.000000,0.534402,0.000000,-0.000000,1.000000,-0.000000,0.000000,-0.534402,-0.000000,0.845231,0.000000,3.875534,-0.000004,0.000015,1.000000;;
             }

             Frame Bip001_R_Finger02 {
              

              FrameTransformMatrix {
               0.717331,0.000000,0.696733,0.000000,-0.000000,1.000000,0.000000,0.000000,-0.696733,-0.000000,0.717331,0.000000,3.875534,0.000000,0.000000,1.000000;;
              }

              Frame Bip001_R_Finger0Nub {
               

               FrameTransformMatrix {
                -1.000000,0.000000,-0.000000,0.000000,0.000000,1.000000,0.000000,0.000000,0.000000,0.000000,-1.000000,0.000000,3.875519,0.000004,0.000000,1.000000;;
               }
              }
             }
            }
           }

           Frame Bip001_R_Finger1 {
            

            FrameTransformMatrix {
             0.918251,0.000315,0.396000,0.000000,0.000000,1.000000,-0.000796,0.000000,-0.396000,0.000731,0.918250,0.000000,11.734268,5.461204,-0.417755,1.000000;;
            }

            Frame Bip001_R_Finger11 {
             

             FrameTransformMatrix {
              0.361810,-0.000000,0.932252,0.000000,-0.000000,1.000000,-0.000000,0.000000,-0.932252,0.000000,0.361810,0.000000,4.650642,0.000000,0.000000,1.000000;;
             }

             Frame Bip001_R_Finger12 {
              

              FrameTransformMatrix {
               0.141925,0.000000,0.989878,0.000000,-0.000000,1.000000,0.000000,0.000000,-0.989878,-0.000000,0.141925,0.000000,4.650635,0.000000,0.000000,1.000000;;
              }

              Frame Bip001_R_Finger1Nub {
               

               FrameTransformMatrix {
                -1.000000,0.000000,-0.000000,0.000000,-0.000000,1.000000,0.000000,0.000000,0.000000,-0.000000,-1.000000,0.000000,4.650646,0.000000,0.000008,1.000000;;
               }
              }
             }
            }
           }

           Frame Bip001_R_Finger2 {
            

            FrameTransformMatrix {
             0.924595,-0.042567,0.378566,0.000000,0.054546,0.998291,-0.020970,0.000000,-0.377027,0.040038,0.925337,0.000000,11.686764,1.501312,-0.364777,1.000000;;
            }

            Frame Bip001_R_Finger21 {
             

             FrameTransformMatrix {
              0.348076,-0.000000,0.937466,0.000000,0.000000,1.000000,0.000000,0.000000,-0.937466,-0.000000,0.348076,0.000000,4.698440,-0.000008,0.000000,1.000000;;
             }

             Frame Bip001_R_Finger22 {
              

              FrameTransformMatrix {
               0.030602,-0.000000,0.999532,0.000000,0.000000,1.000000,-0.000000,0.000000,-0.999532,0.000000,0.030602,0.000000,5.425751,0.000023,0.000008,1.000000;;
              }

              Frame Bip001_R_Finger2Nub {
               

               FrameTransformMatrix {
                -1.000000,-0.000000,0.000000,0.000000,-0.000000,1.000000,0.000000,0.000000,-0.000000,0.000000,-1.000000,0.000000,5.425754,-0.000015,0.000008,1.000000;;
               }
              }
             }
            }
           }

           Frame Bip001_R_Finger3 {
            

            FrameTransformMatrix {
             0.935966,-0.064664,0.346102,0.000000,0.084190,0.995578,-0.041667,0.000000,-0.341878,0.068137,0.937271,0.000000,11.686191,-1.606102,-0.362915,1.000000;;
            }

            Frame Bip001_R_Finger31 {
             

             FrameTransformMatrix {
              0.419784,0.000000,0.907624,0.000000,-0.000000,1.000000,0.000000,0.000000,-0.907624,0.000000,0.419784,0.000000,4.316536,0.000015,0.000000,1.000000;;
             }

             Frame Bip001_R_Finger32 {
              

              FrameTransformMatrix {
               0.000102,-0.000000,1.000000,0.000000,0.000000,1.000000,0.000000,0.000000,-1.000000,0.000000,0.000102,0.000000,4.650642,-0.000015,-0.000008,1.000000;;
              }

              Frame Bip001_R_Finger3Nub {
               

               FrameTransformMatrix {
                -1.000000,-0.000000,0.000000,0.000000,0.000000,1.000000,-0.000000,0.000000,0.000000,0.000000,-1.000000,0.000000,4.650650,0.000000,0.000000,1.000000;;
               }
              }
             }
            }
           }

           Frame Bip001_R_Finger4 {
            

            FrameTransformMatrix {
             0.752888,-0.029285,0.657497,0.000000,0.043233,0.999053,-0.005008,0.000000,-0.656728,0.032196,0.753440,0.000000,10.216782,-4.386826,-0.631805,1.000000;;
            }

            Frame Bip001_R_Finger41 {
             

             FrameTransformMatrix {
              0.392584,-0.000000,0.919716,0.000000,-0.000000,1.000000,0.000000,0.000000,-0.919716,-0.000000,0.392584,0.000000,3.003708,0.000008,0.000015,1.000000;;
             }

             Frame Bip001_R_Finger42 {
              

              FrameTransformMatrix {
               0.022317,0.000000,0.999751,0.000000,0.000000,1.000000,0.000000,0.000000,-0.999751,0.000000,0.022317,0.000000,3.003708,0.000008,-0.000004,1.000000;;
              }

              Frame Bip001_R_Finger4Nub {
               

               FrameTransformMatrix {
                -1.000000,-0.000000,0.000000,0.000000,-0.000000,1.000000,0.000000,0.000000,-0.000000,0.000000,-1.000000,0.000000,3.003712,0.000000,0.000000,1.000000;;
               }
              }
             }
            }
           }
          }
         }
        }
       }

       Frame Bip001_Head {
        

        FrameTransformMatrix {
         0.879956,0.091766,-0.466107,0.000000,-0.432758,0.559560,-0.706833,0.000000,0.195952,0.823694,0.532101,0.000000,15.765381,-0.911514,-0.005150,1.000000;;
        }

        Frame Bip001_HeadNub {
         

         FrameTransformMatrix {
          1.000000,0.000000,-0.000000,0.000000,0.000000,1.000000,0.000000,0.000000,0.000000,0.000000,1.000000,0.000000,29.144013,0.000000,0.000000,1.000000;;
         }
        }
       }
      }
     }
    }
   }

   Frame Bip001_L_Thigh {
    

    FrameTransformMatrix {
     -0.741492,0.278462,0.610449,0.000000,-0.026158,-0.921118,0.388404,0.000000,0.670451,0.272031,0.690286,0.000000,-14.544472,12.164781,3.897589,1.000000;;
    }

    Frame Bip001_L_Calf {
     

     FrameTransformMatrix {
      0.937888,-0.000000,-0.346937,0.000000,-0.000000,1.000000,0.000000,0.000000,0.346937,0.000000,0.937889,0.000000,54.040717,-0.000004,0.000000,1.000000;;
     }

     Frame Bip001_L_Foot {
      

      FrameTransformMatrix {
       0.971541,0.105869,-0.211897,0.000000,-0.050537,0.966607,0.251230,0.000000,0.231418,-0.233372,0.944449,0.000000,58.826880,0.000000,-0.000004,1.000000;;
      }

      Frame Bip001_L_Toe0 {
       

       FrameTransformMatrix {
        0.000000,-0.000000,1.000000,0.000000,-0.000000,1.000000,0.000000,0.000000,-1.000000,-0.000000,-0.000000,0.000000,14.261973,0.000000,18.354526,1.000000;;
       }

       Frame Bip001_L_Toe01 {
        

        FrameTransformMatrix {
         1.000000,-0.000000,-0.000000,0.000000,0.000000,1.000000,-0.000000,0.000000,0.000000,0.000000,1.000000,0.000000,1.860252,0.000000,0.000000,1.000000;;
        }

        Frame Bip001_L_Toe02 {
         

         FrameTransformMatrix {
          1.000000,-0.000000,-0.000000,0.000000,0.000000,1.000000,-0.000000,0.000000,0.000000,0.000000,1.000000,0.000000,1.860252,0.000001,0.000000,1.000000;;
         }

         Frame Bip001_L_Toe0Nub {
          

          FrameTransformMatrix {
           -1.000000,0.000000,-0.000000,0.000000,0.000000,1.000000,-0.000000,0.000000,0.000000,-0.000000,-1.000000,0.000000,1.860268,-0.000001,-0.000000,1.000000;;
          }
         }
        }
       }
      }
     }
    }
   }

   Frame Bip001_R_Thigh {
    

    FrameTransformMatrix {
     -0.938448,-0.270622,0.214660,0.000000,0.201777,-0.933881,-0.295217,0.000000,0.280359,-0.233732,0.931004,0.000000,-13.563141,-12.446355,0.975498,1.000000;;
    }

    Frame Bip001_R_Calf {
     

     FrameTransformMatrix {
      0.834430,-0.000000,-0.551114,0.000000,0.000000,1.000000,-0.000000,0.000000,0.551114,0.000000,0.834430,0.000000,53.736058,0.000000,0.000002,1.000000;;
     }

     Frame Bip001_R_Foot {
      

      FrameTransformMatrix {
       0.858660,-0.233268,0.456388,0.000000,0.342768,0.923363,-0.172945,0.000000,-0.381069,0.304936,0.872812,0.000000,59.151962,0.000008,-0.000006,1.000000;;
      }

      Frame Bip001_R_Toe0 {
       

       FrameTransformMatrix {
        0.000000,-0.000000,1.000000,0.000000,-0.000000,1.000000,-0.000000,0.000000,-1.000000,-0.000000,-0.000000,0.000000,14.261973,-0.000004,18.354526,1.000000;;
       }

       Frame Bip001_R_Toe01 {
        

        FrameTransformMatrix {
         1.000000,-0.000000,0.000000,0.000000,-0.000000,1.000000,0.000000,0.000000,-0.000000,0.000000,1.000000,0.000000,1.860256,0.000000,0.000000,1.000000;;
        }

        Frame Bip001_R_Toe02 {
         

         FrameTransformMatrix {
          1.000000,-0.000000,0.000000,0.000000,-0.000000,1.000000,0.000000,0.000000,-0.000000,0.000000,1.000000,0.000000,1.860257,0.000000,0.000000,1.000000;;
         }

         Frame Bip001_R_Toe0Nub {
          

          FrameTransformMatrix {
           1.000000,-0.000000,0.000000,0.000000,-0.000000,1.000000,0.000000,0.000000,-0.000000,0.000000,1.000000,0.000000,1.860258,0.000004,0.000000,1.000000;;
          }
         }
        }
       }
      }
     }
    }
   }
  }
 }
}

Frame Box001 {
 

 FrameTransformMatrix {
  0.667112,0.000000,0.000000,0.000000,0.000000,0.696682,0.000000,0.000000,0.000000,0.000000,0.492662,0.000000,0.000000,0.000000,0.000000,1.000000;;
 }

 Mesh Box001 {
  24;
  -44.461194;20.501082;-212.279834;,
  -40.400365;19.607890;-210.362688;,
  -43.106995;19.289506;-208.700544;,
  -41.754563;20.819466;-213.941965;,
  -44.321446;22.250920;-211.192307;,
  -40.260624;21.357730;-209.275162;,
  -41.614819;22.569304;-212.854451;,
  -42.967251;21.039344;-207.613018;,
  -44.461194;20.501082;-212.279834;,
  -41.614819;22.569304;-212.854451;,
  -41.754563;20.819466;-213.941965;,
  -44.321446;22.250920;-211.192307;,
  -41.754563;20.819466;-213.941965;,
  -40.260624;21.357730;-209.275162;,
  -40.400365;19.607890;-210.362688;,
  -41.614819;22.569304;-212.854451;,
  -40.400365;19.607890;-210.362688;,
  -42.967251;21.039344;-207.613018;,
  -43.106995;19.289506;-208.700544;,
  -40.260624;21.357730;-209.275162;,
  -43.106995;19.289506;-208.700544;,
  -44.321446;22.250920;-211.192307;,
  -44.461194;20.501082;-212.279834;,
  -42.967251;21.039344;-207.613018;;
  12;
  3;0,1,2;,
  3;1,0,3;,
  3;4,5,6;,
  3;5,4,7;,
  3;8,9,10;,
  3;9,8,11;,
  3;12,13,14;,
  3;13,12,15;,
  3;16,17,18;,
  3;17,16,19;,
  3;20,21,22;,
  3;21,20,23;;

  DeclData {
   2;
   2;0;3;0;,
   1;0;5;0;;
   120;
   3180256373,
   3212041908,
   3197605363,
   1065353216,
   1065353216,
   3180256373,
   3212041908,
   3197605363,
   0,
   0,
   3180256373,
   3212041908,
   3197605364,
   1065353216,
   0,
   3180256373,
   3212041908,
   3197605364,
   0,
   1065353216,
   1032772706,
   1064558262,
   1050121705,
   0,
   1065353216,
   1032772706,
   1064558262,
   1050121705,
   1065353216,
   0,
   1032772706,
   1064558262,
   1050121705,
   1065353216,
   1065353216,
   1032772706,
   1064558262,
   1050121705,
   0,
   0,
   3204385703,
   1056496743,
   3208106691,
   0,
   1065353216,
   3204385700,
   1056496736,
   3208106695,
   1065353216,
   0,
   3204385696,
   1056496727,
   3208106699,
   1065353216,
   1065353216,
   3204385707,
   1056496750,
   3208106688,
   0,
   0,
   1064368270,
   1039618153,
   3198249231,
   0,
   1065353216,
   1064368268,
   1039618253,
   3198249234,
   1065353216,
   0,
   1064368266,
   1039618339,
   3198249235,
   1065353216,
   1065353216,
   1064368271,
   1039618067,
   3198249229,
   0,
   0,
   1056902065,
   3203980343,
   1060623056,
   0,
   1065353216,
   1056902058,
   3203980351,
   1060623056,
   1065353216,
   0,
   1056902051,
   3203980363,
   1060623054,
   1065353216,
   1065353216,
   1056902073,
   3203980332,
   1060623057,
   0,
   0,
   3211851918,
   3187101656,
   1050765594,
   0,
   1065353216,
   3211851916,
   3187101590,
   1050765612,
   1065353216,
   0,
   3211851915,
   3187101547,
   1050765623,
   1065353216,
   1065353216,
   3211851919,
   3187101699,
   1050765583,
   0,
   0;
  }

  XSkinMeshHeader {
   1;
   1;
   1;
  }

  SkinWeights {
   "Bip001_L_Toe0Nub";
   24;
   0,
   1,
   2,
   3,
   4,
   5,
   6,
   7,
   8,
   9,
   10,
   11,
   12,
   13,
   14,
   15,
   16,
   17,
   18,
   19,
   20,
   21,
   22,
   23;
   1.000000,
   1.000000,
   1.000000,
   1.000000,
   1.000000,
   1.000000,
   1.000000,
   1.000000,
   1.000000,
   1.000000,
   1.000000,
   1.000000,
   1.000000,
   1.000000,
   1.000000,
   1.000000,
   1.000000,
   1.000000,
   1.000000,
   1.000000,
   1.000000,
   1.000000,
   1.000000,
   1.000000;
   0.091213,-0.660819,-0.006008,0.000000,-0.007222,0.005337,-0.696624,0.000000,0.488008,0.067402,-0.004543,0.000000,76.501626,9.118114,-0.378865,1.000000;;
  }
 }
}

AnimTicksPerSecond  {
 4800;
}

AnimationSet Anim1 {
 

 Animation {
  
  { Bip001 }

  AnimationKey S {
   1;
   2;
   0;3;1.000000,1.000000,1.000000;;,
   7200;3;1.000000,1.000000,1.000000;;;
  }

  AnimationKey R {
   0;
   38;
   0;4;-0.342022,0.000000,0.939692,-0.000000;;,
   160;4;-0.342017,0.004891,0.939679,0.001780;;,
   320;4;-0.342552,0.009033,0.939450,0.003288;;,
   480;4;-0.329066,0.010627,0.944239,0.003855;;,
   640;4;-0.305219,0.010654,0.952215,0.003841;;,
   800;4;-0.335716,0.009786,0.941906,0.003570;;,
   960;4;-0.511506,0.006482,0.859253,0.001820;;,
   1120;4;-0.704607,0.002798,0.709592,0.000841;;,
   1280;4;-0.769995,0.004224,0.638032,0.002326;;,
   1440;4;-0.783323,0.008919,0.621548,0.001896;;,
   1600;4;-0.788204,0.013746,0.615240,0.005113;;,
   1760;4;-0.815812,0.015782,0.577817,0.018175;;,
   1920;4;-0.885796,0.012485,0.461030,0.051581;;,
   2080;4;-0.959166,0.004256,0.263207,0.103461;;,
   2240;4;-0.987640,-0.006387,0.051223,0.147995;;,
   2400;4;-0.983101,-0.016805,-0.085267,0.161121;;,
   2560;4;-0.975807,-0.029933,-0.153167,0.153118;;,
   2720;4;-0.972782,-0.039399,-0.179234,0.141484;;,
   2880;4;-0.971809,-0.041856,-0.186625,0.137861;;,
   3040;4;-0.969317,-0.041331,-0.193563,0.145776;;,
   3200;4;-0.971021,-0.032632,-0.174916,0.159558;;,
   3360;4;-0.980044,-0.019661,-0.107025,0.166351;;,
   3520;4;-0.988210,-0.008971,0.033164,0.149203;;,
   3680;4;-0.963669,0.002463,0.246139,0.103694;;,
   3840;4;-0.893775,0.011584,0.445347,0.051951;;,
   4000;4;-0.825655,0.015469,0.563659,0.018510;;,
   4160;4;-0.798564,0.013671,0.601730,0.005371;;,
   4320;4;-0.793752,0.008885,0.608173,0.002047;;,
   4480;4;-0.780804,0.004197,0.624757,0.002397;;,
   4640;4;-0.716980,0.002778,0.697088,0.000894;;,
   4800;4;-0.526815,0.006434,0.849954,0.001921;;,
   4960;4;-0.351965,0.009718,0.935955,0.003733;;,
   5120;4;-0.321304,0.010586,0.946908,0.004021;;,
   5280;4;-0.344929,0.010563,0.938561,0.004036;;,
   5440;4;-0.358441,0.008986,0.933503,0.003445;;,
   5600;4;-0.357905,0.004877,0.933743,0.001870;;,
   5760;4;-0.357910,0.000000,0.933756,-0.000000;;,
   7200;4;-0.357910,0.000000,0.933756,-0.000000;;;
  }

  AnimationKey T {
   2;
   40;
   0;3;0.000000,116.940531,0.000000;;,
   160;3;-0.081172,118.065434,-0.815387;;,
   320;3;-0.087316,118.546957,-0.688446;;,
   480;3;0.938650,116.202496,4.975202;;,
   640;3;2.671924,112.082803,14.229773;;,
   800;3;1.909144,109.246733,16.855976;;,
   960;3;-6.484153,110.970278,3.388427;;,
   1120;3;-16.680011,113.948109,-19.975384;;,
   1280;3;-18.867093,113.218317,-43.976045;;,
   1440;3;-17.322325,110.745088,-70.647072;;,
   1600;3;-14.551272,107.777523,-96.576352;;,
   1760;3;-12.416927,105.241837,-117.857203;;,
   1920;3;-11.880989,103.522400,-131.600794;;,
   2080;3;-12.076582,102.196864,-138.691085;;,
   2240;3;-12.972326,101.752749,-140.515686;;,
   2400;3;-14.383342,103.375411,-139.049101;;,
   2560;3;-15.605701,107.016435,-136.979008;;,
   2720;3;-16.202336,110.143386,-135.502157;;,
   2880;3;-15.996474,111.117197,-135.220352;;,
   3040;3;-14.987498,110.271834,-136.227354;;,
   3200;3;-13.362295,107.286509,-138.048230;;,
   3360;3;-11.434116,104.007443,-139.834598;;,
   3520;3;-9.725727,102.944608,-140.356557;;,
   3680;3;-8.876294,103.531469,-137.900851;;,
   3840;3;-8.918322,104.854189,-130.831578;;,
   4000;3;-9.915311,106.572006,-117.140928;;,
   4160;3;-12.763991,109.104563,-95.967578;;,
   4320;3;-16.425530,112.082394,-70.062118;;,
   4480;3;-18.869835,114.548877,-43.548781;;,
   4640;3;-17.521806,115.289843,-19.482123;;,
   4800;3;-8.144001,112.320461,4.223436;;,
   4960;3;-0.185694,110.580813,18.026312;;,
   5120;3;0.680938,113.406336,15.470285;;,
   5280;3;-0.734158,117.526400,6.168889;;,
   5440;3;-1.572940,119.882086,0.446952;;,
   5600;3;-1.562959,119.407053,0.310716;;,
   5760;3;-1.509263,118.277837,1.131822;;,
   5920;3;-1.486247,118.277837,1.483794;;,
   6080;3;-1.486689,118.277837,1.477022;;,
   7200;3;-1.486689,118.277837,1.477022;;;
  }
 }

 Animation {
  
  { Bip001_Pelvis }

  AnimationKey S {
   1;
   2;
   0;3;1.000000,1.000000,1.000000;;,
   7200;3;1.000000,1.000000,1.000000;;;
  }

  AnimationKey R {
   0;
   2;
   0;4;-0.487542,0.512155,0.487542,0.512155;;,
   7200;4;-0.487542,0.512155,0.487542,0.512155;;;
  }

  AnimationKey T {
   2;
   2;
   0;3;0.000000,0.000000,0.000000;;,
   7200;3;0.000000,0.000000,0.000000;;;
  }
 }

 Animation {
  
  { Bip001_Spine }

  AnimationKey S {
   1;
   2;
   0;3;1.000000,1.000000,1.000000;;,
   7200;3;1.000000,1.000000,1.000000;;;
  }

  AnimationKey R {
   0;
   38;
   0;4;0.994515,0.057140,0.084045,0.024719;;,
   160;4;0.994493,0.057098,0.084452,0.024343;;,
   320;4;0.994768,0.058236,0.078190,0.030511;;,
   480;4;0.994943,0.060371,0.070243,0.038851;;,
   640;4;0.995109,0.061236,0.062088,0.046406;;,
   800;4;0.995502,0.058498,0.054810,0.050498;;,
   960;4;0.996141,0.052145,0.048447,0.051356;;,
   1120;4;0.996803,0.044275,0.042052,0.051537;;,
   1280;4;0.997425,0.035400,0.035720,0.051132;;,
   1440;4;0.997969,0.025886,0.029475,0.050181;;,
   1600;4;0.998405,0.016227,0.023432,0.048739;;,
   1760;4;0.998723,0.006820,0.017637,0.046848;;,
   1920;4;0.998932,-0.001941,0.012143,0.044550;;,
   2080;4;0.999051,-0.009569,0.007057,0.041913;;,
   2240;4;0.999136,-0.015612,0.002371,0.038451;;,
   2400;4;0.999428,-0.015492,-0.000160,0.030063;;,
   2560;4;0.999777,-0.009674,-0.000046,0.018761;;,
   2720;4;0.999935,-0.004658,0.000570,0.010369;;,
   2880;4;0.999960,-0.003585,0.000604,0.008144;;,
   3040;4;0.999917,-0.004990,0.000582,0.011875;;,
   3200;4;0.999721,-0.010412,-0.000090,0.021220;;,
   3360;4;0.999349,-0.016184,-0.000193,0.032252;;,
   3520;4;0.999112,-0.015766,0.002375,0.039005;;,
   3680;4;0.999051,-0.009593,0.007040,0.041900;;,
   3840;4;0.998932,-0.001970,0.012124,0.044542;;,
   4000;4;0.998724,0.006787,0.017617,0.046841;;,
   4160;4;0.998406,0.016193,0.023411,0.048733;;,
   4320;4;0.997969,0.025886,0.029475,0.050181;;,
   4480;4;0.997427,0.035368,0.035698,0.051129;;,
   4640;4;0.996805,0.044245,0.042030,0.051537;;,
   4800;4;0.996143,0.052120,0.048425,0.051358;;,
   4960;4;0.995504,0.058481,0.054787,0.050505;;,
   5120;4;0.995110,0.061234,0.062060,0.046428;;,
   5280;4;0.994944,0.060378,0.070214,0.038881;;,
   5440;4;0.994769,0.058244,0.078163,0.030538;;,
   5600;4;0.994493,0.057099,0.084443,0.024351;;,
   5760;4;0.994515,0.057140,0.084045,0.024719;;,
   7200;4;0.994515,0.057140,0.084045,0.024719;;;
  }

  AnimationKey T {
   2;
   36;
   0;3;14.246795,-0.703352,-0.012570;;,
   160;3;14.246789,-0.703350,-0.012569;;,
   320;3;14.246627,-0.703388,-0.012592;;,
   480;3;14.246422,-0.703453,-0.012615;;,
   640;3;14.246200,-0.703478,-0.012639;;,
   800;3;14.246018,-0.703405,-0.012671;;,
   960;3;14.245872,-0.703241,-0.012704;;,
   1120;3;14.245728,-0.703037,-0.012735;;,
   1280;3;14.245568,-0.702797,-0.012768;;,
   1440;3;14.245422,-0.702553,-0.012794;;,
   1600;3;14.245262,-0.702293,-0.012810;;,
   1760;3;14.245109,-0.702042,-0.012825;;,
   1920;3;14.244987,-0.701805,-0.012833;;,
   2080;3;14.244866,-0.701607,-0.012833;;,
   2240;3;14.244758,-0.701447,-0.012835;;,
   2400;3;14.244698,-0.701431,-0.012825;;,
   2560;3;14.244667,-0.701584,-0.012840;;,
   2720;3;14.244690,-0.701714,-0.012844;;,
   3040;3;14.244690,-0.701752,-0.012836;;,
   3200;3;14.244690,-0.701569,-0.012833;;,
   3360;3;14.244690,-0.701447,-0.012833;;,
   3520;3;14.244766,-0.701431,-0.012831;;,
   3680;3;14.244866,-0.701607,-0.012833;;,
   3840;3;14.244987,-0.701805,-0.012817;;,
   4000;3;14.245141,-0.702045,-0.012817;;,
   4160;3;14.245262,-0.702290,-0.012810;;,
   4320;3;14.245406,-0.702549,-0.012794;;,
   4480;3;14.245544,-0.702801,-0.012772;;,
   4640;3;14.245712,-0.703035,-0.012739;;,
   4800;3;14.245858,-0.703239,-0.012704;;,
   4960;3;14.246002,-0.703407,-0.012670;;,
   5120;3;14.246208,-0.703478,-0.012639;;,
   5280;3;14.246429,-0.703453,-0.012615;;,
   5440;3;14.246651,-0.703390,-0.012591;;,
   5600;3;14.246795,-0.703352,-0.012569;;,
   7200;3;14.246795,-0.703353,-0.012570;;;
  }
 }

 Animation {
  
  { Bip001_Spine1 }

  AnimationKey S {
   1;
   2;
   0;3;1.000000,1.000000,1.000000;;,
   7200;3;1.000000,1.000000,1.000000;;;
  }

  AnimationKey R {
   0;
   38;
   0;4;0.998824,-0.042874,-0.012495,-0.018902;;,
   160;4;0.998820,-0.042897,-0.012008,-0.019333;;,
   320;4;0.998807,-0.042738,-0.020101,-0.012443;;,
   480;4;0.998590,-0.042813,-0.031196,-0.003359;;,
   640;4;0.998248,-0.042347,-0.040982,0.005299;;,
   800;4;0.998080,-0.040496,-0.045493,0.011279;;,
   960;4;0.998180,-0.037652,-0.044852,0.014385;;,
   1120;4;0.998344,-0.034828,-0.042712,0.016514;;,
   1280;4;0.998550,-0.031934,-0.039448,0.017949;;,
   1440;4;0.998780,-0.028817,-0.035334,0.018964;;,
   1600;4;0.999010,-0.025365,-0.030695,0.019819;;,
   1760;4;0.999221,-0.021435,-0.025815,0.020783;;,
   1920;4;0.999393,-0.016876,-0.020971,0.022127;;,
   2080;4;0.999506,-0.011594,-0.016494,0.024106;;,
   2240;4;0.999559,-0.004981,-0.012247,0.026606;;,
   2400;4;0.999380,0.009433,-0.007759,0.033022;;,
   2560;4;0.998649,0.028801,-0.004112,0.043052;;,
   2720;4;0.997861,0.042565,-0.001488,0.049587;;,
   2880;4;0.997642,0.046022,-0.000616,0.050909;;,
   3040;4;0.997823,0.041547,-0.002706,0.051143;;,
   3200;4;0.998616,0.026769,-0.005888,0.044886;;,
   3360;4;0.999340,0.007443,-0.009263,0.034324;;,
   3520;4;0.999542,-0.005479,-0.012638,0.026951;;,
   3680;4;0.999507,-0.011570,-0.016477,0.024113;;,
   3840;4;0.999393,-0.016859,-0.020955,0.022133;;,
   4000;4;0.999222,-0.021420,-0.025798,0.020787;;,
   4160;4;0.999011,-0.025352,-0.030678,0.019822;;,
   4320;4;0.998780,-0.028817,-0.035334,0.018964;;,
   4480;4;0.998551,-0.031924,-0.039435,0.017953;;,
   4640;4;0.998344,-0.034818,-0.042702,0.016520;;,
   4800;4;0.998181,-0.037642,-0.044847,0.014394;;,
   4960;4;0.998080,-0.040487,-0.045497,0.011294;;,
   5120;4;0.998247,-0.042343,-0.041009,0.005325;;,
   5280;4;0.998589,-0.042813,-0.031235,-0.003326;;,
   5440;4;0.998806,-0.042738,-0.020138,-0.012413;;,
   5600;4;0.998820,-0.042897,-0.012019,-0.019324;;,
   5760;4;0.998824,-0.042874,-0.012495,-0.018902;;,
   7200;4;0.998824,-0.042874,-0.012495,-0.018902;;;
  }

  AnimationKey T {
   2;
   35;
   0;3;16.121888,0.001094,-0.012787;;,
   160;3;16.121888,0.001094,-0.012789;;,
   320;3;16.121690,0.001089,-0.012781;;,
   480;3;16.121414,0.001095,-0.012766;;,
   640;3;16.121170,0.001090,-0.012751;;,
   800;3;16.121064,0.001050,-0.012741;;,
   1120;3;16.121064,0.000981,-0.012749;;,
   1280;3;16.121216,0.000835,-0.012768;;,
   1440;3;16.121323,0.000757,-0.012783;;,
   1600;3;16.121467,0.000668,-0.012802;;,
   1760;3;16.121566,0.000557,-0.012802;;,
   1920;3;16.121712,0.000443,-0.012817;;,
   2080;3;16.121819,0.000313,-0.012833;;,
   2240;3;16.121918,0.000122,-0.012829;;,
   2400;3;16.122018,-0.000259,-0.012840;;,
   2560;3;16.122085,-0.000725,-0.012810;;,
   2720;3;16.122147,-0.001106,-0.012787;;,
   2880;3;16.122147,-0.001183,-0.012779;;,
   3040;3;16.122117,-0.001060,-0.012783;;,
   3200;3;16.122040,-0.000694,-0.012821;;,
   3360;3;16.121979,-0.000198,-0.012829;;,
   3520;3;16.121880,0.000122,-0.012836;;,
   3680;3;16.121819,0.000320,-0.012833;;,
   3840;3;16.121704,0.000450,-0.012817;;,
   4000;3;16.121574,0.000565,-0.012810;;,
   4160;3;16.121453,0.000668,-0.012794;;,
   4320;3;16.121338,0.000751,-0.012779;;,
   4480;3;16.121216,0.000835,-0.012768;;,
   4800;3;16.121139,0.000913,-0.012758;;,
   4960;3;16.121056,0.001050,-0.012745;;,
   5120;3;16.121178,0.001091,-0.012749;;,
   5280;3;16.121414,0.001095,-0.012766;;,
   5440;3;16.121690,0.001089,-0.012781;;,
   5600;3;16.121888,0.001094,-0.012787;;,
   7200;3;16.121902,0.001093,-0.012791;;;
  }
 }

 Animation {
  
  { Bip001_Spine2 }

  AnimationKey S {
   1;
   2;
   0;3;1.000000,1.000000,1.000000;;,
   7200;3;1.000000,1.000000,1.000000;;;
  }

  AnimationKey R {
   0;
   38;
   0;4;0.998259,-0.048041,-0.034161,-0.001861;;,
   160;4;0.998270,-0.048057,-0.033819,-0.002136;;,
   320;4;0.998054,-0.048046,-0.039681,0.002170;;,
   480;4;0.997648,-0.048368,-0.047950,0.007721;;,
   640;4;0.997251,-0.048054,-0.054835,0.013236;;,
   800;4;0.997169,-0.046065,-0.056738,0.017688;;,
   960;4;0.997410,-0.042699,-0.053915,0.021044;;,
   1120;4;0.997702,-0.039091,-0.049774,0.024205;;,
   1280;4;0.998011,-0.035258,-0.044629,0.027181;;,
   1440;4;0.998316,-0.031142,-0.038669,0.030009;;,
   1600;4;0.998590,-0.026742,-0.032161,0.032687;;,
   1760;4;0.998816,-0.022016,-0.025310,0.035240;;,
   1920;4;0.998978,-0.016913,-0.018316,0.037694;;,
   2080;4;0.999066,-0.011446,-0.011455,0.040051;;,
   2240;4;0.999104,-0.005074,-0.004537,0.041781;;,
   2400;4;0.999082,0.006535,0.004799,0.042058;;,
   2560;4;0.998792,0.020889,0.014835,0.041933;;,
   2720;4;0.998439,0.031075,0.021738,0.041011;;,
   2880;4;0.998329,0.033735,0.023608,0.040541;;,
   3040;4;0.998413,0.029861,0.020807,0.042971;;,
   3200;4;0.998737,0.018762,0.013261,0.044680;;,
   3360;4;0.999003,0.004556,0.003342,0.044277;;,
   3520;4;0.999075,-0.005577,-0.004912,0.042348;;,
   3680;4;0.999067,-0.011423,-0.011429,0.040056;;,
   3840;4;0.998979,-0.016895,-0.018292,0.037702;;,
   4000;4;0.998816,-0.021998,-0.025286,0.035249;;,
   4160;4;0.998591,-0.026726,-0.032137,0.032696;;,
   4320;4;0.998316,-0.031142,-0.038669,0.030009;;,
   4480;4;0.998012,-0.035244,-0.044610,0.027191;;,
   4640;4;0.997703,-0.039078,-0.049757,0.024216;;,
   4800;4;0.997411,-0.042687,-0.053902,0.021056;;,
   4960;4;0.997169,-0.046055,-0.056734,0.017701;;,
   5120;4;0.997250,-0.048051,-0.054852,0.013254;;,
   5280;4;0.997647,-0.048369,-0.047979,0.007741;;,
   5440;4;0.998053,-0.048047,-0.039708,0.002188;;,
   5600;4;0.998269,-0.048056,-0.033826,-0.002130;;,
   5760;4;0.998259,-0.048041,-0.034161,-0.001861;;,
   7200;4;0.998259,-0.048041,-0.034161,-0.001861;;;
  }

  AnimationKey T {
   2;
   34;
   0;3;16.121307,0.001230,-0.012749;;,
   160;3;16.121354,0.001230,-0.012751;;,
   320;3;16.121200,0.001233,-0.012737;;,
   480;3;16.121002,0.001248,-0.012718;;,
   640;3;16.120819,0.001249,-0.012701;;,
   960;3;16.120803,0.001207,-0.012699;;,
   1120;3;16.120957,0.001032,-0.012733;;,
   1280;3;16.121078,0.000933,-0.012760;;,
   1440;3;16.121230,0.000826,-0.012772;;,
   1600;3;16.121398,0.000713,-0.012794;;,
   1760;3;16.121597,0.000591,-0.012817;;,
   1920;3;16.121765,0.000458,-0.012825;;,
   2080;3;16.121933,0.000305,-0.012825;;,
   2240;3;16.122117,0.000114,-0.012836;;,
   2400;3;16.122330,-0.000168,-0.012836;;,
   2560;3;16.122574,-0.000549,-0.012825;;,
   2720;3;16.122742,-0.000809,-0.012798;;,
   3040;3;16.122773,-0.000862,-0.012794;;,
   3200;3;16.122514,-0.000488,-0.012825;;,
   3360;3;16.122299,-0.000122,-0.012833;;,
   3520;3;16.122117,0.000160,-0.012833;;,
   3680;3;16.121933,0.000290,-0.012825;;,
   3840;3;16.121750,0.000450,-0.012817;;,
   4000;3;16.121566,0.000591,-0.012810;;,
   4160;3;16.121429,0.000713,-0.012794;;,
   4320;3;16.121246,0.000828,-0.012787;;,
   4480;3;16.121094,0.000935,-0.012756;;,
   4640;3;16.120957,0.001031,-0.012733;;,
   4960;3;16.120866,0.001124,-0.012716;;,
   5120;3;16.120834,0.001248,-0.012701;;,
   5280;3;16.121002,0.001249,-0.012717;;,
   5440;3;16.121200,0.001233,-0.012738;;,
   5600;3;16.121323,0.001229,-0.012749;;,
   7200;3;16.121354,0.001229,-0.012749;;;
  }
 }

 Animation {
  
  { Bip001_Spine3 }

  AnimationKey S {
   1;
   2;
   0;3;1.000000,1.000000,1.000000;;,
   7200;3;1.000000,1.000000,1.000000;;;
  }

