xof 0303txt 0032
template Frame {
 <3d82ab46-62da-11cf-ab39-0020af71e433>
 [...]
}

template Matrix4x4 {
 <f6f23f45-7686-11cf-8f52-0040333594a3>
 array FLOAT matrix[16];
}

template FrameTransformMatrix {
 <f6f23f41-7686-11cf-8f52-0040333594a3>
 Matrix4x4 frameMatrix;
}

template Vector {
 <3d82ab5e-62da-11cf-ab39-0020af71e433>
 FLOAT x;
 FLOAT y;
 FLOAT z;
}

template MeshFace {
 <3d82ab5f-62da-11cf-ab39-0020af71e433>
 DWORD nFaceVertexIndices;
 array DWORD faceVertexIndices[nFaceVertexIndices];
}

template Mesh {
 <3d82ab44-62da-11cf-ab39-0020af71e433>
 DWORD nVertices;
 array Vector vertices[nVertices];
 DWORD nFaces;
 array MeshFace faces[nFaces];
 [...]
}

template ColorRGBA {
 <35ff44e0-6c7c-11cf-8f52-0040333594a3>
 FLOAT red;
 FLOAT green;
 FLOAT blue;
 FLOAT alpha;
}

template ColorRGB {
 <d3e16e81-7835-11cf-8f52-0040333594a3>
 FLOAT red;
 FLOAT green;
 FLOAT blue;
}

template Material {
 <3d82ab4d-62da-11cf-ab39-0020af71e433>
 ColorRGBA faceColor;
 FLOAT power;
 ColorRGB specularColor;
 ColorRGB emissiveColor;
 [...]
}

template MeshMaterialList {
 <f6f23f42-7686-11cf-8f52-0040333594a3>
 DWORD nMaterials;
 DWORD nFaceIndexes;
 array DWORD faceIndexes[nFaceIndexes];
 [Material <3d82ab4d-62da-11cf-ab39-0020af71e433>]
}

template VertexElement {
 <f752461c-1e23-48f6-b9f8-8350850f336f>
 DWORD Type;
 DWORD Method;
 DWORD Usage;
 DWORD UsageIndex;
}

template DeclData {
 <bf22e553-292c-4781-9fea-62bd554bdd93>
 DWORD nElements;
 array VertexElement Elements[nElements];
 DWORD nDWords;
 array DWORD data[nDWords];
}

template XSkinMeshHeader {
 <3cf169ce-ff7c-44ab-93c0-f78f62d172e2>
 WORD nMaxSkinWeightsPerVertex;
 WORD nMaxSkinWeightsPerFace;
 WORD nBones;
}

template SkinWeights {
 <6f0d123b-bad2-4167-a0d0-80224f25fabb>
 STRING transformNodeName;
 DWORD nWeights;
 array DWORD vertexIndices[nWeights];
 array FLOAT weights[nWeights];
 Matrix4x4 matrixOffset;
}

template AnimTicksPerSecond {
 <9e415a43-7ba6-4a73-8743-b73d47e88476>
 DWORD AnimTicksPerSecond;
}

template Animation {
 <3d82ab4f-62da-11cf-ab39-0020af71e433>
 [...]
}

template AnimationSet {
 <3d82ab50-62da-11cf-ab39-0020af71e433>
 [Animation <3d82ab4f-62da-11cf-ab39-0020af71e433>]
}

template FloatKeys {
 <10dd46a9-775b-11cf-8f52-0040333594a3>
 DWORD nValues;
 array FLOAT values[nValues];
}

template TimedFloatKeys {
 <f406b180-7b3b-11cf-8f52-0040333594a3>
 DWORD time;
 FloatKeys tfkeys;
}

template AnimationKey {
 <10dd46a8-775b-11cf-8f52-0040333594a3>
 DWORD keyType;
 DWORD nKeys;
 array TimedFloatKeys keys[nKeys];
}


Frame Bip001 {
 

 FrameTransformMatrix {
  -0.001703,-0.001190,-0.999998,0.000000,-0.003750,0.999992,-0.001183,0.000000,0.999992,0.003748,-0.001707,0.000000,-0.479831,115.068237,0.060048,1.000000;;
 }

 Frame Bip001_Pelvis {
  

  FrameTransformMatrix {
   0.000000,0.999725,0.023459,0.000000,-0.000001,-0.023459,0.999725,0.000000,1.000000,-0.000000,0.000001,0.000000,0.000000,0.000000,0.000000,1.000000;;
  }

  Frame Bip001_Spine {
   

   FrameTransformMatrix {
    0.906348,-0.243403,0.345383,0.000000,0.017751,0.838622,0.544424,0.000000,-0.422160,-0.487307,0.764404,0.000000,14.263466,-0.328320,-0.009809,1.000000;;
   }

   Frame Bip001_Spine1 {
    

    FrameTransformMatrix {
     0.999901,0.000000,-0.014116,0.000000,-0.000000,1.000000,0.000000,0.000000,0.014116,0.000000,0.999900,0.000000,16.122032,-0.000000,-0.012833,1.000000;;
    }

    Frame Bip001_Spine2 {
     

     FrameTransformMatrix {
      0.999956,0.000000,-0.009364,0.000000,-0.000000,1.000000,0.000000,0.000000,0.009364,-0.000000,0.999956,0.000000,16.122101,0.000001,-0.012833,1.000000;;
     }

     Frame Bip001_Spine3 {
      

      FrameTransformMatrix {
       0.999898,0.000000,0.014257,0.000000,-0.000000,1.000000,0.000000,0.000000,-0.014256,-0.000000,0.999898,0.000000,16.122406,0.000000,-0.012833,1.000000;;
      }

      Frame Bip001_Neck {
       

       FrameTransformMatrix {
        0.968584,0.000001,0.248688,0.000000,-0.000001,1.000000,-0.000000,0.000000,-0.248688,-0.000000,0.968584,0.000000,16.124069,0.000000,-0.007172,1.000000;;
       }

       Frame Bip001_L_Clavicle {
        

        FrameTransformMatrix {
         0.110939,0.992171,-0.057346,0.000000,0.962035,-0.121690,-0.244295,0.000000,-0.249361,-0.028067,-0.968004,0.000000,-0.000015,4.340599,0.007393,1.000000;;
        }

        Frame Bip001_L_UpperArm {
         

         FrameTransformMatrix {
          0.547588,-0.826127,-0.132901,0.000000,0.827054,0.558480,-0.063888,0.000000,0.127002,-0.074932,0.989068,0.000000,16.122227,0.000000,0.000004,1.000000;;
         }

         Frame Bip001_L_Forearm {
          

          FrameTransformMatrix {
           0.225350,0.000000,-0.974278,0.000000,0.000000,1.000000,0.000000,0.000000,0.974278,-0.000000,0.225349,0.000000,44.136819,0.000015,0.000000,1.000000;;
          }

          Frame Bip001_L_Hand {
           

           FrameTransformMatrix {
            0.973043,0.081993,-0.215555,0.000000,0.229837,-0.267694,0.935690,0.000000,0.019017,-0.960009,-0.279323,0.000000,37.683373,0.000000,0.000008,1.000000;;
           }

           Frame Bip001_L_Finger0 {
            

            FrameTransformMatrix {
             0.458539,-0.296077,0.837902,0.000000,0.846348,-0.142026,-0.513347,0.000000,0.270994,0.944546,0.185460,0.000000,4.289879,-5.456848,2.394814,1.000000;;
            }

            Frame Bip001_L_Finger01 {
             

             FrameTransformMatrix {
              0.926974,-0.000000,0.375125,0.000000,-0.000000,1.000000,0.000000,0.000000,-0.375125,-0.000000,0.926974,0.000000,3.875534,-0.000008,-0.000015,1.000000;;
             }

             Frame Bip001_L_Finger02 {
              

              FrameTransformMatrix {
               0.944212,0.000000,0.329340,0.000000,0.000000,1.000000,-0.000000,0.000000,-0.329340,0.000000,0.944212,0.000000,3.875534,0.000000,-0.000008,1.000000;;
              }

              Frame Bip001_L_Finger0Nub {
               

               FrameTransformMatrix {
                1.000000,0.000000,0.000000,0.000000,-0.000000,1.000000,0.000000,0.000000,0.000000,-0.000000,1.000000,0.000000,3.875549,-0.000008,0.000008,1.000000;;
               }
              }
             }
            }
           }

           Frame Bip001_L_Finger1 {
            

            FrameTransformMatrix {
             0.986777,0.000129,-0.162086,0.000000,0.000000,1.000000,0.000796,0.000000,0.162086,-0.000786,0.986776,0.000000,11.734272,-5.461197,-0.417763,1.000000;;
            }

            Frame Bip001_L_Finger11 {
             

             FrameTransformMatrix {
              0.918069,0.000000,0.396421,0.000000,0.000000,1.000000,0.000000,0.000000,-0.396421,0.000000,0.918069,0.000000,4.650638,0.000000,0.000008,1.000000;;
             }

             Frame Bip001_L_Finger12 {
              

              FrameTransformMatrix {
               0.994456,0.000000,0.105150,0.000000,0.000000,1.000000,-0.000000,0.000000,-0.105150,0.000000,0.994456,0.000000,4.650646,0.000000,-0.000008,1.000000;;
              }

              Frame Bip001_L_Finger1Nub {
               

               FrameTransformMatrix {
                1.000000,0.000000,0.000000,0.000000,0.000000,1.000000,-0.000000,0.000000,0.000000,0.000000,1.000000,0.000000,4.650646,0.000000,-0.000008,1.000000;;
               }
              }
             }
            }
           }

           Frame Bip001_L_Finger2 {
            

            FrameTransformMatrix {
             0.913055,0.058367,-0.403637,0.000000,-0.054546,0.998291,0.020970,0.000000,0.404172,0.002870,0.914679,0.000000,11.686767,-1.501297,-0.364784,1.000000;;
            }

            Frame Bip001_L_Finger21 {
             

             FrameTransformMatrix {
              0.972901,0.000000,0.231222,0.000000,0.000000,1.000000,-0.000000,0.000000,-0.231222,-0.000000,0.972901,0.000000,4.698444,0.000008,0.000000,1.000000;;
             }

             Frame Bip001_L_Finger22 {
              

              FrameTransformMatrix {
               0.972901,0.000000,0.231222,0.000000,-0.000000,1.000000,0.000000,0.000000,-0.231222,0.000000,0.972901,0.000000,5.425754,0.000000,0.000000,1.000000;;
              }

              Frame Bip001_L_Finger2Nub {
               

               FrameTransformMatrix {
                1.000000,-0.000000,-0.000000,0.000000,0.000000,1.000000,-0.000000,0.000000,0.000000,-0.000000,1.000000,0.000000,5.425751,-0.000008,0.000000,1.000000;;
               }
              }
             }
            }
           }

           Frame Bip001_L_Finger3 {
            

            FrameTransformMatrix {
             0.895635,0.093934,-0.434758,0.000000,-0.084190,0.995578,0.041667,0.000000,0.436749,-0.000716,0.899583,0.000000,11.686199,1.606102,-0.362915,1.000000;;
            }

            Frame Bip001_L_Finger31 {
             

             FrameTransformMatrix {
              0.972901,-0.000000,0.231222,0.000000,0.000000,1.000000,0.000000,0.000000,-0.231222,0.000000,0.972901,0.000000,4.316547,-0.000008,-0.000008,1.000000;;
             }

             Frame Bip001_L_Finger32 {
              

              FrameTransformMatrix {
               0.972901,0.000000,0.231222,0.000000,-0.000000,1.000000,0.000000,0.000000,-0.231222,0.000000,0.972901,0.000000,4.650654,0.000000,-0.000008,1.000000;;
              }

              Frame Bip001_L_Finger3Nub {
               

               FrameTransformMatrix {
                1.000000,0.000000,0.000000,0.000000,0.000000,1.000000,0.000000,0.000000,-0.000000,0.000000,1.000000,0.000000,4.650650,0.000008,0.000000,1.000000;;
               }
              }
             }
            }
           }

           Frame Bip001_L_Finger4 {
            

            FrameTransformMatrix {
             0.995318,0.043504,-0.086311,0.000000,-0.043233,0.999052,0.005008,0.000000,0.086447,-0.001253,0.996256,0.000000,10.216786,4.386833,-0.631805,1.000000;;
            }

            Frame Bip001_L_Finger41 {
             

             FrameTransformMatrix {
              0.972901,0.000000,0.231222,0.000000,0.000000,1.000000,0.000000,0.000000,-0.231222,0.000000,0.972901,0.000000,3.003712,0.000000,0.000008,1.000000;;
             }

             Frame Bip001_L_Finger42 {
              

              FrameTransformMatrix {
               0.972901,0.000000,0.231222,0.000000,-0.000000,1.000000,0.000000,0.000000,-0.231222,0.000000,0.972901,0.000000,3.003704,0.000000,0.000008,1.000000;;
              }

              Frame Bip001_L_Finger4Nub {
               

               FrameTransformMatrix {
                1.000000,0.000000,0.000000,0.000000,-0.000000,1.000000,0.000000,0.000000,0.000000,0.000000,1.000000,0.000000,3.003716,0.000000,0.000000,1.000000;;
               }
              }
             }
            }
           }
          }
         }
        }
       }

       Frame Bip001_R_Clavicle {
        

        FrameTransformMatrix {
         0.203214,-0.974730,0.092768,0.000000,-0.947492,-0.171870,0.269665,0.000000,-0.246907,-0.142697,-0.958475,0.000000,-0.000015,-4.340599,0.007408,1.000000;;
        }

        Frame Bip001_R_UpperArm {
         

         FrameTransformMatrix {
          0.452970,0.871135,0.189585,0.000000,-0.882192,0.468667,-0.045710,0.000000,-0.128672,-0.146545,0.980800,0.000000,16.122222,0.000000,-0.000011,1.000000;;
         }

         Frame Bip001_R_Forearm {
          

          FrameTransformMatrix {
           0.550229,-0.000000,-0.835014,0.000000,0.000000,1.000000,0.000000,0.000000,0.835014,-0.000000,0.550229,0.000000,44.136810,0.000000,0.000000,1.000000;;
          }

          Frame Bip001_R_Hand {
           

           FrameTransformMatrix {
            0.902897,0.376426,0.207559,0.000000,0.237024,-0.033158,-0.970938,0.000000,-0.358604,0.925853,-0.119160,0.000000,37.683373,0.000000,0.000000,1.000000;;
           }

           Frame Bip001_R_Finger0 {
            

            FrameTransformMatrix {
             0.049494,0.567669,0.821768,0.000000,-0.435575,-0.728143,0.529228,0.000000,0.898791,-0.384135,0.211224,0.000000,4.289879,5.456856,2.394806,1.000000;;
            }

            Frame Bip001_R_Finger01 {
             

             FrameTransformMatrix {
              0.446311,0.000000,0.894878,0.000000,-0.000000,1.000000,0.000000,0.000000,-0.894878,0.000000,0.446311,0.000000,3.875534,0.000000,0.000008,1.000000;;
             }

             Frame Bip001_R_Finger02 {
              

              FrameTransformMatrix {
               0.691782,0.000000,0.722107,0.000000,0.000000,1.000000,0.000000,0.000000,-0.722107,-0.000000,0.691782,0.000000,3.875534,0.000004,-0.000008,1.000000;;
              }

              Frame Bip001_R_Finger0Nub {
               

               FrameTransformMatrix {
                -1.000000,0.000000,0.000000,0.000000,0.000000,1.000000,-0.000000,0.000000,-0.000000,-0.000000,-1.000000,0.000000,3.875534,-0.000002,0.000000,1.000000;;
               }
              }
             }
            }
           }

           Frame Bip001_R_Finger1 {
            

            FrameTransformMatrix {
             0.904147,-0.092632,0.417058,0.000000,0.084419,0.995700,0.038140,0.000000,-0.418798,0.000723,0.908079,0.000000,11.734276,5.461199,-0.417763,1.000000;;
            }

            Frame Bip001_R_Finger11 {
             

             FrameTransformMatrix {
              0.074807,0.000000,0.997198,0.000000,-0.000000,1.000000,0.000000,0.000000,-0.997198,0.000000,0.074807,0.000000,4.650635,0.000000,0.000000,1.000000;;
             }

             Frame Bip001_R_Finger12 {
              

              FrameTransformMatrix {
               0.655587,0.000000,0.755120,0.000000,-0.000000,1.000000,0.000000,0.000000,-0.755120,-0.000000,0.655587,0.000000,4.650658,-0.000001,0.000008,1.000000;;
              }

              Frame Bip001_R_Finger1Nub {
               

               FrameTransformMatrix {
                -1.000001,-0.000000,-0.000000,0.000000,-0.000000,1.000000,-0.000000,0.000000,-0.000000,-0.000000,-1.000000,0.000000,4.650642,0.000000,0.000000,1.000000;;
               }
              }
             }
            }
           }

           Frame Bip001_R_Finger2 {
            

            FrameTransformMatrix {
             0.913055,-0.058367,-0.403637,0.000000,0.054546,0.998291,-0.020970,0.000000,0.404172,-0.002870,0.914679,0.000000,11.686767,1.501314,-0.364784,1.000000;;
            }

            Frame Bip001_R_Finger21 {
             

             FrameTransformMatrix {
              -0.338248,-0.000000,0.941057,0.000000,0.000000,1.000000,-0.000000,0.000000,-0.941057,-0.000000,-0.338248,0.000000,4.698437,0.000000,0.000000,1.000000;;
             }

             Frame Bip001_R_Finger22 {
              

              FrameTransformMatrix {
               -0.403069,0.000000,0.915170,0.000000,0.000000,1.000000,0.000000,0.000000,-0.915170,-0.000000,-0.403069,0.000000,5.425743,-0.000002,0.000000,1.000000;;
              }

              Frame Bip001_R_Finger2Nub {
               

               FrameTransformMatrix {
                -1.000000,-0.000000,-0.000000,0.000000,-0.000000,1.000000,0.000000,0.000000,0.000000,0.000000,-1.000000,0.000000,5.425751,0.000001,0.000000,1.000000;;
               }
              }
             }
            }
           }

           Frame Bip001_R_Finger3 {
            

            FrameTransformMatrix {
             0.895635,-0.093934,-0.434758,0.000000,0.084190,0.995578,-0.041667,0.000000,0.436749,0.000716,0.899583,0.000000,11.686203,-1.606100,-0.362923,1.000000;;
            }

            Frame Bip001_R_Finger31 {
             

             FrameTransformMatrix {
              -0.259367,0.000000,0.965779,0.000000,0.000000,1.000000,-0.000000,0.000000,-0.965779,-0.000000,-0.259367,0.000000,4.316536,-0.000001,-0.000008,1.000000;;
             }

             Frame Bip001_R_Finger32 {
              

              FrameTransformMatrix {
               -0.225504,0.000000,0.974242,0.000000,0.000000,1.000000,0.000000,0.000000,-0.974242,-0.000000,-0.225503,0.000000,4.650650,0.000000,-0.000008,1.000000;;
              }

              Frame Bip001_R_Finger3Nub {
               

               FrameTransformMatrix {
                -1.000000,-0.000000,-0.000000,0.000000,-0.000000,1.000000,-0.000000,0.000000,0.000000,-0.000000,-1.000000,0.000000,4.650642,0.000000,0.000000,1.000000;;
               }
              }
             }
            }
           }

           Frame Bip001_R_Finger4 {
            

            FrameTransformMatrix {
             0.995318,-0.043504,-0.086311,0.000000,0.043233,0.999053,-0.005008,0.000000,0.086447,0.001253,0.996256,0.000000,10.216782,-4.386829,-0.631805,1.000000;;
            }

            Frame Bip001_R_Finger41 {
             

             FrameTransformMatrix {
              0.148004,0.000000,0.988987,0.000000,0.000000,1.000000,-0.000000,0.000000,-0.988987,0.000000,0.148004,0.000000,3.003708,-0.000001,0.000000,1.000000;;
             }

             Frame Bip001_R_Finger42 {
              

              FrameTransformMatrix {
               0.366684,-0.000000,0.930345,0.000000,-0.000000,1.000000,0.000000,0.000000,-0.930345,-0.000000,0.366684,0.000000,3.003708,0.000000,0.000000,1.000000;;
              }

              Frame Bip001_R_Finger4Nub {
               

               FrameTransformMatrix {
                -1.000000,-0.000000,-0.000000,0.000000,-0.000000,1.000000,-0.000000,0.000000,-0.000000,-0.000000,-1.000000,0.000000,3.003716,-0.000002,-0.000015,1.000000;;
               }
              }
             }
            }
           }
          }
         }
        }
       }

       Frame Bip001_Head {
        

        FrameTransformMatrix {
         0.881501,0.117758,-0.457264,0.000000,-0.334766,0.838810,-0.429336,0.000000,0.333000,0.531536,0.778833,0.000000,15.765350,-0.911513,-0.005142,1.000000;;
        }

        Frame Bip001_HeadNub {
         

         FrameTransformMatrix {
          1.000000,-0.000000,0.000000,0.000000,-0.000000,1.000000,0.000000,0.000000,0.000000,-0.000000,1.000000,0.000000,29.144013,0.000000,-0.000006,1.000000;;
         }
        }
       }
      }
     }
    }
   }

   Frame Bip001_L_Thigh {
    

    FrameTransformMatrix {
     -0.506947,0.425067,0.749882,0.000000,0.293387,-0.732925,0.613796,0.000000,0.810511,0.531168,0.246845,0.000000,-16.022805,10.427850,-0.174442,1.000000;;
    }

    Frame Bip001_L_Calf {
     

     FrameTransformMatrix {
      0.689396,-0.000000,-0.724384,0.000000,0.000000,1.000000,0.000000,0.000000,0.724384,0.000000,0.689396,0.000000,54.040717,-0.000001,0.000008,1.000000;;
     }

     Frame Bip001_L_Foot {
      

      FrameTransformMatrix {
       0.991841,-0.018427,0.126141,0.000000,0.004714,0.994123,0.108153,0.000000,-0.127393,-0.106676,0.986099,0.000000,58.826874,0.000001,0.000002,1.000000;;
      }

      Frame Bip001_L_Toe0 {
       

       FrameTransformMatrix {
        -0.000000,0.000000,1.000000,0.000000,-0.000000,1.000000,-0.000000,0.000000,-1.000000,-0.000000,-0.000000,0.000000,14.261973,0.000002,18.354526,1.000000;;
       }

       Frame Bip001_L_Toe01 {
        

        FrameTransformMatrix {
         1.000000,0.000000,-0.000000,0.000000,0.000000,1.000000,0.000000,0.000000,0.000000,0.000000,1.000000,0.000000,1.860260,-0.000000,0.000000,1.000000;;
        }

        Frame Bip001_L_Toe02 {
         

         FrameTransformMatrix {
          1.000000,0.000000,-0.000000,0.000000,0.000000,1.000000,0.000000,0.000000,0.000000,0.000000,1.000000,0.000000,1.860252,-0.000000,-0.000000,1.000000;;
         }

         Frame Bip001_L_Toe0Nub {
          

          FrameTransformMatrix {
           -1.000000,-0.000000,0.000000,0.000000,-0.000000,1.000000,-0.000000,0.000000,-0.000000,-0.000000,-1.000000,0.000000,1.860260,-0.000000,0.000000,1.000000;;
          }
         }
        }
       }
      }
     }
    }
   }

   Frame Bip001_R_Thigh {
    

    FrameTransformMatrix {
     -0.807622,-0.153356,0.569411,0.000000,0.198988,-0.979830,0.018343,0.000000,0.555113,0.128120,0.821849,0.000000,-9.985558,-10.372864,11.912395,1.000000;;
    }

    Frame Bip001_R_Calf {
     

     FrameTransformMatrix {
      0.732089,-0.000000,-0.681209,0.000000,0.000000,1.000000,-0.000000,0.000000,0.681209,0.000000,0.732089,0.000000,53.736051,0.000002,0.000000,1.000000;;
     }

     Frame Bip001_R_Foot {
      

      FrameTransformMatrix {
       0.826424,-0.176131,0.534791,0.000000,0.260046,0.961841,-0.085076,0.000000,-0.499400,0.209379,0.840690,0.000000,59.151962,-0.000002,0.000004,1.000000;;
      }

      Frame Bip001_R_Toe0 {
       

       FrameTransformMatrix {
        0.000000,0.000000,1.000000,0.000000,-0.000000,1.000000,-0.000000,0.000000,-1.000000,-0.000000,0.000000,0.000000,14.261973,0.000004,18.354530,1.000000;;
       }

       Frame Bip001_R_Toe01 {
        

        FrameTransformMatrix {
         1.000000,0.000000,-0.000000,0.000000,-0.000000,1.000000,0.000000,0.000000,-0.000000,0.000000,1.000000,0.000000,1.860258,-0.000004,0.000000,1.000000;;
        }

        Frame Bip001_R_Toe02 {
         

         FrameTransformMatrix {
          1.000000,0.000000,-0.000000,0.000000,-0.000000,1.000000,0.000000,0.000000,-0.000000,0.000000,1.000000,0.000000,1.860256,0.000000,0.000000,1.000000;;
         }

         Frame Bip001_R_Toe0Nub {
          

          FrameTransformMatrix {
           1.000000,0.000000,-0.000000,0.000000,-0.000000,1.000000,0.000000,0.000000,-0.000000,0.000000,1.000000,0.000000,1.860256,-0.000004,-0.000000,1.000000;;
          }
         }
        }
       }
      }
     }
    }
   }
  }
 }
}

Frame Box001 {
 

 FrameTransformMatrix {
  0.667112,0.000000,0.000000,0.000000,0.000000,0.696682,0.000000,0.000000,0.000000,0.000000,0.492662,0.000000,0.000000,0.000000,0.000000,1.000000;;
 }

 Mesh Box001 {
  24;
  10.572265;20.327293;-176.362701;,
  13.727645;19.486664;-172.383002;,
  10.759662;19.137472;-172.336064;,
  13.540246;20.676485;-176.409638;,
  10.356430;22.080232;-175.308493;,
  13.511811;21.239603;-171.328781;,
  13.324412;22.429424;-175.355418;,
  10.543828;20.890413;-171.281843;,
  10.572265;20.327293;-176.362701;,
  13.324412;22.429424;-175.355418;,
  13.540246;20.676485;-176.409638;,
  10.356430;22.080232;-175.308493;,
  13.540246;20.676485;-176.409638;,
  13.511811;21.239603;-171.328781;,
  13.727645;19.486664;-172.383002;,
  13.324412;22.429424;-175.355418;,
  13.727645;19.486664;-172.383002;,
  10.543828;20.890413;-171.281843;,
  10.759662;19.137472;-172.336064;,
  13.511811;21.239603;-171.328781;,
  10.759662;19.137472;-172.336064;,
  10.356430;22.080232;-175.308493;,
  10.572265;20.327293;-176.362701;,
  10.543828;20.890413;-171.281843;;
  12;
  3;0,1,2;,
  3;1,0,3;,
  3;4,5,6;,
  3;5,4,7;,
  3;8,9,10;,
  3;9,8,11;,
  3;12,13,14;,
  3;13,12,15;,
  3;16,17,18;,
  3;17,16,19;,
  3;20,21,22;,
  3;21,20,23;;

  MeshMaterialList {
   1;
   12;
   0,
   0,
   0,
   0,
   0,
   0,
   0,
   0,
   0,
   0,
   0,
   0;

   Material  {
    0.529412;0.231373;0.031373;1.000000;;
    0.000000;
    0.000000;0.000000;0.000000;;
    0.000000;0.000000;0.000000;;
   }
  }

  DeclData {
   2;
   2;0;3;0;,
   1;0;5;0;;
   120;
   1037836862,
   3212032943,
   3197278703,
   1065353216,
   1065353216,
   1037836862,
   3212032943,
   3197278703,
   0,
   0,
   1037836862,
   3212032943,
   3197278702,
   1065353216,
   0,
   1037836862,
   3212032943,
   3197278702,
   0,
   1065353216,
   3185320477,
   1064549297,
   1049795049,
   0,
   1065353216,
   3185320461,
   1064549297,
   1049795047,
   1065353216,
   0,
   3185320509,
   1064549295,
   1049795055,
   1065353216,
   1065353216,
   3185320427,
   1064549299,
   1049795040,
   0,
   0,
   3180727899,
   1057087930,
   3210464888,
   0,
   1065353216,
   3180727899,
   1057087930,
   3210464888,
   1065353216,
   0,
   3180727899,
   1057087930,
   3210464888,
   1065353216,
   1065353216,
   3180727899,
   1057087930,
   3210464888,
   0,
   0,
   1065216176,
   1040339447,
   3154912910,
   0,
   1065353216,
   1065216176,
   1040339432,
   3154912882,
   1065353216,
   0,
   1065216177,
   1040339421,
   3154912862,
   1065353216,
   1065353216,
   1065216175,
   1040339459,
   3154912931,
   0,
   0,
   1033244221,
   3204571577,
   1062981241,
   0,
   1065353216,
   1033244230,
   3204571574,
   1062981243,
   1065353216,
   0,
   1033244245,
   3204571571,
   1062981244,
   1065353216,
   1065353216,
   1033244205,
   3204571579,
   1062981240,
   0,
   0,
   3212699824,
   3187823095,
   1007429136,
   0,
   1065353216,
   3212699824,
   3187823098,
   1007429094,
   1065353216,
   0,
   3212699824,
   3187823100,
   1007429069,
   1065353216,
   1065353216,
   3212699824,
   3187823094,
   1007429161,
   0,
   0;
  }

  XSkinMeshHeader {
   1;
   1;
   1;
  }

  SkinWeights {
   "Bip001_L_Toe0Nub";
   24;
   0,
   1,
   2,
   3,
   4,
   5,
   6,
   7,
   8,
   9,
   10,
   11,
   12,
   13,
   14,
   15,
   16,
   17,
   18,
   19,
   20,
   21,
   22,
   23;
   1.000000,
   1.000000,
   1.000000,
   1.000000,
   1.000000,
   1.000000,
   1.000000,
   1.000000,
   1.000000,
   1.000000,
   1.000000,
   1.000000,
   1.000000,
   1.000000,
   1.000000,
   1.000000,
   1.000000,
   1.000000,
   1.000000,
   1.000000,
   1.000000,
   1.000000,
   1.000000,
   1.000000;
   -0.182852,-0.641549,0.004260,0.000000,-0.004624,-0.003308,-0.696659,0.000000,0.473783,-0.135052,-0.002503,0.000000,54.288582,7.332025,0.245671,1.000000;;
  }
 }
}

AnimTicksPerSecond  {
 4800;
}

AnimationSet Anim1 {
 

 Animation {
  
  { Bip001 }

  AnimationKey S {
   1;
   2;
   0;3;1.000000,1.000000,1.000000;;,
   5600;3;1.000000,1.000000,1.000000;;;
  }

  AnimationKey R {
   0;
   36;
   0;4;0.706502,0.001745,-0.707708,-0.000906;;,
   160;4;0.722985,0.001052,-0.690862,-0.000574;;,
   320;4;0.738653,-0.000601,-0.674085,0.000293;;,
   480;4;0.753767,-0.002637,-0.657135,0.001372;;,
   640;4;0.768568,-0.004480,-0.639748,0.002345;;,
   800;4;0.783275,-0.005554,-0.621644,0.002889;;,
   960;4;0.798080,-0.005288,-0.602522,0.002687;;,
   1120;4;0.813140,-0.003112,-0.582059,0.001421;;,
   1280;4;0.828559,0.001540,-0.559898,-0.001222;;,
   1440;4;0.865771,0.033195,-0.498978,-0.018961;;,
   1600;4;0.871975,0.062406,-0.484277,-0.035219;;,
   1760;4;0.788328,0.049771,-0.612605,-0.027862;;,
   1920;4;0.644565,0.021955,-0.764141,-0.011943;;,
   2080;4;0.532272,0.001902,-0.846571,-0.000497;;,
   2240;4;0.496052,-0.003169,-0.868284,0.002411;;,
   2400;4;0.488025,-0.003799,-0.872817,0.002781;;,
   2560;4;0.498378,-0.001896,-0.866956,0.001698;;,
   2720;4;0.516574,0.000639,-0.856242,0.000244;;,
   2880;4;0.532272,0.001902,-0.846571,-0.000497;;,
   3040;4;0.544428,0.001895,-0.838805,-0.000525;;,
   3200;4;0.558364,0.001886,-0.829594,-0.000556;;,
   3360;4;0.573639,0.001875,-0.819106,-0.000591;;,
   3520;4;0.589822,0.001863,-0.807531,-0.000628;;,
   3680;4;0.606497,0.001850,-0.795083,-0.000667;;,
   3840;4;0.623266,0.001835,-0.782007,-0.000706;;,
   4000;4;0.639754,0.001820,-0.768577,-0.000745;;,
   4160;4;0.655608,0.001804,-0.755099,-0.000783;;,
   4320;4;0.670501,0.001788,-0.741906,-0.000818;;,
   4480;4;0.684133,0.001773,-0.729355,-0.000851;;,
   4640;4;0.696220,0.001758,-0.717825,-0.000881;;,
   4800;4;0.706502,0.001745,-0.707708,-0.000906;;,
   4960;4;0.712426,0.001738,-0.701745,-0.000921;;,
   5120;4;0.713163,0.001737,-0.700996,-0.000923;;,
   5280;4;0.710950,0.001739,-0.703240,-0.000917;;,
   5440;4;0.707988,0.001743,-0.706222,-0.000910;;,
   5600;4;0.706502,0.001745,-0.707708,-0.000906;;;
  }

  AnimationKey T {
   2;
   36;
   0;3;-0.479831,115.068237,0.060048;;,
   160;3;-2.254890,115.068237,0.639845;;,
   320;3;-4.339872,115.068237,1.237373;;,
   480;3;-6.548822,115.068237,1.841993;;,
   640;3;-8.695787,115.068237,2.443067;;,
   800;3;-10.594814,115.068237,3.029956;;,
   960;3;-12.059952,115.068237,3.592023;;,
   1120;3;-12.905243,115.068237,4.118628;;,
   1280;3;-12.944737,115.068237,4.599132;;,
   1440;3;-5.299613,116.567629,7.597270;;,
   1600;3;3.774069,115.068237,4.599132;;,
   1760;3;5.162062,105.376051,-14.610709;;,
   1920;3;4.293654,93.018266,-38.948848;;,
   2080;3;3.467788,85.080275,-53.094090;;,
   2240;3;3.480440,82.961600,-53.396509;;,
   2400;3;3.551685,82.886106,-48.224877;;,
   2560;3;3.616604,84.175706,-40.286115;;,
   2720;3;3.610278,86.152346,-32.287104;;,
   2880;3;3.467788,88.137894,-26.934758;;,
   3040;3;3.212730,90.029005,-23.897598;;,
   3200;3;2.917358,92.142669,-21.033582;;,
   3360;3;2.589733,94.431424,-18.333702;;,
   3520;3;2.237919,96.847718,-15.788992;;,
   3680;3;1.869981,99.344006,-13.390486;;,
   3840;3;1.493978,101.872864,-11.129179;;,
   4000;3;1.117975,104.386701,-8.996104;;,
   4160;3;0.750038,106.838042,-6.982294;;,
   4320;3;0.398224,109.179379,-5.078745;;,
   4480;3;0.070599,111.363200,-3.276491;;,
   4640;3;-0.224773,113.341978,-1.566559;;,
   4800;3;-0.479831,115.068237,0.060048;;,
   4960;3;-0.628448,116.082074,1.076323;;,
   5120;3;-0.647025,116.208819,1.203358;;,
   5280;3;-0.591294,115.828634,0.822255;;,
   5440;3;-0.516986,115.321702,0.314116;;,
   5600;3;-0.479831,115.068237,0.060048;;;
  }
 }

 Animation {
  
  { Bip001_Pelvis }

  AnimationKey S {
   1;
   2;
   0;3;1.000000,1.000000,1.000000;;,
   5600;3;1.000000,1.000000,1.000000;;;
  }

  AnimationKey R {
   0;
   2;
   0;4;-0.494101,0.505831,0.494100,0.505831;;,
   5600;4;-0.494101,0.505831,0.494100,0.505831;;;
  }

  AnimationKey T {
   2;
   2;
   0;3;0.000000,0.000000,0.000000;;,
   5600;3;0.000000,0.000000,0.000000;;;
  }
 }

 Animation {
  
  { Bip001_Spine }

  AnimationKey S {
   1;
   2;
   0;3;1.000000,1.000000,1.000000;;,
   5600;3;1.000000,1.000000,1.000000;;;
  }

  AnimationKey R {
   0;
   36;
   0;4;0.936666,-0.275373,0.204860,0.069703;;,
   160;4;0.957229,-0.182198,0.216194,0.061455;;,
   320;4;0.969190,-0.079256,0.226874,0.054008;;,
   480;4;0.970259,0.029179,0.235724,0.046686;;,
   640;4;0.959593,0.138417,0.241882,0.038923;;,
   800;4;0.937929,0.243739,0.244879,0.030269;;,
   960;4;0.907514,0.340800,0.244659,0.020386;;,
   1120;4;0.871851,0.425965,0.241553,0.009042;;,
   1280;4;0.835299,0.496453,0.236208,-0.003898;;,
   1440;4;0.802614,0.550283,0.229475,-0.018456;;,
   1600;4;0.778474,0.585980,0.222297,-0.034495;;,
   1760;4;0.886232,0.406434,0.208329,-0.077486;;,
   1920;4;0.968903,0.108351,0.186797,-0.120805;;,
   2080;4;0.968759,-0.049586,0.193466,-0.147028;;,
   2240;4;0.948830,-0.167232,0.209905,-0.166417;;,
   2400;4;0.934818,-0.222050,0.219496,-0.169205;;,
   2560;4;0.932511,-0.237415,0.219911,-0.160298;;,
   2720;4;0.930715,-0.250212,0.220096,-0.150734;;,
   2880;4;0.929441,-0.260653,0.220081,-0.140583;;,
   3040;4;0.928676,-0.268946,0.219891,-0.129912;;,
   3200;4;0.928387,-0.275297,0.219548,-0.118777;;,
   3360;4;0.928527,-0.279909,0.219067,-0.107235;;,
   3520;4;0.929034,-0.282985,0.218463,-0.095335;;,
   3680;4;0.929842,-0.284727,0.217749,-0.083128;;,
   3840;4;0.930876,-0.285333,0.216936,-0.070661;;,
   4000;4;0.932062,-0.285006,0.216034,-0.057984;;,
   4160;4;0.933321,-0.283947,0.215055,-0.045144;;,
   4320;4;0.934579,-0.282358,0.214010,-0.032189;;,
   4480;4;0.935764,-0.280443,0.212910,-0.019170;;,
   4640;4;0.936806,-0.278409,0.211769,-0.006133;;,
   4800;4;0.937641,-0.276462,0.210599,0.006871;;,
   4960;4;0.938207,-0.274811,0.209416,0.019794;;,
   5120;4;0.938447,-0.273666,0.208234,0.032586;;,
   5280;4;0.938307,-0.273238,0.207071,0.045201;;,
   5440;4;0.937731,-0.273737,0.205941,0.057589;;,
   5600;4;0.936666,-0.275373,0.204860,0.069703;;;
  }

  AnimationKey T {
   2;
   33;
   0;3;14.263466,-0.328320,-0.009809;;,
   160;3;14.263642,-0.330440,-0.010782;;,
   320;3;14.263810,-0.332920,-0.011352;;,
   480;3;14.263870,-0.335587,-0.011386;;,
   640;3;14.263878,-0.338231,-0.010840;;,
   800;3;14.263749,-0.340639,-0.009770;;,
   960;3;14.263581,-0.342649,-0.008316;;,
   1120;3;14.263358,-0.344170,-0.006678;;,
   1280;3;14.263154,-0.345203,-0.005074;;,
   1440;3;14.263046,-0.345813,-0.003707;;,
   1600;3;14.263016,-0.346098,-0.002750;;,
   1760;3;14.263603,-0.343412,-0.007479;;,
   1920;3;14.263030,-0.336696,-0.011639;;,
   2080;3;14.262672,-0.332613,-0.011810;;,
   2240;3;14.262435,-0.329605,-0.010986;;,
   2400;3;14.262336,-0.328293,-0.010338;;,
   2560;3;14.262336,-0.327988,-0.010147;;,
   2720;3;14.262336,-0.327746,-0.009981;;,
   2880;3;14.262360,-0.327562,-0.009848;;,
   3040;3;14.262390,-0.327431,-0.009739;;,
   3360;3;14.262435,-0.327344,-0.009653;;,
   3520;3;14.262558,-0.327292,-0.009554;;,
   3840;3;14.262642,-0.327313,-0.009536;;,
   4000;3;14.262795,-0.327434,-0.009550;;,
   4160;3;14.262870,-0.327523,-0.009577;;,
   4320;3;14.262939,-0.327624,-0.009612;;,
   4480;3;14.263024,-0.327734,-0.009651;;,
   4640;3;14.263099,-0.327847,-0.009693;;,
   4800;3;14.263160,-0.327958,-0.009733;;,
   4960;3;14.263229,-0.328063,-0.009770;;,
   5280;3;14.263275,-0.328157,-0.009798;;,
   5440;3;14.263413,-0.328290,-0.009822;;,
   5600;3;14.263466,-0.328320,-0.009809;;;
  }
 }

 Animation {
  
  { Bip001_Spine1 }

  AnimationKey S {
   1;
   2;
   0;3;1.000000,1.000000,1.000000;;,
   5600;3;1.000000,1.000000,1.000000;;;
  }

  AnimationKey R {
   0;
   36;
   0;4;0.999975,0.000000,-0.007058,-0.000000;;,
   160;4;0.999963,0.003016,-0.006641,-0.004648;;,
   320;4;0.999912,0.006094,-0.006346,-0.009897;;,
   480;4;0.999819,0.009208,-0.006120,-0.015490;;,
   640;4;0.999682,0.012331,-0.005910,-0.021168;;,
   800;4;0.999509,0.015436,-0.005665,-0.026673;;,
   960;4;0.999311,0.018495,-0.005331,-0.031747;;,
   1120;4;0.999104,0.021482,-0.004858,-0.036133;;,
   1280;4;0.998911,0.024369,-0.004192,-0.039574;;,
   1440;4;0.998752,0.027130,-0.003283,-0.041811;;,
   1600;4;0.998648,0.029737,-0.002078,-0.042588;;,
   1760;4;0.999251,0.030716,0.003872,-0.023236;;,
   1920;4;0.999501,0.030179,0.009329,0.000459;;,
   2080;4;0.999525,0.029628,0.007243,0.004447;;,
   2240;4;0.999577,0.028806,0.002809,0.002731;;,
   2400;4;0.999617,0.027667,-0.000022,0.000904;;,
   2560;4;0.999652,0.026348,-0.000700,0.000881;;,
   2720;4;0.999686,0.025016,-0.001311,0.000854;;,
   2880;4;0.999718,0.023672,-0.001860,0.000823;;,
   3040;4;0.999748,0.022316,-0.002354,0.000788;;,
   3200;4;0.999776,0.020951,-0.002797,0.000749;;,
   3360;4;0.999803,0.019577,-0.003195,0.000707;;,
   3520;4;0.999828,0.018195,-0.003553,0.000662;;,
   3680;4;0.999851,0.016806,-0.003877,0.000615;;,
   3840;4;0.999872,0.015412,-0.004172,0.000566;;,
   4000;4;0.999892,0.014012,-0.004444,0.000515;;,
   4160;4;0.999909,0.012610,-0.004697,0.000463;;,
   4320;4;0.999925,0.011204,-0.004938,0.000410;;,
   4480;4;0.999939,0.009798,-0.005172,0.000357;;,
   4640;4;0.999950,0.008391,-0.005403,0.000303;;,
   4800;4;0.999960,0.006984,-0.005639,0.000250;;,
   4960;4;0.999967,0.005580,-0.005883,0.000197;;,
   5120;4;0.999972,0.004178,-0.006142,0.000145;;,
   5280;4;0.999976,0.002780,-0.006420,0.000095;;,
   5440;4;0.999977,0.001387,-0.006724,0.000046;;,
   5600;4;0.999975,0.000000,-0.007058,-0.000000;;;
  }

  AnimationKey T {
   2;
   22;
   0;3;16.122032,-0.000000,-0.012833;;,
   320;3;16.122040,-0.000078,-0.012833;;,
   480;3;16.122048,-0.000239,-0.012829;;,
   800;3;16.122078,-0.000321,-0.012833;;,
   960;3;16.122093,-0.000479,-0.012833;;,
   1280;3;16.122117,-0.000555,-0.012833;;,
   1440;3;16.122162,-0.000698,-0.012817;;,
   1600;3;16.122200,-0.000763,-0.012814;;,
   1760;3;16.122322,-0.000790,-0.012806;;,
   1920;3;16.122451,-0.000774,-0.012806;;,
   2080;3;16.122398,-0.000759,-0.012810;;,
   2240;3;16.122283,-0.000744,-0.012817;;,
   2720;3;16.122216,-0.000706,-0.012815;;,
   2880;3;16.122162,-0.000603,-0.012823;;,
   3520;3;16.122162,-0.000565,-0.012821;;,
   3680;3;16.122109,-0.000429,-0.012829;;,
   4160;3;16.122101,-0.000395,-0.012833;;,
   4320;3;16.122085,-0.000288,-0.012833;;,
   4800;3;16.122085,-0.000248,-0.012829;;,
   4960;3;16.122054,-0.000143,-0.012833;;,
   5440;3;16.122070,-0.000108,-0.012836;;,
   5600;3;16.122032,-0.000000,-0.012833;;;
  }
 }

 Animation {
  
  { Bip001_Spine2 }

  AnimationKey S {
   1;
   2;
   0;3;1.000000,1.000000,1.000000;;,
   5600;3;1.000000,1.000000,1.000000;;;
  }

  AnimationKey R {
   0;
   36;
   0;4;0.999989,-0.000000,-0.004682,-0.000000;;,
   160;4;0.999976,0.004031,-0.003490,-0.004525;;,
   320;4;0.999917,0.008138,-0.002391,-0.009652;;,
   480;4;0.999809,0.012283,-0.001338,-0.015126;;,
   640;4;0.999651,0.016430,-0.000287,-0.020690;;,
   800;4;0.999448,0.020544,0.000806,-0.026085;;,
   960;4;0.999213,0.024590,0.001985,-0.031056;;,
   1120;4;0.998962,0.028536,0.003289,-0.035343;;,
   1280;4;0.998716,0.032349,0.004760,-0.038689;;,
   1440;4;0.998496,0.035999,0.006434,-0.040837;;,
   1600;4;0.998323,0.039452,0.008352,-0.041529;;,
   1760;4;0.998815,0.040926,0.014353,-0.022091;;,
   1920;4;0.998992,0.040436,0.019419,0.001641;;,
   2080;4;0.999047,0.039741,0.017153,0.005590;;,
   2240;4;0.999168,0.038631,0.012528,0.003806;;,
   2400;4;0.999266,0.037092,0.009424,0.001918;;,
   2560;4;0.999339,0.035325,0.008408,0.001850;;,
   2720;4;0.999408,0.033540,0.007456,0.001777;;,
   2880;4;0.999473,0.031739,0.006563,0.001700;;,
   3040;4;0.999535,0.029922,0.005722,0.001619;;,
   3200;4;0.999592,0.028092,0.004930,0.001533;;,
   3360;4;0.999646,0.026250,0.004180,0.001444;;,
   3520;4;0.999695,0.024397,0.003468,0.001351;;,
   3680;4;0.999741,0.022535,0.002789,0.001256;;,
   3840;4;0.999784,0.020666,0.002137,0.001157;;,
   4000;4;0.999822,0.018790,0.001508,0.001057;;,
   4160;4;0.999856,0.016909,0.000896,0.000954;;,
   4320;4;0.999887,0.015024,0.000296,0.000849;;,
   4480;4;0.999913,0.013138,-0.000296,0.000743;;,
   4640;4;0.999936,0.011251,-0.000887,0.000636;;,
   4800;4;0.999955,0.009365,-0.001482,0.000529;;,
   4960;4;0.999970,0.007482,-0.002084,0.000422;;,
   5120;4;0.999981,0.005602,-0.002701,0.000315;;,
   5280;4;0.999988,0.003728,-0.003336,0.000208;;,
   5440;4;0.999990,0.001860,-0.003994,0.000103;;,
   5600;4;0.999989,-0.000000,-0.004682,-0.000000;;;
  }

  AnimationKey T {
   2;
   25;
   0;3;16.122101,0.000001,-0.012833;;,
   160;3;16.122117,-0.000104,-0.012833;;,
   320;3;16.122162,-0.000210,-0.012844;;,
   480;3;16.122208,-0.000314,-0.012840;;,
   640;3;16.122208,-0.000422,-0.012825;;,
   800;3;16.122238,-0.000528,-0.012825;;,
   960;3;16.122277,-0.000631,-0.012817;;,
   1280;3;16.122338,-0.000729,-0.012817;;,
   1440;3;16.122421,-0.000916,-0.012806;;,
   1600;3;16.122482,-0.000999,-0.012798;;,
   1760;3;16.122605,-0.001041,-0.012787;;,
   1920;3;16.122726,-0.001038,-0.012787;;,
   2080;3;16.122650,-0.001022,-0.012787;;,
   2240;3;16.122544,-0.000996,-0.012798;;,
   2720;3;16.122451,-0.000950,-0.012798;;,
   2880;3;16.122406,-0.000818,-0.012819;;,
   3200;3;16.122368,-0.000769,-0.012815;;,
   3360;3;16.122322,-0.000668,-0.012814;;,
   3840;3;16.122299,-0.000629,-0.012821;;,
   4000;3;16.122246,-0.000483,-0.012833;;,
   4480;3;16.122253,-0.000437,-0.012833;;,
   4640;3;16.122192,-0.000288,-0.012833;;,
   5120;3;16.122162,-0.000238,-0.012829;;,
   5280;3;16.122117,-0.000094,-0.012836;;,
   5600;3;16.122117,-0.000048,-0.012833;;;
  }
 }

 Animation {
  
  { Bip001_Spine3 }

  AnimationKey S {
   1;
   2;
   0;3;1.000000,1.000000,1.000000;;,
   5600;3;1.000000,1.000000,1.000000;;;
  }

  AnimationKey R {
   0;
   36;
   0;4;0.999975,-0.000000,0.007128,-0.000000;;,
   160;4;0.999951,0.003089,0.009439,0.000418;;,
   320;4;0.999911,0.006244,0.011799,0.000845;;,
   480;4;0.999854,0.009438,0.014188,0.001278;;,
   640;4;0.999781,0.012642,0.016584,0.001711;;,
   800;4;0.999693,0.015825,0.018965,0.002142;;,
   960;4;0.999590,0.018961,0.021310,0.002567;;,
   1120;4;0.999475,0.022021,0.023597,0.002981;;,
   1280;4;0.999349,0.024975,0.025806,0.003381;;,
   1440;4;0.999217,0.027795,0.027914,0.003763;;,
   1600;4;0.999080,0.030452,0.029901,0.004123;;,
   1760;4;0.999030,0.031384,0.030597,0.004249;;,
   1920;4;0.999061,0.030813,0.030170,0.004171;;,
   2080;4;0.999091,0.030254,0.029752,0.004096;;,
   2240;4;0.999135,0.029420,0.029129,0.003983;;,
   2400;4;0.999194,0.028261,0.028262,0.003826;;,
   2560;4;0.999260,0.026914,0.027256,0.003644;;,
