xof 0303txt 0032
template Frame {
 <3d82ab46-62da-11cf-ab39-0020af71e433>
 [...]
}

template Matrix4x4 {
 <f6f23f45-7686-11cf-8f52-0040333594a3>
 array FLOAT matrix[16];
}

template FrameTransformMatrix {
 <f6f23f41-7686-11cf-8f52-0040333594a3>
 Matrix4x4 frameMatrix;
}

template Vector {
 <3d82ab5e-62da-11cf-ab39-0020af71e433>
 FLOAT x;
 FLOAT y;
 FLOAT z;
}

template MeshFace {
 <3d82ab5f-62da-11cf-ab39-0020af71e433>
 DWORD nFaceVertexIndices;
 array DWORD faceVertexIndices[nFaceVertexIndices];
}

template Mesh {
 <3d82ab44-62da-11cf-ab39-0020af71e433>
 DWORD nVertices;
 array Vector vertices[nVertices];
 DWORD nFaces;
 array MeshFace faces[nFaces];
 [...]
}

template ColorRGBA {
 <35ff44e0-6c7c-11cf-8f52-0040333594a3>
 FLOAT red;
 FLOAT green;
 FLOAT blue;
 FLOAT alpha;
}

template ColorRGB {
 <d3e16e81-7835-11cf-8f52-0040333594a3>
 FLOAT red;
 FLOAT green;
 FLOAT blue;
}

template Material {
 <3d82ab4d-62da-11cf-ab39-0020af71e433>
 ColorRGBA faceColor;
 FLOAT power;
 ColorRGB specularColor;
 ColorRGB emissiveColor;
 [...]
}

template MeshMaterialList {
 <f6f23f42-7686-11cf-8f52-0040333594a3>
 DWORD nMaterials;
 DWORD nFaceIndexes;
 array DWORD faceIndexes[nFaceIndexes];
 [Material <3d82ab4d-62da-11cf-ab39-0020af71e433>]
}

template VertexElement {
 <f752461c-1e23-48f6-b9f8-8350850f336f>
 DWORD Type;
 DWORD Method;
 DWORD Usage;
 DWORD UsageIndex;
}

template DeclData {
 <bf22e553-292c-4781-9fea-62bd554bdd93>
 DWORD nElements;
 array VertexElement Elements[nElements];
 DWORD nDWords;
 array DWORD data[nDWords];
}

template XSkinMeshHeader {
 <3cf169ce-ff7c-44ab-93c0-f78f62d172e2>
 WORD nMaxSkinWeightsPerVertex;
 WORD nMaxSkinWeightsPerFace;
 WORD nBones;
}

template SkinWeights {
 <6f0d123b-bad2-4167-a0d0-80224f25fabb>
 STRING transformNodeName;
 DWORD nWeights;
 array DWORD vertexIndices[nWeights];
 array FLOAT weights[nWeights];
 Matrix4x4 matrixOffset;
}

template AnimTicksPerSecond {
 <9e415a43-7ba6-4a73-8743-b73d47e88476>
 DWORD AnimTicksPerSecond;
}

template Animation {
 <3d82ab4f-62da-11cf-ab39-0020af71e433>
 [...]
}

template AnimationSet {
 <3d82ab50-62da-11cf-ab39-0020af71e433>
 [Animation <3d82ab4f-62da-11cf-ab39-0020af71e433>]
}

template FloatKeys {
 <10dd46a9-775b-11cf-8f52-0040333594a3>
 DWORD nValues;
 array FLOAT values[nValues];
}

template TimedFloatKeys {
 <f406b180-7b3b-11cf-8f52-0040333594a3>
 DWORD time;
 FloatKeys tfkeys;
}

template AnimationKey {
 <10dd46a8-775b-11cf-8f52-0040333594a3>
 DWORD keyType;
 DWORD nKeys;
 array TimedFloatKeys keys[nKeys];
}


Frame Bip001 {
 

 FrameTransformMatrix {
  0.766044,-0.000000,0.642788,0.000000,0.000000,1.000000,0.000000,0.000000,-0.642788,0.000000,0.766044,0.000000,0.000000,117.697126,0.000000,1.000000;;
 }

 Frame Bip001_Pelvis {
  

  FrameTransformMatrix {
   0.000000,0.998788,0.049211,0.000000,-0.000001,-0.049211,0.998789,0.000000,1.000000,-0.000000,0.000001,0.000000,0.000000,0.000000,0.000000,1.000000;;
  }

  Frame Bip001_Spine {
   

   FrameTransformMatrix {
    0.984651,-0.039563,0.169993,0.000000,0.058772,0.992248,-0.109498,0.000000,-0.164344,0.117809,0.979343,0.000000,14.246781,-0.703362,-0.012578,1.000000;;
   }

   Frame Bip001_Spine1 {
    

    FrameTransformMatrix {
     0.998973,0.038831,-0.023341,0.000000,-0.036688,0.995609,0.086119,0.000000,0.026582,-0.085175,0.996011,0.000000,16.121888,0.001093,-0.012787,1.000000;;
    }

    Frame Bip001_Spine2 {
     

     FrameTransformMatrix {
      0.997659,0.006998,-0.068025,0.000000,-0.000433,0.995377,0.096041,0.000000,0.068383,-0.095787,0.993050,0.000000,16.121323,0.001230,-0.012749,1.000000;;
     }

     Frame Bip001_Spine3 {
      

      FrameTransformMatrix {
       0.986476,-0.104584,-0.126207,0.000000,0.108928,0.993655,0.028000,0.000000,0.122478,-0.041369,0.991609,0.000000,16.120667,0.000531,-0.012730,1.000000;;
      }

      Frame Bip001_Neck {
       

       FrameTransformMatrix {
        0.899240,0.000001,0.437456,0.000000,-0.000001,1.000000,-0.000000,0.000000,-0.437456,-0.000000,0.899240,0.000000,16.125474,0.000000,-0.006661,1.000000;;
       }

       Frame Bip001_L_Clavicle {
        

        FrameTransformMatrix {
         -0.240080,0.970663,-0.013237,0.000000,0.867825,0.208495,-0.451009,0.000000,-0.435018,-0.119766,-0.892421,0.000000,0.000000,4.340599,0.007393,1.000000;;
        }

        Frame Bip001_L_UpperArm {
         

         FrameTransformMatrix {
          0.762045,-0.232226,-0.604449,0.000000,0.293123,0.956072,0.002230,0.000000,0.577379,-0.178877,0.796641,0.000000,16.122226,0.000015,-0.000002,1.000000;;
         }

         Frame Bip001_L_Forearm {
          

          FrameTransformMatrix {
           0.586665,0.000000,-0.809829,0.000000,0.000000,1.000000,0.000000,0.000000,0.809829,0.000000,0.586666,0.000000,44.136819,0.000015,-0.000004,1.000000;;
          }

          Frame Bip001_L_Hand {
           

           FrameTransformMatrix {
            0.994184,-0.020071,0.105808,0.000000,-0.100164,-0.533265,0.839998,0.000000,0.039565,-0.845711,-0.532173,0.000000,37.683370,0.000000,0.000008,1.000000;;
           }

           Frame Bip001_L_Finger0 {
            

            FrameTransformMatrix {
             0.507051,-0.208417,0.836339,0.000000,0.787258,0.507013,-0.350946,0.000000,-0.350891,0.836362,0.421159,0.000000,4.289886,-5.456864,2.394806,1.000000;;
            }

            Frame Bip001_L_Finger01 {
             

             FrameTransformMatrix {
              0.845231,0.000000,0.534402,0.000000,-0.000000,1.000000,0.000000,0.000000,-0.534402,0.000000,0.845231,0.000000,3.875534,0.000004,-0.000015,1.000000;;
             }

             Frame Bip001_L_Finger02 {
              

              FrameTransformMatrix {
               0.717331,-0.000000,0.696733,0.000000,0.000000,1.000000,-0.000000,0.000000,-0.696733,0.000000,0.717331,0.000000,3.875534,-0.000015,0.000000,1.000000;;
              }

              Frame Bip001_L_Finger0Nub {
               

               FrameTransformMatrix {
                1.000000,0.000000,-0.000000,0.000000,0.000000,1.000000,0.000000,0.000000,0.000000,0.000000,1.000000,0.000000,3.875534,0.000000,0.000002,1.000000;;
               }
              }
             }
            }
           }

           Frame Bip001_L_Finger1 {
            

            FrameTransformMatrix {
             0.918251,-0.000315,0.396000,0.000000,0.000000,1.000000,0.000796,0.000000,-0.396000,-0.000731,0.918250,0.000000,11.734268,-5.461197,-0.417770,1.000000;;
            }

            Frame Bip001_L_Finger11 {
             

             FrameTransformMatrix {
              0.361810,-0.000000,0.932252,0.000000,0.000000,1.000000,0.000000,0.000000,-0.932252,0.000000,0.361810,0.000000,4.650650,0.000000,0.000000,1.000000;;
             }

             Frame Bip001_L_Finger12 {
              

              FrameTransformMatrix {
               0.141925,-0.000000,0.989878,0.000000,0.000000,1.000000,-0.000000,0.000000,-0.989878,-0.000000,0.141925,0.000000,4.650650,0.000000,0.000000,1.000000;;
              }

              Frame Bip001_L_Finger1Nub {
               

               FrameTransformMatrix {
                1.000000,0.000000,0.000000,0.000000,-0.000000,1.000000,0.000000,0.000000,-0.000000,-0.000000,1.000000,0.000000,4.650642,-0.000015,0.000000,1.000000;;
               }
              }
             }
            }
           }

           Frame Bip001_L_Finger2 {
            

            FrameTransformMatrix {
             0.924595,0.042567,0.378566,0.000000,-0.054546,0.998291,0.020970,0.000000,-0.377027,-0.040038,0.925337,0.000000,11.686767,-1.501312,-0.364792,1.000000;;
            }

            Frame Bip001_L_Finger21 {
             

             FrameTransformMatrix {
              0.348076,0.000000,0.937466,0.000000,0.000000,1.000000,0.000000,0.000000,-0.937466,-0.000000,0.348076,0.000000,4.698433,0.000000,0.000000,1.000000;;
             }

             Frame Bip001_L_Finger22 {
              

              FrameTransformMatrix {
               0.030602,0.000000,0.999532,0.000000,-0.000000,1.000000,-0.000000,0.000000,-0.999532,0.000000,0.030602,0.000000,5.425743,-0.000031,0.000000,1.000000;;
              }

              Frame Bip001_L_Finger2Nub {
               

               FrameTransformMatrix {
                1.000000,0.000000,0.000000,0.000000,-0.000000,1.000000,0.000000,0.000000,-0.000000,0.000000,1.000000,0.000000,5.425751,0.000000,-0.000008,1.000000;;
               }
              }
             }
            }
           }

           Frame Bip001_L_Finger3 {
            

            FrameTransformMatrix {
             0.935966,0.064664,0.346102,0.000000,-0.084190,0.995578,0.041667,0.000000,-0.341878,-0.068137,0.937271,0.000000,11.686195,1.606094,-0.362930,1.000000;;
            }

            Frame Bip001_L_Finger31 {
             

             FrameTransformMatrix {
              0.419784,-0.000000,0.907624,0.000000,0.000000,1.000000,-0.000000,0.000000,-0.907624,-0.000000,0.419784,0.000000,4.316547,-0.000015,-0.000015,1.000000;;
             }

             Frame Bip001_L_Finger32 {
              

              FrameTransformMatrix {
               0.000102,-0.000000,1.000000,0.000000,-0.000000,1.000000,0.000000,0.000000,-1.000000,0.000000,0.000102,0.000000,4.650642,0.000015,0.000008,1.000000;;
              }

              Frame Bip001_L_Finger3Nub {
               

               FrameTransformMatrix {
                1.000000,0.000000,-0.000000,0.000000,-0.000000,1.000000,0.000000,0.000000,-0.000000,0.000000,1.000000,0.000000,4.650642,0.000000,-0.000008,1.000000;;
               }
              }
             }
            }
           }

           Frame Bip001_L_Finger4 {
            

            FrameTransformMatrix {
             0.752888,0.029285,0.657497,0.000000,-0.043233,0.999053,0.005008,0.000000,-0.656728,-0.032196,0.753440,0.000000,10.216782,4.386826,-0.631805,1.000000;;
            }

            Frame Bip001_L_Finger41 {
             

             FrameTransformMatrix {
              0.392584,0.000000,0.919716,0.000000,0.000000,1.000000,0.000000,0.000000,-0.919716,0.000000,0.392584,0.000000,3.003708,-0.000015,0.000000,1.000000;;
             }

             Frame Bip001_L_Finger42 {
              

              FrameTransformMatrix {
               0.022317,0.000000,0.999751,0.000000,0.000000,1.000000,0.000000,0.000000,-0.999751,0.000000,0.022317,0.000000,3.003723,0.000000,0.000000,1.000000;;
              }

              Frame Bip001_L_Finger4Nub {
               

               FrameTransformMatrix {
                1.000000,0.000000,-0.000000,0.000000,0.000000,1.000000,0.000000,0.000000,0.000000,-0.000000,1.000000,0.000000,3.003712,0.000000,0.000015,1.000000;;
               }
              }
             }
            }
           }
          }
         }
        }
       }

       Frame Bip001_R_Clavicle {
        

        FrameTransformMatrix {
         -0.144915,-0.989409,-0.008302,0.000000,-0.887687,0.126301,0.442787,0.000000,-0.437049,0.071536,-0.896588,0.000000,0.000031,-4.340598,0.007408,1.000000;;
        }

        Frame Bip001_R_UpperArm {
         

         FrameTransformMatrix {
          0.614151,0.379145,-0.692147,0.000000,-0.214965,0.924242,0.315541,0.000000,0.759347,-0.045003,0.649127,0.000000,16.122226,0.000000,0.000002,1.000000;;
         }

         Frame Bip001_R_Forearm {
          

          FrameTransformMatrix {
           0.299269,-0.000000,-0.954169,0.000000,-0.000000,1.000000,0.000000,0.000000,0.954169,0.000000,0.299269,0.000000,44.136819,0.000000,0.000000,1.000000;;
          }

          Frame Bip001_R_Hand {
           

           FrameTransformMatrix {
            0.994184,0.020071,0.105808,0.000000,0.101502,-0.502998,-0.858307,0.000000,0.035995,0.864055,-0.502109,0.000000,37.683366,0.000015,0.000004,1.000000;;
           }

           Frame Bip001_R_Finger0 {
            

            FrameTransformMatrix {
             0.507051,0.208417,0.836338,0.000000,-0.787258,0.507013,0.350946,0.000000,-0.350891,-0.836362,0.421159,0.000000,4.289879,5.456833,2.394806,1.000000;;
            }

            Frame Bip001_R_Finger01 {
             

             FrameTransformMatrix {
              0.845231,-0.000000,0.534402,0.000000,0.000000,1.000000,0.000000,0.000000,-0.534402,-0.000000,0.845231,0.000000,3.875538,-0.000004,0.000000,1.000000;;
             }

             Frame Bip001_R_Finger02 {
              

              FrameTransformMatrix {
               0.717331,0.000000,0.696733,0.000000,-0.000000,1.000000,0.000000,0.000000,-0.696733,-0.000000,0.717331,0.000000,3.875549,-0.000008,-0.000008,1.000000;;
              }

              Frame Bip001_R_Finger0Nub {
               

               FrameTransformMatrix {
                -1.000000,0.000000,-0.000000,0.000000,0.000000,1.000000,-0.000000,0.000000,0.000000,-0.000000,-1.000000,0.000000,3.875534,0.000004,-0.000002,1.000000;;
               }
              }
             }
            }
           }

           Frame Bip001_R_Finger1 {
            

            FrameTransformMatrix {
             0.918251,0.000315,0.396000,0.000000,-0.000000,1.000000,-0.000796,0.000000,-0.396000,0.000731,0.918250,0.000000,11.734268,5.461189,-0.417770,1.000000;;
            }

            Frame Bip001_R_Finger11 {
             

             FrameTransformMatrix {
              0.361810,-0.000000,0.932252,0.000000,-0.000000,1.000000,0.000000,0.000000,-0.932252,-0.000000,0.361810,0.000000,4.650650,-0.000008,0.000015,1.000000;;
             }

             Frame Bip001_R_Finger12 {
              

              FrameTransformMatrix {
               0.141925,-0.000000,0.989877,0.000000,0.000000,1.000000,0.000000,0.000000,-0.989878,0.000000,0.141925,0.000000,4.650635,0.000000,0.000000,1.000000;;
              }

              Frame Bip001_R_Finger1Nub {
               

               FrameTransformMatrix {
                -1.000000,-0.000000,-0.000000,0.000000,-0.000000,1.000001,0.000000,0.000000,-0.000000,-0.000000,-1.000000,0.000000,4.650646,0.000008,0.000000,1.000000;;
               }
              }
             }
            }
           }

           Frame Bip001_R_Finger2 {
            

            FrameTransformMatrix {
             0.924595,-0.042567,0.378566,0.000000,0.054546,0.998291,-0.020970,0.000000,-0.377027,0.040038,0.925337,0.000000,11.686764,1.501297,-0.364792,1.000000;;
            }

            Frame Bip001_R_Finger21 {
             

             FrameTransformMatrix {
              0.348076,0.000000,0.937466,0.000000,-0.000000,1.000000,0.000000,0.000000,-0.937466,-0.000000,0.348076,0.000000,4.698433,0.000000,0.000031,1.000000;;
             }

             Frame Bip001_R_Finger22 {
              

              FrameTransformMatrix {
               0.030602,0.000000,0.999532,0.000000,0.000000,1.000000,0.000000,0.000000,-0.999532,0.000000,0.030602,0.000000,5.425736,0.000000,0.000000,1.000000;;
              }

              Frame Bip001_R_Finger2Nub {
               

               FrameTransformMatrix {
                -1.000000,0.000000,0.000000,0.000000,0.000000,1.000000,0.000000,0.000000,0.000000,-0.000000,-1.000000,0.000000,5.425751,-0.000015,-0.000008,1.000000;;
               }
              }
             }
            }
           }

           Frame Bip001_R_Finger3 {
            

            FrameTransformMatrix {
             0.935966,-0.064664,0.346102,0.000000,0.084190,0.995578,-0.041667,0.000000,-0.341878,0.068137,0.937271,0.000000,11.686188,-1.606110,-0.362915,1.000000;;
            }

            Frame Bip001_R_Finger31 {
             

             FrameTransformMatrix {
              0.419784,0.000000,0.907624,0.000000,0.000000,1.000000,-0.000000,0.000000,-0.907624,0.000000,0.419784,0.000000,4.316536,0.000015,-0.000015,1.000000;;
             }

             Frame Bip001_R_Finger32 {
              

              FrameTransformMatrix {
               0.000102,-0.000000,1.000000,0.000000,-0.000000,1.000000,-0.000000,0.000000,-1.000000,0.000000,0.000102,0.000000,4.650665,-0.000015,0.000008,1.000000;;
              }

              Frame Bip001_R_Finger3Nub {
               

               FrameTransformMatrix {
                -1.000000,0.000000,0.000000,0.000000,-0.000000,1.000000,0.000000,0.000000,0.000000,0.000000,-1.000000,0.000000,4.650642,0.000015,-0.000008,1.000000;;
               }
              }
             }
            }
           }

           Frame Bip001_R_Finger4 {
            

            FrameTransformMatrix {
             0.752888,-0.029285,0.657497,0.000000,0.043233,0.999053,-0.005008,0.000000,-0.656728,0.032196,0.753440,0.000000,10.216782,-4.386826,-0.631821,1.000000;;
            }

            Frame Bip001_R_Finger41 {
             

             FrameTransformMatrix {
              0.392584,0.000000,0.919716,0.000000,0.000000,1.000000,-0.000000,0.000000,-0.919716,0.000000,0.392584,0.000000,3.003704,0.000000,0.000000,1.000000;;
             }

             Frame Bip001_R_Finger42 {
              

              FrameTransformMatrix {
               0.022317,-0.000000,0.999751,0.000000,0.000000,1.000000,0.000000,0.000000,-0.999751,0.000000,0.022317,0.000000,3.003708,-0.000008,-0.000004,1.000000;;
              }

              Frame Bip001_R_Finger4Nub {
               

               FrameTransformMatrix {
                -1.000000,-0.000000,-0.000000,0.000000,0.000000,1.000000,0.000000,0.000000,-0.000000,0.000000,-1.000000,0.000000,3.003708,0.000008,0.000000,1.000000;;
               }
              }
             }
            }
           }
          }
         }
        }
       }

       Frame Bip001_Head {
        

        FrameTransformMatrix {
         0.879956,0.091766,-0.466107,0.000000,-0.432758,0.559560,-0.706833,0.000000,0.195952,0.823694,0.532101,0.000000,15.765397,-0.911513,-0.005150,1.000000;;
        }

        Frame Bip001_HeadNub {
         

         FrameTransformMatrix {
          1.000000,0.000000,0.000000,0.000000,-0.000000,1.000000,0.000000,0.000000,0.000000,0.000000,1.000000,0.000000,29.144013,-0.000002,0.000000,1.000000;;
         }
        }
       }
      }
     }
    }
   }

   Frame Bip001_L_Thigh {
    

    FrameTransformMatrix {
     -0.741493,0.278462,0.610449,0.000000,-0.026158,-0.921118,0.388404,0.000000,0.670451,0.272030,0.690286,0.000000,-14.544450,12.164782,3.897592,1.000000;;
    }

    Frame Bip001_L_Calf {
     

     FrameTransformMatrix {
      0.937890,-0.000000,-0.346934,0.000000,-0.000000,1.000000,-0.000000,0.000000,0.346934,0.000000,0.937890,0.000000,54.040736,0.000000,-0.000008,1.000000;;
     }

     Frame Bip001_L_Foot {
      

      FrameTransformMatrix {
       0.971540,0.105869,-0.211899,0.000000,-0.050537,0.966607,0.251231,0.000000,0.231420,-0.233372,0.944448,0.000000,58.826854,-0.000002,0.000008,1.000000;;
      }

      Frame Bip001_L_Toe0 {
       

       FrameTransformMatrix {
        0.000000,0.000000,1.000000,0.000000,-0.000000,1.000000,0.000000,0.000000,-1.000000,-0.000000,-0.000000,0.000000,14.261971,0.000000,18.354523,1.000000;;
       }

       Frame Bip001_L_Toe01 {
        

        FrameTransformMatrix {
         1.000000,0.000000,0.000000,0.000000,0.000000,1.000000,-0.000000,0.000000,0.000000,-0.000000,1.000000,0.000000,1.860260,0.000000,-0.000000,1.000000;;
        }

        Frame Bip001_L_Toe02 {
         

         FrameTransformMatrix {
          1.000000,0.000000,0.000000,0.000000,0.000000,1.000000,-0.000000,0.000000,0.000000,-0.000000,1.000000,0.000000,1.860260,0.000000,0.000000,1.000000;;
         }

         Frame Bip001_L_Toe0Nub {
          

          FrameTransformMatrix {
           -1.000000,-0.000000,-0.000000,0.000000,-0.000000,1.000000,0.000000,0.000000,-0.000000,0.000000,-1.000000,0.000000,1.860252,0.000001,-0.000000,1.000000;;
          }
         }
        }
       }
      }
     }
    }
   }

   Frame Bip001_R_Thigh {
    

    FrameTransformMatrix {
     -0.938449,-0.270621,0.214659,0.000000,0.201777,-0.933881,-0.295218,0.000000,0.280358,-0.233733,0.931004,0.000000,-13.563141,-12.446355,0.975500,1.000000;;
    }

    Frame Bip001_R_Calf {
     

     FrameTransformMatrix {
      0.834431,0.000000,-0.551113,0.000000,0.000000,1.000000,0.000000,0.000000,0.551112,-0.000000,0.834431,0.000000,53.736064,0.000000,-0.000001,1.000000;;
     }

     Frame Bip001_R_Foot {
      

      FrameTransformMatrix {
       0.858659,-0.233268,0.456389,0.000000,0.342768,0.923363,-0.172945,0.000000,-0.381070,0.304936,0.872811,0.000000,59.151942,0.000000,0.000002,1.000000;;
      }

      Frame Bip001_R_Toe0 {
       

       FrameTransformMatrix {
        -0.000000,-0.000000,1.000000,0.000000,-0.000000,1.000000,-0.000000,0.000000,-1.000000,-0.000000,0.000000,0.000000,14.261973,0.000004,18.354530,1.000000;;
       }

       Frame Bip001_R_Toe01 {
        

        FrameTransformMatrix {
         1.000000,-0.000000,0.000000,0.000000,-0.000000,1.000000,-0.000000,0.000000,0.000000,0.000000,1.000000,0.000000,1.860257,-0.000004,0.000000,1.000000;;
        }

        Frame Bip001_R_Toe02 {
         

         FrameTransformMatrix {
          1.000000,-0.000000,0.000000,0.000000,-0.000000,1.000000,-0.000000,0.000000,0.000000,0.000000,1.000000,0.000000,1.860258,0.000000,0.000000,1.000000;;
         }

         Frame Bip001_R_Toe0Nub {
          

          FrameTransformMatrix {
           1.000000,-0.000000,0.000000,0.000000,-0.000000,1.000000,-0.000000,0.000000,0.000000,0.000000,1.000000,0.000000,1.860256,0.000004,-0.000000,1.000000;;
          }
         }
        }
       }
      }
     }
    }
   }
  }
 }
}

Frame Box001 {
 

 FrameTransformMatrix {
  0.667112,0.000000,0.000000,0.000000,0.000000,0.696682,0.000000,0.000000,0.000000,0.000000,0.492662,0.000000,0.000000,0.000000,0.000000,1.000000;;
 }

 Mesh Box001 {
  24;
  44.461718;21.587154;212.279846;,
  40.400890;20.693962;210.362701;,
  43.107514;20.375578;208.700557;,
  41.755098;21.905539;213.941990;,
  44.321971;23.336992;211.192307;,
  40.261142;22.443800;209.275174;,
  41.615350;23.655376;212.854464;,
  42.967766;22.125418;207.613043;,
  44.461718;21.587154;212.279846;,
  41.615350;23.655376;212.854464;,
  41.755098;21.905539;213.941990;,
  44.321971;23.336992;211.192307;,
  41.755098;21.905539;213.941990;,
  40.261142;22.443800;209.275174;,
  40.400890;20.693962;210.362701;,
  41.615350;23.655376;212.854464;,
  40.400890;20.693962;210.362701;,
  42.967766;22.125418;207.613043;,
  43.107514;20.375578;208.700557;,
  40.261142;22.443800;209.275174;,
  43.107514;20.375578;208.700557;,
  44.321971;23.336992;211.192307;,
  44.461718;21.587154;212.279846;,
  42.967766;22.125418;207.613043;;
  12;
  3;0,1,2;,
  3;1,0,3;,
  3;4,5,6;,
  3;5,4,7;,
  3;8,9,10;,
  3;9,8,11;,
  3;12,13,14;,
  3;13,12,15;,
  3;16,17,18;,
  3;17,16,19;,
  3;20,21,22;,
  3;21,20,23;;

  MeshMaterialList {
   1;
   12;
   0,
   0,
   0,
   0,
   0,
   0,
   0,
   0,
   0,
   0,
   0,
   0;

   Material  {
    0.529412;0.231373;0.031373;1.000000;;
    0.000000;
    0.000000;0.000000;0.000000;;
    0.000000;0.000000;0.000000;;
   }
  }

  DeclData {
   2;
   2;0;3;0;,
   1;0;5;0;;
   120;
   1032772736,
   3212041909,
   1050121709,
   1065353216,
   1065353216,
   1032772736,
   3212041909,
   1050121709,
   0,
   0,
   1032772736,
   3212041909,
   1050121710,
   1065353216,
   0,
   1032772736,
   3212041909,
   1050121710,
   0,
   1065353216,
   3180256540,
   1064558260,
   3197605354,
   0,
   1065353216,
   3180256530,
   1064558259,
   3197605358,
   1065353216,
   0,
   3180256566,
   1064558261,
   3197605343,
   1065353216,
   1065353216,
   3180256503,
   1064558258,
   3197605369,
   0,
   0,
   1056902120,
   1056496828,
   1060622992,
   0,
   1065353216,
   1056902102,
   1056496793,
   1060623010,
   1065353216,
   0,
   1056902078,
   1056496745,
   1060623035,
   1065353216,
   1065353216,
   1056902145,
   1056496876,
   1060622967,
   0,
   0,
   3211851905,
   1039618028,
   1050765673,
   0,
   1065353216,
   3211851905,
   1039618028,
   1050765673,
   1065353216,
   0,
   3211851905,
   1039618028,
   1050765673,
   1065353216,
   1065353216,
   3211851905,
   1039618028,
   1050765673,
   0,
   0,
   3204385721,
   3203980389,
   3208106686,
   0,
   1065353216,
   3204385724,
   3203980386,
   3208106686,
   1065353216,
   0,
   3204385729,
   3203980380,
   3208106686,
   1065353216,
   1065353216,
   3204385716,
   3203980395,
   3208106685,
   0,
   0,
   1064368252,
   3187101814,
   3198249338,
   0,
   1065353216,
   1064368254,
   3187101913,
   3198249312,
   1065353216,
   0,
   1064368256,
   3187101979,
   3198249295,
   1065353216,
   1065353216,
   1064368250,
   3187101751,
   3198249356,
   0,
   0;
  }

  XSkinMeshHeader {
   1;
   1;
   1;
  }

  SkinWeights {
   "Bip001_L_Toe0Nub";
   24;
   0,
   1,
   2,
   3,
   4,
   5,
   6,
   7,
   8,
   9,
   10,
   11,
   12,
   13,
   14,
   15,
   16,
   17,
   18,
   19,
   20,
   21,
   22,
   23;
   1.000000,
   1.000000,
   1.000000,
   1.000000,
   1.000000,
   1.000000,
   1.000000,
   1.000000,
   1.000000,
   1.000000,
   1.000000,
   1.000000,
   1.000000,
   1.000000,
   1.000000,
   1.000000,
   1.000000,
   1.000000,
   1.000000,
   1.000000,
   1.000000,
   1.000000,
   1.000000,
   1.000000;
   -0.091216,0.660819,0.006008,0.000000,-0.007222,0.005337,-0.696624,0.000000,-0.488008,-0.067403,0.004543,0.000000,76.509574,9.112321,0.377685,1.000000;;
  }
 }
}

AnimTicksPerSecond  {
 4800;
}

AnimationSet Anim1 {
 

 Animation {
  
  { Bip001 }

  AnimationKey S {
   1;
   2;
   0;3;1.000000,1.000000,1.000000;;,
   12000;3;1.000000,1.000000,1.000000;;;
  }

  AnimationKey R {
   0;
   76;
   0;4;0.939693,0.000000,0.342020,0.000000;;,
   160;4;0.939539,0.005223,0.342128,-0.013703;;,
   320;4;0.939200,0.010693,0.342054,-0.028058;;,
   480;4;0.938625,0.015666,0.342123,-0.041098;;,
   640;4;0.937869,0.019400,0.342695,-0.050858;;,
   800;4;0.936562,0.020845,0.345644,-0.054291;;,
   960;4;0.935244,0.020532,0.349400,-0.053072;;,
   1120;4;0.935378,0.020101,0.349179,-0.052329;;,
   1280;4;0.937407,0.020103,0.343469,-0.053784;;,
   1440;4;0.940374,0.020023,0.334973,-0.055580;;,
   1600;4;0.943670,0.019900,0.325249,-0.057482;;,
   1760;4;0.946743,0.019770,0.315874,-0.059256;;,
   1920;4;0.950463,0.019530,0.304136,-0.061155;;,
   2080;4;0.954122,0.019256,0.292089,-0.062966;;,
   2240;4;0.955138,0.019270,0.288569,-0.063784;;,
   2400;4;0.953845,0.019559,0.292829,-0.063622;;,
   2560;4;0.951900,0.019921,0.299180,-0.063099;;,
   2720;4;0.948784,0.020400,0.309067,-0.062215;;,
   2880;4;0.943889,0.021036,0.323904,-0.060970;;,
   3040;4;0.936452,0.021868,0.345047,-0.059349;;,
   3200;4;0.924533,0.023381,0.376028,-0.057400;;,
   3360;4;0.907235,0.025418,0.416250,-0.054899;;,
   3520;4;0.885554,0.027054,0.460886,-0.051441;;,
   3680;4;0.861208,0.027388,0.505363,-0.046673;;,
   3840;4;0.831682,0.025356,0.553298,-0.039031;;,
   4000;4;0.796695,0.021548,0.603285,-0.029325;;,
   4160;4;0.763868,0.017659,0.644791,-0.020920;;,
   4320;4;0.737587,0.013711,0.674946,-0.014995;;,
   4480;4;0.715741,0.009750,0.698219,-0.010466;;,
   4640;4;0.697708,0.007551,0.716305,-0.007355;;,
   4800;4;0.684410,0.007344,0.729042,-0.005255;;,
   4960;4;0.674859,0.008150,0.737892,-0.003890;;,
   5120;4;0.665165,0.009916,0.746622,-0.003461;;,
   5280;4;0.651227,0.012584,0.758767,-0.004167;;,
   5440;4;0.630792,0.018518,0.775689,-0.008079;;,
   5600;4;0.604705,0.026071,0.795902,-0.013882;;,
   5760;4;0.573436,0.029169,0.818561,-0.016699;;,
   5920;4;0.535691,0.025845,0.843889,-0.014825;;,
   6080;4;0.492550,0.019362,0.870002,-0.010757;;,
   6240;4;0.448613,0.011547,0.893632,-0.005958;;,
   6400;4;0.409035,0.004273,0.912507,-0.001915;;,
   6560;4;0.373558,-0.002742,0.927603,-0.000517;;,
   6720;4;0.344527,-0.009837,0.938725,0.000384;;,
   6880;4;0.331568,-0.015213,0.943294,0.005347;;,
   7040;4;0.333370,-0.018829,0.942461,0.016667;;,
   7200;4;0.341563,-0.021831,0.939076,0.031522;;,
   7360;4;0.355203,-0.024202,0.933304,0.046783;;,
   7520;4;0.373371,-0.025930,0.925420,0.059329;;,
   7680;4;0.395180,-0.027009,0.915828,0.066048;;,
   7840;4;0.426947,-0.026194,0.901915,0.059838;;,
   8000;4;0.469831,-0.023554,0.881388,0.043118;;,
   8160;4;0.515583,-0.021088,0.856149,0.027191;;,
   8320;4;0.563315,-0.019427,0.825855,0.016203;;,
   8480;4;0.612939,-0.017926,0.789904,0.006055;;,
   8640;4;0.658698,-0.016743,0.752209,-0.004211;;,
   8800;4;0.700787,-0.016944,0.712979,-0.016515;;,
   8960;4;0.739107,-0.017477,0.672743,-0.028860;;,
   9120;4;0.769204,-0.015365,0.637782,-0.036364;;,
   9280;4;0.791033,-0.008875,0.610540,-0.037792;;,
   9440;4;0.808315,-0.000027,0.587646,-0.036051;;,
   9600;4;0.822915,0.008484,0.567168,-0.032548;;,
   9760;4;0.836516,0.013965,0.547013,-0.028689;;,
   9920;4;0.849168,0.013503,0.527445,-0.023084;;,
   10080;4;0.859817,0.009252,0.510266,-0.016049;;,
   10240;4;0.868438,0.006123,0.495625,-0.011552;;,
   10400;4;0.875865,0.005262,0.482429,-0.009795;;,
   10560;4;0.882919,0.004522,0.469430,-0.008313;;,
   10720;4;0.889639,0.003887,0.456594,-0.007068;;,
   10880;4;0.896057,0.003339,0.443886,-0.006020;;,
   11040;4;0.902205,0.002861,0.431269,-0.005131;;,
   11200;4;0.908110,0.002436,0.418702,-0.004360;;,
   11360;4;0.913798,0.002045,0.406147,-0.003668;;,
   11520;4;0.919292,0.001672,0.393560,-0.003015;;,
   11680;4;0.924613,0.001299,0.380899,-0.002362;;,
   11840;4;0.929777,0.000907,0.368119,-0.001668;;,
   12000;4;0.934799,0.000480,0.355175,-0.000894;;;
  }

  AnimationKey T {
   2;
   76;
   0;3;0.000000,117.697126,0.000000;;,
   160;3;0.017300,117.689267,0.027939;;,
   320;3;0.010194,117.681446,0.018602;;,
   480;3;0.015290,117.626547,0.027903;;,
   640;3;0.069201,117.527514,0.111756;;,
   800;3;0.208537,117.419520,0.326075;;,
   960;3;0.389346,117.304013,0.640934;;,
   1120;3;0.570974,117.182349,1.001681;;,
   1280;3;0.794975,117.055910,1.427144;;,
   1440;3;1.102904,116.926106,1.936149;;,
   1600;3;1.536316,116.794330,2.547523;;,
   1760;3;2.136767,116.661978,3.280096;;,
   1920;3;3.186896,116.427430,4.444269;;,
   2080;3;4.738958,116.116902,6.017923;;,
   2240;3;6.488932,115.923507,7.521096;;,
   2400;3;8.416358,116.040397,8.923868;;,
   2560;3;10.537891,116.420672,10.363426;;,
   2720;3;12.605186,116.878938,11.610474;;,
   2880;3;14.369893,117.400461,12.435716;;,
   3040;3;15.801755,117.970560,12.780556;;,
   3200;3;17.021232,118.574541,12.766434;;,
   3360;3;18.006066,119.197696,12.434110;;,
   3520;3;18.733990,119.825331,11.824344;;,
   3680;3;19.131069,120.442752,10.700615;;,
   3840;3;19.084614,121.035251,9.059500;;,
   4000;3;18.514230,121.817715,7.291392;;,
   4160;3;17.417395,122.814758,5.382733;;,
   4320;3;15.965624,123.726285,3.288327;;,
   4480;3;14.339590,124.252237,1.351121;;,
   4640;3;12.719968,124.092518,-0.085939;;,
   4800;3;10.961670,123.321536,-0.734750;;,
   4960;3;9.107703,122.260531,-0.697638;;,
   5120;3;7.620861,120.979571,-0.217302;;,
   5280;3;6.401125,119.548723,0.874835;;,
   5440;3;5.548514,118.038080,2.410199;;,
   5600;3;5.825902,116.517709,3.640351;;,
   5760;3;7.107356,115.057690,4.479232;;,
   5920;3;8.698184,113.728090,5.321290;;,
   6080;3;10.508106,112.598989,6.138869;;,
   6240;3;12.446838,111.800115,6.904307;;,
   6400;3;14.424102,111.342630,7.589946;;,
   6560;3;16.349618,111.118912,8.168130;;,
   6720;3;18.133101,111.021274,8.611198;;,
   6880;3;19.684272,110.982042,8.891488;;,
   7040;3;21.109410,111.009139,8.873909;;,
   7200;3;22.500589,111.108211,8.524646;;,
   7360;3;23.746277,111.284954,7.967954;;,
   7520;3;24.734914,111.544998,7.328098;;,
   7680;3;25.354939,111.894029,6.729339;;,
   7840;3;25.494813,112.316723,6.295932;;,
   8000;3;24.732723,112.787776,6.004554;;,
   8160;3;23.001261,113.298061,5.786773;;,
   8320;3;20.720462,113.838362,5.699188;;,
   8480;3;18.310368,114.399475,5.798403;;,
   8640;3;15.331539,114.972198,6.276474;;,
   8800;3;11.873926,115.547328,7.053093;;,
   8960;3;9.151680,116.115712,7.776307;;,
   9120;3;7.395298,116.668109,8.461767;;,
   9280;3;6.043662,117.195354,9.198041;;,
   9440;3;5.123454,117.688230,9.742571;;,
   9600;3;4.661359,118.137562,9.852797;;,
   9760;3;4.842891,118.534118,9.407964;;,
   9920;3;5.594352,118.672806,8.556127;;,
   10080;3;6.553610,118.503603,7.457944;;,
   10240;3;7.358533,118.249920,6.274068;;,
   10400;3;8.073550,118.135206,4.636756;;,
   10560;3;8.728792,118.296077,2.751893;;,
   10720;3;8.910670,118.571584,1.640603;;,
   10880;3;8.624052,118.738867,1.586200;;,
   11040;3;8.158283,118.689037,2.000769;;,
   11200;3;7.526470,118.530995,2.598581;;,
   11360;3;6.741740,118.368435,3.093889;;,
   11520;3;5.817195,118.236762,3.200965;;,
   11680;3;4.624022,118.102835,2.748322;;,
   11840;3;3.140710,117.967590,1.909459;;,
   12000;3;1.541341,117.832026,0.916107;;;
  }
 }

 Animation {
  
  { Bip001_Pelvis }

  AnimationKey S {
   1;
   2;
   0;3;1.000000,1.000000,1.000000;;,
   12000;3;1.000000,1.000000,1.000000;;;
  }

  AnimationKey R {
   0;
   2;
   0;4;-0.487542,0.512155,0.487542,0.512155;;,
   12000;4;-0.487542,0.512155,0.487542,0.512155;;;
  }

  AnimationKey T {
   2;
   2;
   0;3;0.000000,0.000000,0.000000;;,
   12000;3;0.000000,0.000000,0.000000;;;
  }
 }

 Animation {
  
  { Bip001_Spine }

  AnimationKey S {
   1;
   2;
   0;3;1.000000,1.000000,1.000000;;,
   12000;3;1.000000,1.000000,1.000000;;;
  }

  AnimationKey R {
   0;
   76;
   0;4;0.994515,0.057140,0.084045,0.024719;;,
   160;4;0.994806,0.053992,0.081587,0.028111;;,
   320;4;0.995082,0.050749,0.078979,0.031619;;,
   480;4;0.995338,0.047428,0.076245,0.035222;;,
   640;4;0.995569,0.044044,0.073413,0.038899;;,
   800;4;0.995772,0.040615,0.070509,0.042630;;,
   960;4;0.995943,0.037157,0.067558,0.046394;;,
   1120;4;0.996081,0.033687,0.064587,0.050170;;,
   1280;4;0.996183,0.030222,0.061623,0.053937;;,
   1440;4;0.996249,0.026777,0.058692,0.057675;;,
   1600;4;0.996279,0.023370,0.055820,0.061364;;,
   1760;4;0.996275,0.020017,0.053034,0.064981;;,
   1920;4;0.996238,0.016735,0.050361,0.068508;;,
   2080;4;0.996171,0.013541,0.047827,0.071924;;,
   2240;4;0.996076,0.010452,0.045458,0.075207;;,
   2400;4;0.995959,0.007483,0.043282,0.078339;;,
   2560;4;0.995822,0.004653,0.041324,0.081298;;,
   2720;4;0.995671,0.001977,0.039611,0.084064;;,
   2880;4;0.995510,-0.000528,0.038171,0.086618;;,
   3040;4;0.995345,-0.002844,0.037028,0.088939;;,
   3200;4;0.995179,-0.004957,0.036211,0.091007;;,
   3360;4;0.995080,-0.006109,0.036570,0.091874;;,
   3520;4;0.995085,-0.005825,0.038750,0.090947;;,
   3680;4;0.995140,-0.004506,0.042460,0.088736;;,
   3840;4;0.995184,-0.002552,0.047413,0.085752;;,
   4000;4;0.995163,-0.000365,0.053320,0.082505;;,
   4160;4;0.995032,0.001653,0.059891,0.079506;;,
   4320;4;0.994763,0.003102,0.066839,0.077268;;,
   4480;4;0.994063,0.004206,0.077936,0.075809;;,
   4640;4;0.992823,0.005287,0.093280,0.074654;;,
   4800;4;0.991504,0.006091,0.107085,0.073588;;,
   4960;4;0.990864,0.006366,0.113594,0.072420;;,
   5120;4;0.991576,0.005740,0.107979,0.071303;;,
   5280;4;0.993041,0.004448,0.094401,0.070268;;,
   5440;4;0.994351,0.003151,0.080622,0.068960;;,
   5600;4;0.994966,0.002510,0.074439,0.067049;;,
   5760;4;0.995069,0.002470,0.075203,0.064619;;,
   5920;4;0.995102,0.002524,0.076959,0.061998;;,
   6080;4;0.995066,0.002657,0.079552,0.059228;;,
   6240;4;0.994965,0.002851,0.082824,0.056354;;,
   6400;4;0.994803,0.003093,0.086621,0.053418;;,
   6560;4;0.994585,0.003365,0.090786,0.050464;;,
   6720;4;0.994319,0.003652,0.095164,0.047535;;,
   6880;4;0.994016,0.003937,0.099599,0.044676;;,
   7040;4;0.993691,0.004205,0.103936,0.041930;;,
   7200;4;0.993360,0.004441,0.108020,0.039342;;,
   7360;4;0.993044,0.004627,0.111696,0.036955;;,
   7520;4;0.992766,0.004749,0.114812,0.034814;;,
   7680;4;0.992548,0.004790,0.117211,0.032963;;,
   7840;4;0.992364,0.004658,0.119210,0.031315;;,
   8000;4;0.992172,0.004302,0.121207,0.029755;;,
   8160;4;0.991974,0.003765,0.123180,0.028280;;,
   8320;4;0.991775,0.003094,0.125102,0.026892;;,
   8480;4;0.991576,0.002332,0.126949,0.025589;;,
   8640;4;0.991383,0.001524,0.128696,0.024370;;,
   8800;4;0.991200,0.000715,0.130319,0.023235;;,
   8960;4;0.991029,-0.000051,0.131792,0.022184;;,
   9120;4;0.990876,-0.000729,0.133092,0.021215;;,
   9280;4;0.990746,-0.001274,0.134193,0.020328;;,
   9440;4;0.990642,-0.001642,0.135071,0.019522;;,
   9600;4;0.990570,-0.001787,0.135701,0.018797;;,
   9760;4;0.990533,-0.001666,0.136059,0.018152;;,
   9920;4;0.990536,-0.001234,0.136120,0.017587;;,
   10080;4;0.990581,-0.000445,0.135859,0.017100;;,
   10240;4;0.990670,0.000743,0.135251,0.016692;;,
   10400;4;0.990807,0.002378,0.134272,0.016360;;,
   10560;4;0.991036,0.004790,0.132514,0.016251;;,
   10720;4;0.991383,0.008179,0.129697,0.016473;;,
   10880;4;0.991809,0.012391,0.125987,0.016975;;,
   11040;4;0.992277,0.017271,0.121548,0.017702;;,
   11200;4;0.992752,0.022664,0.116546,0.018604;;,
   11360;4;0.993204,0.028416,0.111146,0.019626;;,
   11520;4;0.993608,0.034371,0.105514,0.020718;;,
   11680;4;0.993946,0.040376,0.099820,0.021825;;,
   11840;4;0.994211,0.046274,0.094231,0.022895;;,
   12000;4;0.994399,0.051914,0.088916,0.023878;;;
  }

  AnimationKey T {
   2;
   55;
   0;3;14.246781,-0.703362,-0.012578;;,
   320;3;14.246742,-0.703288,-0.012597;;,
   480;3;14.246605,-0.703131,-0.012636;;,
   800;3;14.246522,-0.703048,-0.012654;;,
   960;3;14.246368,-0.702880,-0.012691;;,
   1280;3;14.246293,-0.702793,-0.012709;;,
   1440;3;14.246139,-0.702621,-0.012737;;,
   1760;3;14.246101,-0.702536,-0.012747;;,
   1920;3;14.245941,-0.702366,-0.012772;;,
   2240;3;14.245896,-0.702284,-0.012779;;,
   2400;3;14.245773,-0.702127,-0.012793;;,
   2720;3;14.245750,-0.702055,-0.012796;;,
   2880;3;14.245690,-0.701921,-0.012802;;,
   3520;3;14.245643,-0.701861,-0.012806;;,
   3680;3;14.245766,-0.701828,-0.012798;;,
   3840;3;14.245902,-0.701889,-0.012787;;,
   4000;3;14.246048,-0.701950,-0.012772;;,
   4160;3;14.246200,-0.702011,-0.012753;;,
   4320;3;14.246406,-0.702057,-0.012730;;,
   4480;3;14.246666,-0.702105,-0.012689;;,
   4640;3;14.247048,-0.702160,-0.012621;;,
   4800;3;14.247414,-0.702202,-0.012550;;,
   4960;3;14.247574,-0.702217,-0.012513;;,
   5120;3;14.247421,-0.702188,-0.012545;;,
   5280;3;14.247093,-0.702127,-0.012617;;,
   5440;3;14.246734,-0.702066,-0.012678;;,
   5600;3;14.246566,-0.702034,-0.012703;;,
   5920;3;14.246582,-0.702031,-0.012701;;,
   6080;3;14.246720,-0.702030,-0.012681;;,
   6240;3;14.246795,-0.702030,-0.012668;;,
   6400;3;14.246902,-0.702038,-0.012651;;,
   6560;3;14.246994,-0.702042,-0.012631;;,
   6720;3;14.247109,-0.702051,-0.012611;;,
   6880;3;14.247230,-0.702053,-0.012589;;,
   7040;3;14.247330,-0.702061,-0.012566;;,
   7200;3;14.247451,-0.702063,-0.012543;;,
   7520;3;14.247528,-0.702065,-0.012524;;,
   7680;3;14.247658,-0.702063,-0.012487;;,
   8000;3;14.247710,-0.702055,-0.012478;;,
   8160;3;14.247818,-0.702028,-0.012455;;,
   8640;3;14.247878,-0.702011,-0.012444;;,
   8800;3;14.248002,-0.701941,-0.012410;;,
   9760;3;14.248046,-0.701920,-0.012401;;,
   9920;3;14.248162,-0.701879,-0.012369;;,
   10400;3;14.248139,-0.701895,-0.012372;;,
   10560;3;14.248046,-0.702025,-0.012394;;,
   10720;3;14.247994,-0.702112,-0.012412;;,
   10880;3;14.247894,-0.702219,-0.012434;;,
   11040;3;14.247779,-0.702345,-0.012458;;,
   11200;3;14.247643,-0.702481,-0.012483;;,
   11360;3;14.247514,-0.702630,-0.012506;;,
   11520;3;14.247352,-0.702781,-0.012528;;,
   11680;3;14.247216,-0.702936,-0.012547;;,
   11840;3;14.247062,-0.703086,-0.012561;;,
   12000;3;14.246925,-0.703229,-0.012571;;;
  }
 }

 Animation {
  
  { Bip001_Spine1 }

  AnimationKey S {
   1;
   2;
   0;3;1.000000,1.000000,1.000000;;,
   12000;3;1.000000,1.000000,1.000000;;;
  }

  AnimationKey R {
   0;
   76;
   0;4;0.998824,-0.042874,-0.012495,-0.018902;;,
   160;4;0.998848,-0.043305,-0.010002,-0.018077;;,
   320;4;0.998858,-0.043887,-0.007587,-0.017281;;,
   480;4;0.998855,-0.044592,-0.005238,-0.016509;;,
   640;4;0.998841,-0.045395,-0.002940,-0.015757;;,
   800;4;0.998816,-0.046269,-0.000679,-0.015019;;,
