xof 0303txt 0032
template Frame {
 <3d82ab46-62da-11cf-ab39-0020af71e433>
 [...]
}

template Matrix4x4 {
 <f6f23f45-7686-11cf-8f52-0040333594a3>
 array FLOAT matrix[16];
}

template FrameTransformMatrix {
 <f6f23f41-7686-11cf-8f52-0040333594a3>
 Matrix4x4 frameMatrix;
}

template Vector {
 <3d82ab5e-62da-11cf-ab39-0020af71e433>
 FLOAT x;
 FLOAT y;
 FLOAT z;
}

template MeshFace {
 <3d82ab5f-62da-11cf-ab39-0020af71e433>
 DWORD nFaceVertexIndices;
 array DWORD faceVertexIndices[nFaceVertexIndices];
}

template Mesh {
 <3d82ab44-62da-11cf-ab39-0020af71e433>
 DWORD nVertices;
 array Vector vertices[nVertices];
 DWORD nFaces;
 array MeshFace faces[nFaces];
 [...]
}

template ColorRGBA {
 <35ff44e0-6c7c-11cf-8f52-0040333594a3>
 FLOAT red;
 FLOAT green;
 FLOAT blue;
 FLOAT alpha;
}

template ColorRGB {
 <d3e16e81-7835-11cf-8f52-0040333594a3>
 FLOAT red;
 FLOAT green;
 FLOAT blue;
}

template Material {
 <3d82ab4d-62da-11cf-ab39-0020af71e433>
 ColorRGBA faceColor;
 FLOAT power;
 ColorRGB specularColor;
 ColorRGB emissiveColor;
 [...]
}

template MeshMaterialList {
 <f6f23f42-7686-11cf-8f52-0040333594a3>
 DWORD nMaterials;
 DWORD nFaceIndexes;
 array DWORD faceIndexes[nFaceIndexes];
 [Material <3d82ab4d-62da-11cf-ab39-0020af71e433>]
}

template VertexElement {
 <f752461c-1e23-48f6-b9f8-8350850f336f>
 DWORD Type;
 DWORD Method;
 DWORD Usage;
 DWORD UsageIndex;
}

template DeclData {
 <bf22e553-292c-4781-9fea-62bd554bdd93>
 DWORD nElements;
 array VertexElement Elements[nElements];
 DWORD nDWords;
 array DWORD data[nDWords];
}

template XSkinMeshHeader {
 <3cf169ce-ff7c-44ab-93c0-f78f62d172e2>
 WORD nMaxSkinWeightsPerVertex;
 WORD nMaxSkinWeightsPerFace;
 WORD nBones;
}

template SkinWeights {
 <6f0d123b-bad2-4167-a0d0-80224f25fabb>
 STRING transformNodeName;
 DWORD nWeights;
 array DWORD vertexIndices[nWeights];
 array FLOAT weights[nWeights];
 Matrix4x4 matrixOffset;
}

template AnimTicksPerSecond {
 <9e415a43-7ba6-4a73-8743-b73d47e88476>
 DWORD AnimTicksPerSecond;
}

template Animation {
 <3d82ab4f-62da-11cf-ab39-0020af71e433>
 [...]
}

template AnimationSet {
 <3d82ab50-62da-11cf-ab39-0020af71e433>
 [Animation <3d82ab4f-62da-11cf-ab39-0020af71e433>]
}

template FloatKeys {
 <10dd46a9-775b-11cf-8f52-0040333594a3>
 DWORD nValues;
 array FLOAT values[nValues];
}

template TimedFloatKeys {
 <f406b180-7b3b-11cf-8f52-0040333594a3>
 DWORD time;
 FloatKeys tfkeys;
}

template AnimationKey {
 <10dd46a8-775b-11cf-8f52-0040333594a3>
 DWORD keyType;
 DWORD nKeys;
 array TimedFloatKeys keys[nKeys];
}


Frame Bip001 {
 

 FrameTransformMatrix {
  -0.001703,-0.001190,-0.999998,0.000000,-0.003750,0.999992,-0.001183,0.000000,0.999992,0.003748,-0.001707,0.000000,-0.479831,115.069402,0.060048,1.000000;;
 }

 Frame Bip001_Pelvis {
  

  FrameTransformMatrix {
   0.000000,0.999725,0.023459,0.000000,-0.000001,-0.023459,0.999725,0.000000,1.000000,-0.000000,0.000001,0.000000,0.000000,0.000000,0.000000,1.000000;;
  }

  Frame Bip001_Spine {
   

   FrameTransformMatrix {
    0.906348,-0.243403,0.345383,0.000000,0.017751,0.838622,0.544424,0.000000,-0.422160,-0.487307,0.764404,0.000000,14.263474,-0.328320,-0.009809,1.000000;;
   }

   Frame Bip001_Spine1 {
    

    FrameTransformMatrix {
     0.999901,0.000000,-0.014116,0.000000,-0.000000,1.000000,0.000000,0.000000,0.014116,0.000000,0.999900,0.000000,16.122032,-0.000000,-0.012836,1.000000;;
    }

    Frame Bip001_Spine2 {
     

     FrameTransformMatrix {
      0.999956,0.000000,-0.009364,0.000000,-0.000000,1.000000,0.000000,0.000000,0.009364,-0.000000,0.999956,0.000000,16.122117,0.000001,-0.012829,1.000000;;
     }

     Frame Bip001_Spine3 {
      

      FrameTransformMatrix {
       0.999898,0.000000,0.014257,0.000000,-0.000000,1.000000,-0.000000,0.000000,-0.014256,-0.000000,0.999898,0.000000,16.122406,0.000000,-0.012833,1.000000;;
      }

      Frame Bip001_Neck {
       

       FrameTransformMatrix {
        0.968584,0.000001,0.248688,0.000000,-0.000001,1.000000,-0.000000,0.000000,-0.248688,-0.000000,0.968584,0.000000,16.124054,0.000001,-0.007183,1.000000;;
       }

       Frame Bip001_L_Clavicle {
        

        FrameTransformMatrix {
         0.168791,0.983020,-0.071984,0.000000,0.953587,-0.181340,-0.240389,0.000000,-0.249361,-0.028067,-0.968004,0.000000,0.000000,4.340598,0.007393,1.000000;;
        }

        Frame Bip001_L_UpperArm {
         

         FrameTransformMatrix {
          0.580632,-0.495440,-0.646069,0.000000,0.654287,0.756203,0.008120,0.000000,0.484537,-0.427429,0.763236,0.000000,16.122222,0.000000,-0.000004,1.000000;;
         }

         Frame Bip001_L_Forearm {
          

          FrameTransformMatrix {
           0.105748,-0.000000,-0.994393,0.000000,0.000000,1.000000,-0.000000,0.000000,0.994393,0.000000,0.105748,0.000000,44.136813,0.000015,0.000000,1.000000;;
          }

          Frame Bip001_L_Hand {
           

           FrameTransformMatrix {
            0.981935,-0.026115,0.187406,0.000000,-0.189208,-0.125574,0.973875,0.000000,-0.001899,-0.991741,-0.128246,0.000000,37.683366,-0.000015,-0.000004,1.000000;;
           }

           Frame Bip001_L_Finger0 {
            

            FrameTransformMatrix {
             0.458539,-0.296078,0.837902,0.000000,0.846348,-0.142026,-0.513346,0.000000,0.270994,0.944546,0.185460,0.000000,4.289871,-5.456856,2.394806,1.000000;;
            }

            Frame Bip001_L_Finger01 {
             

             FrameTransformMatrix {
              0.926974,0.000000,0.375125,0.000000,0.000000,1.000000,0.000000,0.000000,-0.375125,-0.000000,0.926974,0.000000,3.875534,0.000000,-0.000008,1.000000;;
             }

             Frame Bip001_L_Finger02 {
              

              FrameTransformMatrix {
               0.944212,-0.000000,0.329340,0.000000,0.000000,1.000000,-0.000000,0.000000,-0.329340,0.000000,0.944212,0.000000,3.875549,-0.000008,0.000004,1.000000;;
              }

              Frame Bip001_L_Finger0Nub {
               

               FrameTransformMatrix {
                1.000000,0.000000,-0.000000,0.000000,0.000000,1.000000,-0.000000,0.000000,0.000000,0.000000,1.000000,0.000000,3.875519,0.000008,0.000000,1.000000;;
               }
              }
             }
            }
           }

           Frame Bip001_L_Finger1 {
            

            FrameTransformMatrix {
             0.817774,-0.000458,0.575539,0.000000,0.000000,1.000000,0.000796,0.000000,-0.575539,-0.000651,0.817774,0.000000,11.734268,-5.461197,-0.417755,1.000000;;
            }

            Frame Bip001_L_Finger11 {
             

             FrameTransformMatrix {
              0.377517,0.000000,0.926003,0.000000,0.000000,1.000000,-0.000000,0.000000,-0.926003,0.000000,0.377517,0.000000,4.650646,0.000008,0.000000,1.000000;;
             }

             Frame Bip001_L_Finger12 {
              

              FrameTransformMatrix {
               0.969063,-0.000000,0.246815,0.000000,-0.000000,1.000000,0.000000,0.000000,-0.246815,0.000000,0.969062,0.000000,4.650650,-0.000008,-0.000004,1.000000;;
              }

              Frame Bip001_L_Finger1Nub {
               

               FrameTransformMatrix {
                1.000000,0.000000,0.000000,0.000000,0.000000,1.000000,0.000000,0.000000,0.000000,0.000000,1.000000,0.000000,4.650650,0.000008,-0.000004,1.000000;;
               }
              }
             }
            }
           }

           Frame Bip001_L_Finger2 {
            

            FrameTransformMatrix {
             0.899306,0.039990,0.435488,0.000000,-0.054546,0.998291,0.020970,0.000000,-0.433905,-0.042612,0.899950,0.000000,11.686764,-1.501312,-0.364792,1.000000;;
            }

            Frame Bip001_L_Finger21 {
             

             FrameTransformMatrix {
              0.453947,0.000000,0.891029,0.000000,0.000000,1.000000,0.000000,0.000000,-0.891029,-0.000000,0.453947,0.000000,4.698440,0.000000,0.000000,1.000000;;
             }

             Frame Bip001_L_Finger22 {
              

              FrameTransformMatrix {
               0.453947,0.000000,0.891029,0.000000,-0.000000,1.000000,0.000000,0.000000,-0.891028,0.000000,0.453947,0.000000,5.425751,0.000000,-0.000008,1.000000;;
              }

              Frame Bip001_L_Finger2Nub {
               

               FrameTransformMatrix {
                1.000000,-0.000000,0.000000,0.000000,0.000000,1.000000,-0.000000,0.000000,0.000000,0.000000,1.000000,0.000000,5.425751,0.000008,-0.000008,1.000000;;
               }
              }
             }
            }
           }

           Frame Bip001_L_Finger3 {
            

            FrameTransformMatrix {
             0.956688,0.069065,0.282805,0.000000,-0.084190,0.995578,0.041667,0.000000,-0.278677,-0.063672,0.958272,0.000000,11.686188,1.606102,-0.362915,1.000000;;
            }

            Frame Bip001_L_Finger31 {
             

             FrameTransformMatrix {
              0.564891,-0.000000,0.825166,0.000000,0.000000,1.000000,0.000000,0.000000,-0.825166,-0.000000,0.564891,0.000000,4.316544,0.000000,0.000000,1.000000;;
             }

             Frame Bip001_L_Finger32 {
              

              FrameTransformMatrix {
               0.564891,0.000000,0.825166,0.000000,-0.000000,1.000000,0.000000,0.000000,-0.825166,0.000000,0.564891,0.000000,4.650650,-0.000008,0.000000,1.000000;;
              }

              Frame Bip001_L_Finger3Nub {
               

               FrameTransformMatrix {
                1.000000,-0.000000,0.000000,0.000000,0.000000,1.000000,0.000000,0.000000,-0.000000,0.000000,1.000000,0.000000,4.650650,0.000000,0.000000,1.000000;;
               }
              }
             }
            }
           }

           Frame Bip001_L_Finger4 {
            

            FrameTransformMatrix {
             0.854712,0.034390,0.517962,0.000000,-0.043233,0.999053,0.005008,0.000000,-0.517299,-0.026673,0.855389,0.000000,10.216782,4.386833,-0.631805,1.000000;;
            }

            Frame Bip001_L_Finger41 {
             

             FrameTransformMatrix {
              0.649228,-0.000000,0.760594,0.000000,0.000000,1.000000,0.000000,0.000000,-0.760594,-0.000000,0.649228,0.000000,3.003704,0.000000,0.000000,1.000000;;
             }

             Frame Bip001_L_Finger42 {
              

              FrameTransformMatrix {
               0.649228,0.000000,0.760594,0.000000,0.000000,1.000000,-0.000000,0.000000,-0.760594,0.000000,0.649228,0.000000,3.003708,0.000008,-0.000008,1.000000;;
              }

              Frame Bip001_L_Finger4Nub {
               

               FrameTransformMatrix {
                1.000000,-0.000000,0.000000,0.000000,0.000000,1.000000,0.000000,0.000000,0.000000,-0.000000,1.000000,0.000000,3.003708,0.000008,-0.000008,1.000000;;
               }
              }
             }
            }
           }
          }
         }
        }
       }

       Frame Bip001_R_Clavicle {
        

        FrameTransformMatrix {
         0.203214,-0.974730,0.092768,0.000000,-0.947492,-0.171870,0.269665,0.000000,-0.246907,-0.142697,-0.958475,0.000000,0.000015,-4.340600,0.007423,1.000000;;
        }

        Frame Bip001_R_UpperArm {
         

         FrameTransformMatrix {
          0.064791,0.458356,-0.886404,0.000000,-0.896744,0.416431,0.149788,0.000000,0.437782,0.785172,0.438009,0.000000,16.122221,0.000000,0.000000,1.000000;;
         }

         Frame Bip001_R_Forearm {
          

          FrameTransformMatrix {
           -0.035944,0.000000,-0.999354,0.000000,-0.000000,1.000000,0.000000,0.000000,0.999354,0.000000,-0.035944,0.000000,44.136810,0.000000,0.000000,1.000000;;
          }

          Frame Bip001_R_Hand {
           

           FrameTransformMatrix {
            0.988374,-0.001631,-0.152031,0.000000,-0.141352,-0.378147,-0.914890,0.000000,-0.055998,0.925744,-0.373981,0.000000,37.683366,-0.000008,-0.000015,1.000000;;
           }

           Frame Bip001_R_Finger0 {
            

            FrameTransformMatrix {
             0.049495,0.567669,0.821767,0.000000,-0.435575,-0.728142,0.529228,0.000000,0.898791,-0.384136,0.211224,0.000000,4.289886,5.456856,2.394814,1.000000;;
            }

            Frame Bip001_R_Finger01 {
             

             FrameTransformMatrix {
              0.446311,-0.000000,0.894878,0.000000,0.000000,1.000000,-0.000000,0.000000,-0.894878,-0.000000,0.446311,0.000000,3.875534,0.000000,0.000000,1.000000;;
             }

             Frame Bip001_R_Finger02 {
              

              FrameTransformMatrix {
               0.691782,0.000000,0.722107,0.000000,0.000000,1.000000,0.000000,0.000000,-0.722107,-0.000000,0.691782,0.000000,3.875534,0.000000,-0.000004,1.000000;;
              }

              Frame Bip001_R_Finger0Nub {
               

               FrameTransformMatrix {
                -1.000000,-0.000000,0.000000,0.000000,-0.000000,1.000001,0.000000,0.000000,0.000000,0.000000,-1.000000,0.000000,3.875542,0.000015,-0.000004,1.000000;;
               }
              }
             }
            }
           }

           Frame Bip001_R_Finger1 {
            

            FrameTransformMatrix {
             0.904147,-0.092632,0.417058,0.000000,0.084419,0.995700,0.038140,0.000000,-0.418798,0.000723,0.908079,0.000000,11.734268,5.461189,-0.417763,1.000000;;
            }

            Frame Bip001_R_Finger11 {
             

             FrameTransformMatrix {
              0.074807,0.000000,0.997198,0.000000,-0.000000,1.000000,0.000000,0.000000,-0.997198,-0.000000,0.074807,0.000000,4.650650,0.000008,0.000000,1.000000;;
             }

             Frame Bip001_R_Finger12 {
              

              FrameTransformMatrix {
               0.655587,0.000000,0.755120,0.000000,0.000000,1.000000,-0.000000,0.000000,-0.755120,0.000000,0.655587,0.000000,4.650650,-0.000008,0.000015,1.000000;;
              }

              Frame Bip001_R_Finger1Nub {
               

               FrameTransformMatrix {
                -1.000000,0.000000,0.000000,0.000000,-0.000000,1.000000,0.000000,0.000000,-0.000000,-0.000000,-1.000000,0.000000,4.650650,0.000000,0.000000,1.000000;;
               }
              }
             }
            }
           }

           Frame Bip001_R_Finger2 {
            

            FrameTransformMatrix {
             0.889904,-0.039077,0.454471,0.000000,0.054546,0.998291,-0.020970,0.000000,-0.452875,0.043451,0.890515,0.000000,11.686767,1.501305,-0.364777,1.000000;;
            }

            Frame Bip001_R_Finger21 {
             

             FrameTransformMatrix {
              0.309659,-0.000000,0.950848,0.000000,-0.000000,1.000000,0.000000,0.000000,-0.950848,0.000000,0.309659,0.000000,4.698433,-0.000008,0.000000,1.000000;;
             }

             Frame Bip001_R_Finger22 {
              

              FrameTransformMatrix {
               0.556039,0.000000,0.831157,0.000000,0.000000,1.000000,0.000000,0.000000,-0.831156,-0.000000,0.556039,0.000000,5.425751,0.000008,-0.000015,1.000000;;
              }

              Frame Bip001_R_Finger2Nub {
               

               FrameTransformMatrix {
                -1.000000,-0.000000,0.000000,0.000000,-0.000000,1.000000,0.000000,0.000000,-0.000000,0.000000,-1.000000,0.000000,5.425751,0.000008,0.000000,1.000000;;
               }
              }
             }
            }
           }

           Frame Bip001_R_Finger3 {
            

            FrameTransformMatrix {
             0.944143,-0.066331,0.322790,0.000000,0.084190,0.995578,-0.041667,0.000000,-0.318599,0.066515,0.945553,0.000000,11.686203,-1.606102,-0.362907,1.000000;;
            }

            Frame Bip001_R_Finger31 {
             

             FrameTransformMatrix {
              0.328048,-0.000000,0.944661,0.000000,0.000000,1.000000,0.000000,0.000000,-0.944661,0.000000,0.328048,0.000000,4.316536,0.000000,0.000000,1.000000;;
             }

             Frame Bip001_R_Finger32 {
              

              FrameTransformMatrix {
               0.694512,0.000000,0.719481,0.000000,0.000000,1.000000,0.000000,0.000000,-0.719481,0.000000,0.694512,0.000000,4.650642,0.000000,-0.000015,1.000000;;
              }

              Frame Bip001_R_Finger3Nub {
               

               FrameTransformMatrix {
                -1.000000,0.000000,-0.000000,0.000000,-0.000000,1.000000,0.000000,0.000000,0.000000,0.000000,-1.000000,0.000000,4.650635,0.000015,0.000004,1.000000;;
               }
              }
             }
            }
           }

           Frame Bip001_R_Finger4 {
            

            FrameTransformMatrix {
             0.944298,-0.039226,0.326745,0.000000,0.043233,0.999052,-0.005008,0.000000,-0.326239,0.018855,0.945099,0.000000,10.216797,-4.386833,-0.631805,1.000000;;
            }

            Frame Bip001_R_Finger41 {
             

             FrameTransformMatrix {
              0.825192,-0.000000,0.564852,0.000000,0.000000,1.000000,0.000000,0.000000,-0.564852,0.000000,0.825192,0.000000,3.003700,-0.000008,0.000008,1.000000;;
             }

             Frame Bip001_R_Finger42 {
              

              FrameTransformMatrix {
               0.931107,-0.000000,0.364747,0.000000,0.000000,1.000000,0.000000,0.000000,-0.364747,0.000000,0.931107,0.000000,3.003716,0.000008,-0.000015,1.000000;;
              }

              Frame Bip001_R_Finger4Nub {
               

               FrameTransformMatrix {
                -1.000000,-0.000000,-0.000000,0.000000,0.000000,1.000000,0.000000,0.000000,-0.000000,0.000000,-1.000000,0.000000,3.003710,0.000000,0.000000,1.000000;;
               }
              }
             }
            }
           }
          }
         }
        }
       }

       Frame Bip001_Head {
        

        FrameTransformMatrix {
         0.881501,0.117758,-0.457264,0.000000,-0.334766,0.838810,-0.429336,0.000000,0.333000,0.531536,0.778833,0.000000,15.765366,-0.911515,-0.005142,1.000000;;
        }

        Frame Bip001_HeadNub {
         

         FrameTransformMatrix {
          1.000000,-0.000000,0.000000,0.000000,-0.000000,1.000000,0.000000,0.000000,0.000000,0.000000,1.000000,0.000000,29.144013,0.000000,-0.000004,1.000000;;
         }
        }
       }
      }
     }
    }
   }

   Frame Bip001_L_Thigh {
    

    FrameTransformMatrix {
     -0.506947,0.425067,0.749882,0.000000,0.293387,-0.732925,0.613796,0.000000,0.810511,0.531168,0.246845,0.000000,-16.022811,10.427850,-0.174438,1.000000;;
    }

    Frame Bip001_L_Calf {
     

     FrameTransformMatrix {
      0.689396,0.000000,-0.724385,0.000000,0.000000,1.000000,-0.000000,0.000000,0.724385,0.000000,0.689396,0.000000,54.040717,-0.000001,0.000008,1.000000;;
     }

     Frame Bip001_L_Foot {
      

      FrameTransformMatrix {
       0.991841,-0.018427,0.126142,0.000000,0.004714,0.994123,0.108153,0.000000,-0.127394,-0.106676,0.986099,0.000000,58.826867,0.000000,0.000002,1.000000;;
      }

      Frame Bip001_L_Toe0 {
       

       FrameTransformMatrix {
        0.000000,-0.000000,1.000000,0.000000,-0.000000,1.000000,0.000000,0.000000,-1.000000,-0.000000,-0.000000,0.000000,14.261973,-0.000000,18.354526,1.000000;;
       }

       Frame Bip001_L_Toe01 {
        

        FrameTransformMatrix {
         1.000000,-0.000000,-0.000000,0.000000,0.000000,1.000000,0.000000,0.000000,0.000000,-0.000000,1.000000,0.000000,1.860256,0.000001,0.000000,1.000000;;
        }

        Frame Bip001_L_Toe02 {
         

         FrameTransformMatrix {
          1.000000,-0.000000,-0.000000,0.000000,0.000000,1.000000,0.000000,0.000000,0.000000,-0.000000,1.000000,0.000000,1.860256,-0.000002,-0.000000,1.000000;;
         }

         Frame Bip001_L_Toe0Nub {
          

          FrameTransformMatrix {
           -1.000000,0.000000,-0.000000,0.000000,0.000000,1.000000,-0.000000,0.000000,0.000000,0.000000,-1.000000,0.000000,1.860256,0.000000,0.000000,1.000000;;
          }
         }
        }
       }
      }
     }
    }
   }

   Frame Bip001_R_Thigh {
    

    FrameTransformMatrix {
     -0.807649,-0.153226,0.569408,0.000000,0.199058,-0.979810,0.018680,0.000000,0.555049,0.128432,0.821843,0.000000,-9.985565,-10.372865,11.912395,1.000000;;
    }

    Frame Bip001_R_Calf {
     

     FrameTransformMatrix {
      0.732089,0.000000,-0.681209,0.000000,0.000000,1.000000,-0.000000,0.000000,0.681209,-0.000000,0.732089,0.000000,53.736077,0.000000,0.000000,1.000000;;
     }

     Frame Bip001_R_Foot {
      

      FrameTransformMatrix {
       0.826403,-0.176057,0.534848,0.000000,0.260161,0.961783,-0.085387,0.000000,-0.499374,0.209711,0.840623,0.000000,59.151955,-0.000002,0.000000,1.000000;;
      }

      Frame Bip001_R_Toe0 {
       

       FrameTransformMatrix {
        0.000000,0.000000,1.000000,0.000000,-0.000000,1.000000,-0.000000,0.000000,-1.000000,-0.000000,-0.000000,0.000000,14.261973,0.000000,18.354526,1.000000;;
       }

       Frame Bip001_R_Toe01 {
        

        FrameTransformMatrix {
         1.000000,0.000000,0.000000,0.000000,-0.000000,1.000000,-0.000000,0.000000,-0.000000,0.000000,1.000000,0.000000,1.860259,0.000000,0.000000,1.000000;;
        }

        Frame Bip001_R_Toe02 {
         

         FrameTransformMatrix {
          1.000000,0.000000,0.000000,0.000000,-0.000000,1.000000,-0.000000,0.000000,-0.000000,0.000000,1.000000,0.000000,1.860256,-0.000004,0.000000,1.000000;;
         }

         Frame Bip001_R_Toe0Nub {
          

          FrameTransformMatrix {
           1.000000,0.000000,0.000000,0.000000,-0.000000,1.000000,-0.000000,0.000000,-0.000000,0.000000,1.000000,0.000000,1.860254,0.000000,-0.000000,1.000000;;
          }
         }
        }
       }
      }
     }
    }
   }
  }
 }
}

Frame Box001 {
 

 FrameTransformMatrix {
  0.667112,0.000000,0.000000,0.000000,0.000000,0.696682,0.000000,0.000000,0.000000,0.000000,0.492662,0.000000,0.000000,0.000000,0.000000,1.000000;;
 }

 Mesh Box001 {
  24;
  10.572267;20.328970;-176.362611;,
  13.727648;19.488341;-172.382899;,
  10.759666;19.139149;-172.335974;,
  13.540250;20.678162;-176.409549;,
  10.356433;22.081910;-175.308390;,
  13.511813;21.241282;-171.328691;,
  13.324416;22.431101;-175.355328;,
  10.543831;20.892090;-171.281754;,
  10.572267;20.328970;-176.362611;,
  13.324416;22.431101;-175.355328;,
  13.540250;20.678162;-176.409549;,
  10.356433;22.081910;-175.308390;,
  13.540250;20.678162;-176.409549;,
  13.511813;21.241282;-171.328691;,
  13.727648;19.488341;-172.382899;,
  13.324416;22.431101;-175.355328;,
  13.727648;19.488341;-172.382899;,
  10.543831;20.892090;-171.281754;,
  10.759666;19.139149;-172.335974;,
  13.511813;21.241282;-171.328691;,
  10.759666;19.139149;-172.335974;,
  10.356433;22.081910;-175.308390;,
  10.572267;20.328970;-176.362611;,
  10.543831;20.892090;-171.281754;;
  12;
  3;0,1,2;,
  3;1,0,3;,
  3;4,5,6;,
  3;5,4,7;,
  3;8,9,10;,
  3;9,8,11;,
  3;12,13,14;,
  3;13,12,15;,
  3;16,17,18;,
  3;17,16,19;,
  3;20,21,22;,
  3;21,20,23;;

  MeshMaterialList {
   1;
   12;
   0,
   0,
   0,
   0,
   0,
   0,
   0,
   0,
   0,
   0,
   0,
   0;

   Material  {
    0.529412;0.231373;0.031373;1.000000;;
    0.000000;
    0.000000;0.000000;0.000000;;
    0.000000;0.000000;0.000000;;
   }
  }

  DeclData {
   2;
   2;0;3;0;,
   1;0;5;0;;
   120;
   1037836862,
   3212032943,
   3197278703,
   1065353216,
   1065353216,
   1037836862,
   3212032943,
   3197278703,
   0,
   0,
   1037836862,
   3212032943,
   3197278702,
   1065353216,
   0,
   1037836862,
   3212032943,
   3197278702,
   0,
   1065353216,
   3185320461,
   1064549297,
   1049795045,
   0,
   1065353216,
   3185320477,
   1064549297,
   1049795048,
   1065353216,
   0,
   3185320428,
   1064549299,
   1049795039,
   1065353216,
   1065353216,
   3185320510,
   1064549295,
   1049795054,
   0,
   0,
   3180727867,
   1057087926,
   3210464891,
   0,
   1065353216,
   3180727879,
   1057087928,
   3210464889,
   1065353216,
   0,
   3180727899,
   1057087930,
   3210464888,
   1065353216,
   1065353216,
   3180727846,
   1057087923,
   3210464893,
   0,
   0,
   1065216176,
   1040339423,
   3154912720,
   0,
   1065353216,
   1065216176,
   1040339435,
   3154912738,
   1065353216,
   0,
   1065216176,
   1040339443,
   3154912753,
   1065353216,
   1065353216,
   1065216177,
   1040339415,
   3154912705,
   0,
   0,
   1033244245,
   3204571571,
   1062981244,
   0,
   1065353216,
   1033244245,
   3204571571,
   1062981244,
   1065353216,
   0,
   1033244245,
   3204571571,
   1062981244,
   1065353216,
   1065353216,
   1033244245,
   3204571571,
   1062981244,
   0,
   0,
   3212699824,
   3187823092,
   1007429105,
   0,
   1065353216,
   3212699824,
   3187823092,
   1007429105,
   1065353216,
   0,
   3212699824,
   3187823091,
   1007429106,
   1065353216,
   1065353216,
   3212699824,
   3187823091,
   1007429106,
   0,
   0;
  }

  XSkinMeshHeader {
   1;
   1;
   1;
  }

  SkinWeights {
   "Bip001_L_Toe0Nub";
   24;
   0,
   1,
   2,
   3,
   4,
   5,
   6,
   7,
   8,
   9,
   10,
   11,
   12,
   13,
   14,
   15,
   16,
   17,
   18,
   19,
   20,
   21,
   22,
   23;
   1.000000,
   1.000000,
   1.000000,
   1.000000,
   1.000000,
   1.000000,
   1.000000,
   1.000000,
   1.000000,
   1.000000,
   1.000000,
   1.000000,
   1.000000,
   1.000000,
   1.000000,
   1.000000,
   1.000000,
   1.000000,
   1.000000,
   1.000000,
   1.000000,
   1.000000,
   1.000000,
   1.000000;
   -0.182852,-0.641549,0.004260,0.000000,-0.004624,-0.003308,-0.696659,0.000000,0.473783,-0.135053,-0.002503,0.000000,54.288544,7.332018,0.246843,1.000000;;
  }
 }
}

AnimTicksPerSecond  {
 4800;
}

AnimationSet Anim1 {
 

 Animation {
  
  { Bip001 }

  AnimationKey S {
   1;
   2;
   0;3;1.000000,1.000000,1.000000;;,
   5600;3;1.000000,1.000000,1.000000;;;
  }

  AnimationKey R {
   0;
   36;
   0;4;0.706502,0.001745,-0.707708,-0.000906;;,
   160;4;0.665485,-0.002189,-0.746401,-0.003344;;,
   320;4;0.620716,-0.006950,-0.783993,-0.004404;;,
   480;4;0.573386,-0.011892,-0.819183,-0.005111;;,
   640;4;0.524928,-0.016376,-0.850965,-0.006489;;,
   800;4;0.476972,-0.019778,-0.878644,-0.009540;;,
   960;4;0.431282,-0.021495,-0.901833,-0.015241;;,
   1120;4;0.389685,-0.020958,-0.920383,-0.024528;;,
   1280;4;0.347586,-0.010455,-0.936068,-0.053394;;,
   1440;4;0.322829,0.007787,-0.941656,-0.094894;;,
   1600;4;0.352259,0.019247,-0.928533,-0.115623;;,
   1760;4;0.435688,0.019929,-0.893564,-0.106408;;,
   1920;4;0.539370,0.016663,-0.837692,-0.084115;;,
   2080;4;0.648439,0.011170,-0.759225,-0.054593;;,
   2240;4;0.749510,0.005429,-0.661514,-0.024589;;,
   2400;4;0.832950,0.001531,-0.553345,-0.001235;;,
   2560;4;0.913746,0.002367,-0.406260,0.003891;;,
   2720;4;0.959377,0.004655,-0.282088,0.000121;;,
   2880;4;0.968130,0.004946,-0.250398,0.000255;;,
   3040;4;0.966309,0.004846,-0.257338,0.000207;;,
   3200;4;0.959377,0.004655,-0.282088,0.000121;;,
   3360;4;0.950947,0.004514,-0.309322,0.000060;;,
   3520;4;0.941294,0.004363,-0.337560,-0.000003;;,
   3680;4;0.930369,0.004201,-0.366601,-0.000068;;,
   3840;4;0.918137,0.004030,-0.396243,-0.000136;;,
   4000;4;0.904583,0.003850,-0.426281,-0.000205;;,
   4160;4;0.889708,0.003661,-0.456516,-0.000276;;,
   4320;4;0.873534,0.003465,-0.486751,-0.000348;;,
   4480;4;0.856104,0.003262,-0.516794,-0.000420;;,
   4640;4;0.837479,0.003053,-0.546461,-0.000492;;,
   4800;4;0.817740,0.002840,-0.575580,-0.000564;;,
   4960;4;0.796990,0.002623,-0.603987,-0.000635;;,
   5120;4;0.775347,0.002404,-0.631530,-0.000706;;,
   5280;4;0.752948,0.002184,-0.658076,-0.000774;;,
   5440;4;0.729944,0.001964,-0.683503,-0.000841;;,
   5600;4;0.706502,0.001745,-0.707708,-0.000906;;;
  }

  AnimationKey T {
   2;
   36;
   0;3;-0.479831,115.069402,0.060048;;,
   160;3;-2.768817,112.436877,0.906050;;,
   320;3;-5.165943,109.825024,1.792020;;,
   480;3;-7.590103,107.218330,2.687982;;,
   640;3;-9.960194,104.601318,3.563960;;,
   800;3;-12.195110,101.958432,4.389977;;,
   960;3;-14.213741,99.274176,5.136057;;,
   1120;3;-15.934986,96.533037,5.772224;;,
   1280;3;-17.051192,93.213453,7.137918;;,
   1440;3;-17.137053,89.696762,8.122798;;,
   1600;3;-15.934986,87.321779,5.772224;;,
   1760;3;-13.937840,86.481798,-0.684037;;,
   1920;3;-11.643616,86.365197,-9.193758;;,
   2080;3;-8.802453,86.503424,-18.477882;;,
   2240;3;-5.164479,86.427955,-27.257395;;,
   2400;3;-0.479831,85.670214,-34.253242;;,
   2560;3;10.555668,82.146234,-35.545853;;,
   2720;3;21.103907,78.536390,-33.971443;;,
   2880;3;23.288926,77.451258,-34.366534;;,
   3040;3;22.596117,77.317286,-34.799203;;,
   3200;3;21.103907,78.536390,-33.971443;;,
   3360;3;19.873904,80.618323,-32.032070;;,
   3520;3;18.586339,82.797677,-30.001946;;,
   3680;3;17.247616,85.063616,-27.891155;;,
   3840;3;15.864117,87.405350,-25.709766;;,
   4000;3;14.442256,89.812026,-23.467890;;,
   4160;3;12.988421,92.272813,-21.175600;;,
   4320;3;11.509001,94.776902,-18.842976;;,
   4480;3;10.010400,97.313459,-16.480099;;,
   4640;3;8.499004,99.871667,-14.097056;;,
   4800;3;6.981218,102.440704,-11.703930;;,
   4960;3;5.463418,105.009760,-9.310786;;,
   5120;3;3.952025,107.567974,-6.927745;;,
   5280;3;2.453423,110.104525,-4.564869;;,
   5440;3;0.974005,112.608627,-2.232244;;,
   5600;3;-0.479831,115.069402,0.060048;;;
  }
 }

 Animation {
  
  { Bip001_Pelvis }

  AnimationKey S {
   1;
   2;
   0;3;1.000000,1.000000,1.000000;;,
   5600;3;1.000000,1.000000,1.000000;;;
  }

  AnimationKey R {
   0;
   36;
   0;4;-0.494101,0.505831,0.494100,0.505831;;,
   160;4;-0.494568,0.505374,0.493632,0.506288;;,
   320;4;-0.495657,0.504306,0.492539,0.507351;;,
   480;4;-0.496899,0.503082,0.491287,0.508564;;,
   640;4;-0.497828,0.502162,0.490345,0.509472;;,
   800;4;-0.497983,0.502009,0.490188,0.509623;;,
   960;4;-0.496899,0.503082,0.491287,0.508564;;,
   1120;4;-0.494101,0.505830,0.494100,0.505831;;,
   1280;4;-0.481499,0.517840,0.506402,0.493515;;,
   1440;4;-0.462355,0.535003,0.524009,0.474778;;,
   1600;4;-0.454538,0.541660,0.530848,0.467120;;,
   1760;4;-0.464508,0.533135,0.522091,0.476887;;,
   1920;4;-0.482072,0.517307,0.505856,0.494075;;,
   2080;4;-0.501272,0.498724,0.486828,0.512834;;,
   2240;4;-0.516783,0.482634,0.470378,0.527963;;,
   2400;4;-0.523912,0.474886,0.462464,0.534908;;,
   2560;4;-0.525064,0.473611,0.461163,0.536030;;,
   2720;4;-0.525683,0.472924,0.460461,0.536633;;,
   2880;4;-0.525815,0.472778,0.460312,0.536761;;,
   3040;4;-0.525503,0.473125,0.460667,0.536457;;,
   3200;4;-0.524788,0.473917,0.461476,0.535761;;,
   3360;4;-0.523713,0.475105,0.462689,0.534714;;,
   3520;4;-0.522317,0.476639,0.464255,0.533355;;,
   3680;4;-0.520642,0.478469,0.466123,0.531723;;,
   3840;4;-0.518727,0.480544,0.468243,0.529857;;,
   4000;4;-0.516614,0.482815,0.470563,0.527798;;,
   4160;4;-0.514344,0.485232,0.473033,0.525586;;,
   4320;4;-0.511959,0.487748,0.475603,0.523260;;,
   4480;4;-0.509503,0.490313,0.478226,0.520865;;,
   4640;4;-0.507018,0.492882,0.480852,0.518442;;,
   4800;4;-0.504551,0.495407,0.483434,0.516034;;,
   4960;4;-0.502147,0.497844,0.485927,0.513688;;,
   5120;4;-0.499852,0.500148,0.488284,0.511448;;,
   5280;4;-0.497714,0.502276,0.490461,0.509360;;,
   5440;4;-0.495781,0.504184,0.492415,0.507472;;,
   5600;4;-0.494101,0.505831,0.494100,0.505831;;;
  }

  AnimationKey T {
   2;
   2;
   0;3;0.000000,0.000000,0.000000;;,
   5600;3;0.000000,0.000000,0.000000;;;
  }
 }

 Animation {
  
  { Bip001_Spine }

  AnimationKey S {
   1;
   2;
   0;3;1.000000,1.000000,1.000000;;,
   5600;3;1.000000,1.000000,1.000000;;;
  }

  AnimationKey R {
   0;
   36;
   0;4;0.936666,-0.275373,0.204860,0.069703;;,
   160;4;0.928107,-0.307037,0.197798,0.072266;;,
   320;4;0.917610,-0.340916,0.190081,0.075079;;,
   480;4;0.905648,-0.374980,0.182017,0.077852;;,
   640;4;0.892973,-0.407290,0.173954,0.080336;;,
   800;4;0.880602,-0.436021,0.166278,0.082328;;,
   960;4;0.869760,-0.459466,0.159402,0.083663;;,
   1120;4;0.861796,-0.476002,0.153752,0.084200;;,
   1280;4;0.867863,-0.468734,0.144253,0.079336;;,
   1440;4;0.885150,-0.438088,0.139122,0.072348;;,
   1600;4;0.895246,-0.409640,0.159665,0.072363;;,
   1760;4;0.889466,-0.396280,0.211445,0.084282;;,
   1920;4;0.873257,-0.386453,0.277295,0.105751;;,
   2080;4;0.851978,-0.370643,0.345059,0.133009;;,
   2240;4;0.833250,-0.341806,0.404664,0.158465;;,
   2400;4;0.825674,-0.295621,0.448858,0.171456;;,
   2560;4;0.857902,-0.215240,0.442811,0.146952;;,
   2720;4;0.891389,-0.146923,0.413239,0.114335;;,
   2880;4;0.895126,-0.130940,0.411883,0.109350;;,
   3040;4;0.892156,-0.134816,0.416305,0.112130;;,
   3200;4;0.891666,-0.145237,0.413455,0.113553;;,
   3360;4;0.895523,-0.154410,0.402310,0.111097;;,
   3520;4;0.899444,-0.163447,0.390578,0.108329;;,
   3680;4;0.903381,-0.172354,0.378293,0.105318;;,
   3840;4;0.907290,-0.181142,0.365490,0.102129;;,
   4000;4;0.911126,-0.189822,0.352209,0.098825;;,
   4160;4;0.914845,-0.198410,0.338496,0.095463;;,
   4320;4;0.918404,-0.206924,0.324398,0.092098;;,
   4480;4;0.921764,-0.215383,0.309968,0.088779;;,
   4640;4;0.924884,-0.223811,0.295262,0.085549;;,
   4800;4;0.927728,-0.232234,0.280342,0.082446;;,
   4960;4;0.930260,-0.240681,0.265271,0.079501;;,
   5120;4;0.932449,-0.249184,0.250116,0.076739;;,
   5280;4;0.934264,-0.257776,0.234948,0.074178;;,
   5440;4;0.935678,-0.266494,0.219838,0.071831;;,
   5600;4;0.936666,-0.275373,0.204860,0.069703;;;
  }

  AnimationKey T {
   2;
   36;
   0;3;14.263474,-0.328320,-0.009809;;,
   160;3;14.263328,-0.327625,-0.010028;;,
   320;3;14.263168,-0.326902,-0.010985;;,
   480;3;14.263024,-0.326199,-0.012085;;,
   640;3;14.262870,-0.325557,-0.012748;;,
   800;3;14.262718,-0.325027,-0.012401;;,
   960;3;14.262589,-0.324635,-0.010475;;,
   1120;3;14.262482,-0.324371,-0.006412;;,
   1280;3;14.262206,-0.324015,0.009808;;,
   1440;3;14.262016,-0.322387,0.033297;;,
   1600;3;14.262467,-0.321646,0.042460;;,
   1760;3;14.263741,-0.323812,0.030372;;,
   1920;3;14.265304,-0.326295,0.008701;;,
   2080;3;14.266861,-0.327509,-0.015802;;,
   2240;3;14.268098,-0.327502,-0.036295;;,
   2400;3;14.268859,-0.327816,-0.045990;;,
   2560;3;14.268616,-0.328840,-0.048796;;,
   2720;3;14.267930,-0.329645,-0.050953;;,
   2880;3;14.267869,-0.329920,-0.051277;;,
   3040;3;14.267960,-0.329935,-0.050724;;,
   3200;3;14.267936,-0.329838,-0.049702;;,
   3360;3;14.267738,-0.329739,-0.048363;;,
   3520;3;14.267517,-0.329687,-0.046579;;,
   3680;3;14.267280,-0.329659,-0.044413;;,
   3840;3;14.267029,-0.329651,-0.041918;;,
   4000;3;14.266770,-0.329645,-0.039160;;,
   4160;3;14.266472,-0.329632,-0.036190;;,
   4320;3;14.266182,-0.329602,-0.033068;;,
   4480;3;14.265869,-0.329549,-0.029856;;,
   4640;3;14.265549,-0.329464,-0.026611;;,
   4800;3;14.265205,-0.329348,-0.023397;;,
   4960;3;14.264885,-0.329199,-0.020269;;,
   5120;3;14.264526,-0.329017,-0.017285;;,
   5280;3;14.264168,-0.328806,-0.014507;;,
   5440;3;14.263818,-0.328572,-0.011995;;,
   5600;3;14.263474,-0.328320,-0.009809;;;
  }
 }

 Animation {
  
  { Bip001_Spine1 }

  AnimationKey S {
   1;
   2;
   0;3;1.000000,1.000000,1.000000;;,
   5600;3;1.000000,1.000000,1.000000;;;
  }

  AnimationKey R {
   0;
   36;
   0;4;0.999975,0.000000,-0.007058,-0.000000;;,
   160;4;0.999999,0.000000,-0.001702,-0.000000;;,
   320;4;0.999992,0.000000,0.003907,-0.000000;;,
   480;4;0.999954,-0.000000,0.009580,-0.000000;;,
   640;4;0.999886,-0.000000,0.015125,-0.000000;;,
   800;4;0.999793,-0.000000,0.020354,-0.000000;;,
   960;4;0.999686,-0.000000,0.025077,-0.000000;;,
   1120;4;0.999576,-0.000000,0.029103,-0.000000;;,
   1280;4;0.999527,0.000000,0.030747,-0.000000;;,
   1440;4;0.999551,0.000000,0.029981,-0.000000;;,
   1600;4;0.999576,0.000000,0.029103,-0.000000;;,
   1760;4;0.999570,0.000000,0.029334,-0.000000;;,
   1920;4;0.999552,-0.000000,0.029946,-0.000000;;,
   2080;4;0.999541,-0.000000,0.030307,-0.000000;;,
   2240;4;0.999556,0.000000,0.029784,-0.000000;;,
   2400;4;0.999615,-0.000000,0.027746,-0.000000;;,
   2560;4;0.999836,-0.000000,0.018131,-0.000000;;,
   2720;4;0.999968,0.000000,0.008049,-0.000000;;,
   2880;4;0.999979,-0.000000,0.006485,-0.000000;;,
   3040;4;0.999972,0.000000,0.007547,-0.000000;;,
   3200;4;0.999968,0.000000,0.008049,-0.000000;;,
   3360;4;0.999974,-0.000000,0.007188,-0.000000;;,
   3520;4;0.999980,-0.000000,0.006287,-0.000000;;,
   3680;4;0.999986,-0.000000,0.005350,-0.000000;;,
   3840;4;0.999990,-0.000000,0.004382,-0.000000;;,
   4000;4;0.999994,0.000000,0.003387,-0.000000;;,
   4160;4;0.999997,0.000000,0.002369,-0.000000;;,
   4320;4;0.999999,-0.000000,0.001333,-0.000000;;,
   4480;4;1.000000,0.000000,0.000284,-0.000000;;,
   4640;4;1.000000,-0.000000,-0.000773,-0.000000;;,
   4800;4;0.999998,0.000000,-0.001836,-0.000000;;,
   4960;4;0.999996,0.000000,-0.002898,-0.000000;;,
   5120;4;0.999992,-0.000000,-0.003956,-0.000000;;,
   5280;4;0.999988,-0.000000,-0.005005,-0.000000;;,
   5440;4;0.999982,0.000000,-0.006041,-0.000000;;,
   5600;4;0.999975,0.000000,-0.007058,-0.000000;;;
  }

  AnimationKey T {
   2;
   15;
   0;3;16.122032,-0.000000,-0.012836;;,
   160;3;16.122184,0.000001,-0.012840;;,
   320;3;16.122346,-0.000000,-0.012836;;,
   480;3;16.122482,-0.000001,-0.012836;;,
   640;3;16.122597,-0.000001,-0.012829;;,
   800;3;16.122734,0.000001,-0.012823;;,
   960;3;16.122864,-0.000001,-0.012823;;,
   2400;3;16.122963,-0.000000,-0.012817;;,
   2560;3;16.122688,-0.000001,-0.012829;;,
   2720;3;16.122421,-0.000002,-0.012829;;,
   4000;3;16.122390,0.000001,-0.012840;;,
   4160;3;16.122277,0.000001,-0.012840;;,
   4800;3;16.122246,0.000000,-0.012836;;,
   4960;3;16.122139,0.000000,-0.012833;;,
   5600;3;16.122117,-0.000000,-0.012836;;;
  }
 }

 Animation {
  
  { Bip001_Spine2 }

  AnimationKey S {
   1;
   2;
   0;3;1.000000,1.000000,1.000000;;,
   5600;3;1.000000,1.000000,1.000000;;;
  }

  AnimationKey R {
   0;
   36;
   0;4;0.999989,-0.000000,-0.004682,-0.000000;;,
   160;4;0.999983,-0.000000,0.005824,-0.000000;;,
   320;4;0.999858,0.000000,0.016826,-0.000000;;,
   480;4;0.999609,0.000000,0.027949,-0.000000;;,
   640;4;0.999246,0.000000,0.038822,-0.000000;;,
   800;4;0.998795,0.000000,0.049070,-0.000000;;,
   960;4;0.998298,0.000000,0.058321,-0.000000;;,
   1120;4;0.997806,0.000000,0.066206,-0.000000;;,
   1280;4;0.997522,-0.000000,0.070353,-0.000000;;,
   1440;4;0.997562,-0.000000,0.069782,-0.000000;;,
   1600;4;0.997806,0.000000,0.066206,-0.000000;;,
   1760;4;0.998147,-0.000000,0.060846,-0.000000;;,
   1920;4;0.998536,-0.000000,0.054088,-0.000000;;,
   2080;4;0.998923,-0.000000,0.046401,-0.000000;;,
   2240;4;0.999268,0.000000,0.038255,-0.000000;;,
   2400;4;0.999546,0.000000,0.030121,-0.000000;;,
   2560;4;0.999815,-0.000000,0.019265,-0.000000;;,
   2720;4;0.999946,-0.000000,0.010425,-0.000000;;,
   2880;4;0.999961,0.000000,0.008861,-0.000000;;,
   3040;4;0.999951,0.000000,0.009923,-0.000000;;,
   3200;4;0.999946,0.000000,0.010425,-0.000000;;,
   3360;4;0.999954,0.000000,0.009564,-0.000000;;,
   3520;4;0.999963,0.000000,0.008663,-0.000000;;,
   3680;4;0.999970,-0.000000,0.007726,-0.000000;;,
   3840;4;0.999977,-0.000000,0.006758,-0.000000;;,
   4000;4;0.999983,0.000000,0.005763,-0.000000;;,
   4160;4;0.999989,0.000000,0.004745,-0.000000;;,
   4320;4;0.999993,0.000000,0.003709,-0.000000;;,
   4480;4;0.999997,0.000000,0.002661,-0.000000;;,
   4640;4;0.999999,0.000000,0.001603,-0.000000;;,
   4800;4;1.000000,-0.000000,0.000540,-0.000000;;,
   4960;4;1.000000,-0.000000,-0.000522,-0.000000;;,
   5120;4;0.999999,-0.000000,-0.001580,-0.000000;;,
   5280;4;0.999997,0.000000,-0.002629,-0.000000;;,
   5440;4;0.999993,-0.000000,-0.003664,-0.000000;;,
   5600;4;0.999989,-0.000000,-0.004682,-0.000000;;;
  }

  AnimationKey T {
   2;
   23;
   0;3;16.122117,0.000001,-0.012829;;,
   160;3;16.122376,0.000001,-0.012836;;,
   320;3;16.122650,0.000000,-0.012829;;,
   480;3;16.122925,-0.000001,-0.012814;;,
   640;3;16.123214,-0.000000,-0.012798;;,
   800;3;16.123490,0.000001,-0.012783;;,
   960;3;16.123710,-0.000001,-0.012751;;,
   1120;3;16.123894,-0.000000,-0.012722;;,
   1280;3;16.124016,0.000001,-0.012707;;,
   1440;3;16.124000,-0.000002,-0.012714;;,
   1600;3;16.123894,-0.000006,-0.012718;;,
   1760;3;16.123779,-0.000002,-0.012737;;,
