xof 0303txt 0032
template Frame {
 <3d82ab46-62da-11cf-ab39-0020af71e433>
 [...]
}

template Matrix4x4 {
 <f6f23f45-7686-11cf-8f52-0040333594a3>
 array FLOAT matrix[16];
}

template FrameTransformMatrix {
 <f6f23f41-7686-11cf-8f52-0040333594a3>
 Matrix4x4 frameMatrix;
}

template Vector {
 <3d82ab5e-62da-11cf-ab39-0020af71e433>
 FLOAT x;
 FLOAT y;
 FLOAT z;
}

template MeshFace {
 <3d82ab5f-62da-11cf-ab39-0020af71e433>
 DWORD nFaceVertexIndices;
 array DWORD faceVertexIndices[nFaceVertexIndices];
}

template Mesh {
 <3d82ab44-62da-11cf-ab39-0020af71e433>
 DWORD nVertices;
 array Vector vertices[nVertices];
 DWORD nFaces;
 array MeshFace faces[nFaces];
 [...]
}

template ColorRGBA {
 <35ff44e0-6c7c-11cf-8f52-0040333594a3>
 FLOAT red;
 FLOAT green;
 FLOAT blue;
 FLOAT alpha;
}

template ColorRGB {
 <d3e16e81-7835-11cf-8f52-0040333594a3>
 FLOAT red;
 FLOAT green;
 FLOAT blue;
}

template Material {
 <3d82ab4d-62da-11cf-ab39-0020af71e433>
 ColorRGBA faceColor;
 FLOAT power;
 ColorRGB specularColor;
 ColorRGB emissiveColor;
 [...]
}

template MeshMaterialList {
 <f6f23f42-7686-11cf-8f52-0040333594a3>
 DWORD nMaterials;
 DWORD nFaceIndexes;
 array DWORD faceIndexes[nFaceIndexes];
 [Material <3d82ab4d-62da-11cf-ab39-0020af71e433>]
}

template VertexElement {
 <f752461c-1e23-48f6-b9f8-8350850f336f>
 DWORD Type;
 DWORD Method;
 DWORD Usage;
 DWORD UsageIndex;
}

template DeclData {
 <bf22e553-292c-4781-9fea-62bd554bdd93>
 DWORD nElements;
 array VertexElement Elements[nElements];
 DWORD nDWords;
 array DWORD data[nDWords];
}

template XSkinMeshHeader {
 <3cf169ce-ff7c-44ab-93c0-f78f62d172e2>
 WORD nMaxSkinWeightsPerVertex;
 WORD nMaxSkinWeightsPerFace;
 WORD nBones;
}

template SkinWeights {
 <6f0d123b-bad2-4167-a0d0-80224f25fabb>
 STRING transformNodeName;
 DWORD nWeights;
 array DWORD vertexIndices[nWeights];
 array FLOAT weights[nWeights];
 Matrix4x4 matrixOffset;
}

template AnimTicksPerSecond {
 <9e415a43-7ba6-4a73-8743-b73d47e88476>
 DWORD AnimTicksPerSecond;
}

template Animation {
 <3d82ab4f-62da-11cf-ab39-0020af71e433>
 [...]
}

template AnimationSet {
 <3d82ab50-62da-11cf-ab39-0020af71e433>
 [Animation <3d82ab4f-62da-11cf-ab39-0020af71e433>]
}

template FloatKeys {
 <10dd46a9-775b-11cf-8f52-0040333594a3>
 DWORD nValues;
 array FLOAT values[nValues];
}

template TimedFloatKeys {
 <f406b180-7b3b-11cf-8f52-0040333594a3>
 DWORD time;
 FloatKeys tfkeys;
}

template AnimationKey {
 <10dd46a8-775b-11cf-8f52-0040333594a3>
 DWORD keyType;
 DWORD nKeys;
 array TimedFloatKeys keys[nKeys];
}


Frame Bip001 {
 

 FrameTransformMatrix {
  -0.001703,-0.001190,-0.999998,0.000000,-0.003750,0.999992,-0.001183,0.000000,0.999992,0.003748,-0.001707,0.000000,-0.479831,115.058406,0.060048,1.000000;;
 }

 Frame Bip001_Pelvis {
  

  FrameTransformMatrix {
   0.000000,0.999725,0.023459,0.000000,-0.000001,-0.023459,0.999725,0.000000,1.000000,-0.000000,0.000001,0.000000,0.000000,0.000000,0.000000,1.000000;;
  }

  Frame Bip001_Spine {
   

   FrameTransformMatrix {
    0.906348,-0.243403,0.345383,0.000000,0.017751,0.838622,0.544424,0.000000,-0.422160,-0.487307,0.764404,0.000000,14.263466,-0.328320,-0.009809,1.000000;;
   }

   Frame Bip001_Spine1 {
    

    FrameTransformMatrix {
     0.999901,0.000000,-0.014116,0.000000,-0.000000,1.000000,0.000000,0.000000,0.014116,0.000000,0.999900,0.000000,16.122040,-0.000000,-0.012836,1.000000;;
    }

    Frame Bip001_Spine2 {
     

     FrameTransformMatrix {
      0.999956,0.000000,-0.009364,0.000000,-0.000000,1.000000,0.000000,0.000000,0.009364,-0.000000,0.999956,0.000000,16.122101,0.000001,-0.012833,1.000000;;
     }

     Frame Bip001_Spine3 {
      

      FrameTransformMatrix {
       0.999898,0.000000,0.014257,0.000000,-0.000000,1.000000,-0.000000,0.000000,-0.014256,-0.000000,0.999898,0.000000,16.122390,0.000000,-0.012833,1.000000;;
      }

      Frame Bip001_Neck {
       

       FrameTransformMatrix {
        0.968584,0.000001,0.248688,0.000000,-0.000001,1.000000,-0.000000,0.000000,-0.248688,-0.000000,0.968584,0.000000,16.124054,0.000001,-0.007183,1.000000;;
       }

       Frame Bip001_L_Clavicle {
        

        FrameTransformMatrix {
         0.168791,0.983020,-0.071984,0.000000,0.953587,-0.181340,-0.240389,0.000000,-0.249361,-0.028067,-0.968004,0.000000,0.000000,4.340598,0.007393,1.000000;;
        }

        Frame Bip001_L_UpperArm {
         

         FrameTransformMatrix {
          0.459226,-0.363571,-0.810511,0.000000,0.625348,0.780334,0.004280,0.000000,0.630913,-0.508817,0.585708,0.000000,16.122222,0.000000,0.000004,1.000000;;
         }

         Frame Bip001_L_Forearm {
          

          FrameTransformMatrix {
           0.313172,-0.000000,-0.949696,0.000000,0.000000,1.000000,0.000000,0.000000,0.949696,0.000000,0.313172,0.000000,44.136803,0.000000,-0.000002,1.000000;;
          }

          Frame Bip001_L_Hand {
           

           FrameTransformMatrix {
            0.981935,-0.026115,0.187406,0.000000,-0.189208,-0.125573,0.973875,0.000000,-0.001899,-0.991740,-0.128246,0.000000,37.683370,0.000000,0.000004,1.000000;;
           }

           Frame Bip001_L_Finger0 {
            

            FrameTransformMatrix {
             0.458539,-0.296078,0.837902,0.000000,0.846348,-0.142026,-0.513346,0.000000,0.270994,0.944546,0.185460,0.000000,4.289871,-5.456856,2.394806,1.000000;;
            }

            Frame Bip001_L_Finger01 {
             

             FrameTransformMatrix {
              0.926974,0.000000,0.375125,0.000000,-0.000000,1.000000,0.000000,0.000000,-0.375125,0.000000,0.926974,0.000000,3.875534,0.000000,0.000000,1.000000;;
             }

             Frame Bip001_L_Finger02 {
              

              FrameTransformMatrix {
               0.944212,0.000000,0.329340,0.000000,-0.000000,1.000000,-0.000000,0.000000,-0.329340,0.000000,0.944212,0.000000,3.875526,0.000000,0.000004,1.000000;;
              }

              Frame Bip001_L_Finger0Nub {
               

               FrameTransformMatrix {
                1.000000,0.000000,0.000000,0.000000,0.000000,1.000000,-0.000000,0.000000,0.000000,-0.000000,1.000000,0.000000,3.875534,-0.000015,0.000002,1.000000;;
               }
              }
             }
            }
           }

           Frame Bip001_L_Finger1 {
            

            FrameTransformMatrix {
             0.817774,-0.000458,0.575539,0.000000,0.000000,1.000000,0.000796,0.000000,-0.575539,-0.000651,0.817774,0.000000,11.734257,-5.461189,-0.417755,1.000000;;
            }

            Frame Bip001_L_Finger11 {
             

             FrameTransformMatrix {
              0.377517,0.000000,0.926002,0.000000,0.000000,1.000000,-0.000000,0.000000,-0.926003,0.000000,0.377517,0.000000,4.650638,-0.000008,-0.000015,1.000000;;
             }

             Frame Bip001_L_Finger12 {
              

              FrameTransformMatrix {
               0.969063,0.000000,0.246815,0.000000,0.000000,1.000000,-0.000000,0.000000,-0.246815,0.000000,0.969063,0.000000,4.650635,0.000008,-0.000004,1.000000;;
              }

              Frame Bip001_L_Finger1Nub {
               

               FrameTransformMatrix {
                1.000000,-0.000000,0.000000,0.000000,0.000000,1.000000,0.000000,0.000000,0.000000,0.000000,1.000000,0.000000,4.650665,0.000000,0.000000,1.000000;;
               }
              }
             }
            }
           }

           Frame Bip001_L_Finger2 {
            

            FrameTransformMatrix {
             0.839375,0.034468,0.542458,0.000000,-0.054546,0.998291,0.020970,0.000000,-0.540808,-0.047190,0.839821,0.000000,11.686756,-1.501305,-0.364777,1.000000;;
            }

            Frame Bip001_L_Finger21 {
             

             FrameTransformMatrix {
              0.341371,0.000000,0.939929,0.000000,0.000000,1.000000,0.000000,0.000000,-0.939929,-0.000000,0.341371,0.000000,4.698433,0.000008,-0.000015,1.000000;;
             }

             Frame Bip001_L_Finger22 {
              

              FrameTransformMatrix {
               0.341371,-0.000000,0.939929,0.000000,0.000000,1.000000,0.000000,0.000000,-0.939929,0.000000,0.341371,0.000000,5.425751,-0.000008,0.000008,1.000000;;
              }

              Frame Bip001_L_Finger2Nub {
               

               FrameTransformMatrix {
                1.000000,-0.000000,0.000000,0.000000,0.000000,1.000000,0.000000,0.000000,0.000000,-0.000000,1.000000,0.000000,5.425751,0.000000,0.000000,1.000000;;
               }
              }
             }
            }
           }

           Frame Bip001_L_Finger3 {
            

            FrameTransformMatrix {
             0.866434,0.052488,0.496525,0.000000,-0.084190,0.995578,0.041667,0.000000,-0.492142,-0.077904,0.867022,0.000000,11.686184,1.606102,-0.362915,1.000000;;
            }

            Frame Bip001_L_Finger31 {
             

             FrameTransformMatrix {
              0.358991,-0.000000,0.933341,0.000000,0.000000,1.000000,0.000000,0.000000,-0.933341,-0.000000,0.358991,0.000000,4.316551,0.000008,0.000000,1.000000;;
             }

             Frame Bip001_L_Finger32 {
              

              FrameTransformMatrix {
               0.358991,0.000000,0.933341,0.000000,0.000000,1.000000,-0.000000,0.000000,-0.933341,-0.000000,0.358991,0.000000,4.650665,0.000008,0.000000,1.000000;;
              }

              Frame Bip001_L_Finger3Nub {
               

               FrameTransformMatrix {
                1.000000,0.000000,0.000000,0.000000,-0.000000,1.000000,0.000000,0.000000,0.000000,0.000000,1.000000,0.000000,4.650650,0.000000,0.000000,1.000000;;
               }
              }
             }
            }
           }

           Frame Bip001_L_Finger4 {
            

            FrameTransformMatrix {
             0.888008,0.036130,0.458407,0.000000,-0.043233,0.999052,0.005008,0.000000,-0.457792,-0.024265,0.888728,0.000000,10.216786,4.386833,-0.631805,1.000000;;
            }

            Frame Bip001_L_Finger41 {
             

             FrameTransformMatrix {
              0.699598,0.000000,0.714536,0.000000,0.000000,1.000000,0.000000,0.000000,-0.714536,-0.000000,0.699598,0.000000,3.003704,-0.000008,0.000015,1.000000;;
             }

             Frame Bip001_L_Finger42 {
              

              FrameTransformMatrix {
               0.699598,-0.000000,0.714536,0.000000,-0.000000,1.000000,-0.000000,0.000000,-0.714536,0.000000,0.699598,0.000000,3.003723,0.000008,-0.000008,1.000000;;
              }

              Frame Bip001_L_Finger4Nub {
               

               FrameTransformMatrix {
                1.000000,0.000000,-0.000000,0.000000,-0.000000,1.000000,0.000000,0.000000,0.000000,0.000000,1.000000,0.000000,3.003693,-0.000008,0.000000,1.000000;;
               }
              }
             }
            }
           }
          }
         }
        }
       }

       Frame Bip001_R_Clavicle {
        

        FrameTransformMatrix {
         0.203214,-0.974730,0.092768,0.000000,-0.947492,-0.171870,0.269665,0.000000,-0.246907,-0.142697,-0.958475,0.000000,0.000015,-4.340600,0.007416,1.000000;;
        }

        Frame Bip001_R_UpperArm {
         

         FrameTransformMatrix {
          -0.039633,0.496585,-0.867083,0.000000,-0.998539,-0.051574,0.016105,0.000000,-0.036722,0.866455,0.497904,0.000000,16.122222,0.000015,0.000000,1.000000;;
         }

         Frame Bip001_R_Forearm {
          

          FrameTransformMatrix {
           0.085187,0.000000,-0.996365,0.000000,0.000000,1.000000,-0.000000,0.000000,0.996365,0.000000,0.085187,0.000000,44.136826,0.000000,0.000000,1.000000;;
          }

          Frame Bip001_R_Hand {
           

           FrameTransformMatrix {
            0.986450,-0.131679,-0.097859,0.000000,-0.141241,-0.378155,-0.914905,0.000000,0.083468,0.916330,-0.391629,0.000000,37.683366,-0.000004,0.000000,1.000000;;
           }

           Frame Bip001_R_Finger0 {
            

            FrameTransformMatrix {
             0.049494,0.567669,0.821767,0.000000,-0.435575,-0.728142,0.529228,0.000000,0.898791,-0.384135,0.211224,0.000000,4.289871,5.456864,2.394810,1.000000;;
            }

            Frame Bip001_R_Finger01 {
             

             FrameTransformMatrix {
              0.446311,0.000000,0.894878,0.000000,0.000000,1.000000,-0.000000,0.000000,-0.894878,0.000000,0.446311,0.000000,3.875534,0.000000,0.000000,1.000000;;
             }

             Frame Bip001_R_Finger02 {
              

              FrameTransformMatrix {
               0.691782,0.000000,0.722107,0.000000,-0.000000,1.000000,0.000000,0.000000,-0.722107,-0.000000,0.691782,0.000000,3.875534,-0.000015,-0.000008,1.000000;;
              }

              Frame Bip001_R_Finger0Nub {
               

               FrameTransformMatrix {
                -1.000000,-0.000000,0.000000,0.000000,-0.000000,1.000000,0.000000,0.000000,-0.000000,0.000000,-1.000000,0.000000,3.875542,0.000000,0.000000,1.000000;;
               }
              }
             }
            }
           }

           Frame Bip001_R_Finger1 {
            

            FrameTransformMatrix {
             0.904147,-0.092632,0.417058,0.000000,0.084419,0.995700,0.038140,0.000000,-0.418798,0.000723,0.908079,0.000000,11.734268,5.461204,-0.417759,1.000000;;
            }

            Frame Bip001_R_Finger11 {
             

             FrameTransformMatrix {
              0.074807,0.000000,0.997198,0.000000,0.000000,1.000000,0.000000,0.000000,-0.997198,-0.000000,0.074807,0.000000,4.650650,-0.000008,-0.000004,1.000000;;
             }

             Frame Bip001_R_Finger12 {
              

              FrameTransformMatrix {
               0.655587,0.000000,0.755120,0.000000,0.000000,1.000000,0.000000,0.000000,-0.755120,0.000000,0.655587,0.000000,4.650638,-0.000015,0.000015,1.000000;;
              }

              Frame Bip001_R_Finger1Nub {
               

               FrameTransformMatrix {
                -1.000000,0.000000,0.000000,0.000000,0.000000,1.000000,-0.000000,0.000000,-0.000000,0.000000,-1.000000,0.000000,4.650635,0.000000,-0.000015,1.000000;;
               }
              }
             }
            }
           }

           Frame Bip001_R_Finger2 {
            

            FrameTransformMatrix {
             0.868764,-0.037095,0.493835,0.000000,0.054546,0.998291,-0.020970,0.000000,-0.492213,0.045155,0.869303,0.000000,11.686767,1.501305,-0.364777,1.000000;;
            }

            Frame Bip001_R_Finger21 {
             

             FrameTransformMatrix {
              0.103695,0.000000,0.994609,0.000000,0.000000,1.000000,-0.000000,0.000000,-0.994609,0.000000,0.103695,0.000000,4.698425,0.000008,0.000000,1.000000;;
             }

             Frame Bip001_R_Finger22 {
              

              FrameTransformMatrix {
               0.518319,-0.000000,0.855188,0.000000,0.000000,1.000000,0.000000,0.000000,-0.855188,-0.000000,0.518319,0.000000,5.425758,-0.000015,0.000015,1.000000;;
              }

              Frame Bip001_R_Finger2Nub {
               

               FrameTransformMatrix {
                -1.000000,-0.000000,0.000000,0.000000,0.000000,1.000000,0.000000,0.000000,-0.000000,-0.000000,-1.000000,0.000000,5.425736,0.000008,0.000004,1.000000;;
               }
              }
             }
            }
           }

           Frame Bip001_R_Finger3 {
            

            FrameTransformMatrix {
             0.996107,-0.082991,0.029716,0.000000,0.084190,0.995578,-0.041667,0.000000,-0.026127,0.044007,0.998690,0.000000,11.686188,-1.606102,-0.362915,1.000000;;
            }

            Frame Bip001_R_Finger31 {
             

             FrameTransformMatrix {
              -0.071534,0.000000,0.997438,0.000000,0.000000,1.000000,0.000000,0.000000,-0.997438,0.000000,-0.071534,0.000000,4.316528,0.000008,0.000000,1.000000;;
             }

             Frame Bip001_R_Finger32 {
              

              FrameTransformMatrix {
               0.243363,0.000000,0.969935,0.000000,0.000000,1.000000,-0.000000,0.000000,-0.969935,0.000000,0.243363,0.000000,4.650650,0.000000,0.000000,1.000000;;
              }

              Frame Bip001_R_Finger3Nub {
               

               FrameTransformMatrix {
                -1.000000,0.000000,-0.000000,0.000000,-0.000000,1.000000,0.000000,0.000000,0.000000,0.000000,-1.000000,0.000000,4.650635,-0.000008,0.000004,1.000000;;
               }
              }
             }
            }
           }

           Frame Bip001_R_Finger4 {
            

            FrameTransformMatrix {
             0.838006,-0.033534,0.544631,0.000000,0.043233,0.999053,-0.005008,0.000000,-0.543947,0.027743,0.838661,0.000000,10.216797,-4.386818,-0.631802,1.000000;;
            }

            Frame Bip001_R_Finger41 {
             

             FrameTransformMatrix {
              0.664965,0.000000,0.746875,0.000000,0.000000,1.000000,0.000000,0.000000,-0.746875,-0.000000,0.664965,0.000000,3.003723,0.000015,-0.000008,1.000000;;
             }

             Frame Bip001_R_Finger42 {
              

              FrameTransformMatrix {
               0.815932,0.000000,0.578148,0.000000,0.000000,1.000000,0.000000,0.000000,-0.578148,-0.000000,0.815932,0.000000,3.003712,0.000000,0.000000,1.000000;;
              }

              Frame Bip001_R_Finger4Nub {
               

               FrameTransformMatrix {
                -1.000000,0.000000,0.000000,0.000000,0.000000,1.000000,-0.000000,0.000000,0.000000,0.000000,-1.000000,0.000000,3.003708,0.000015,0.000000,1.000000;;
               }
              }
             }
            }
           }
          }
         }
        }
       }

       Frame Bip001_Head {
        

        FrameTransformMatrix {
         0.881501,0.117758,-0.457264,0.000000,-0.334766,0.838810,-0.429336,0.000000,0.333000,0.531536,0.778833,0.000000,15.765366,-0.911515,-0.005142,1.000000;;
        }

        Frame Bip001_HeadNub {
         

         FrameTransformMatrix {
          1.000000,-0.000000,0.000000,0.000000,-0.000000,1.000000,0.000000,0.000000,0.000000,0.000000,1.000000,0.000000,29.144029,0.000000,-0.000004,1.000000;;
         }
        }
       }
      }
     }
    }
   }

   Frame Bip001_L_Thigh {
    

    FrameTransformMatrix {
     -0.506947,0.425067,0.749882,0.000000,0.293387,-0.732925,0.613796,0.000000,0.810511,0.531168,0.246845,0.000000,-16.022811,10.427850,-0.174438,1.000000;;
    }

    Frame Bip001_L_Calf {
     

     FrameTransformMatrix {
      0.689396,0.000000,-0.724385,0.000000,0.000000,1.000000,-0.000000,0.000000,0.724385,0.000000,0.689396,0.000000,54.040710,-0.000001,0.000008,1.000000;;
     }

     Frame Bip001_L_Foot {
      

      FrameTransformMatrix {
       0.991841,-0.018427,0.126142,0.000000,0.004714,0.994123,0.108153,0.000000,-0.127394,-0.106676,0.986099,0.000000,58.826861,0.000001,0.000002,1.000000;;
      }

      Frame Bip001_L_Toe0 {
       

       FrameTransformMatrix {
        0.000000,-0.000000,1.000000,0.000000,-0.000000,1.000000,0.000000,0.000000,-1.000000,-0.000000,-0.000000,0.000000,14.261973,-0.000000,18.354526,1.000000;;
       }

       Frame Bip001_L_Toe01 {
        

        FrameTransformMatrix {
         1.000000,-0.000000,-0.000000,0.000000,0.000000,1.000000,0.000000,0.000000,0.000000,-0.000000,1.000000,0.000000,1.860256,0.000001,0.000000,1.000000;;
        }

        Frame Bip001_L_Toe02 {
         

         FrameTransformMatrix {
          1.000000,-0.000000,-0.000000,0.000000,0.000000,1.000000,0.000000,0.000000,0.000000,-0.000000,1.000000,0.000000,1.860256,-0.000002,0.000000,1.000000;;
         }

         Frame Bip001_L_Toe0Nub {
          

          FrameTransformMatrix {
           -1.000000,0.000000,-0.000000,0.000000,0.000000,1.000000,-0.000000,0.000000,0.000000,0.000000,-1.000000,0.000000,1.860256,0.000000,0.000000,1.000000;;
          }
         }
        }
       }
      }
     }
    }
   }

   Frame Bip001_R_Thigh {
    

    FrameTransformMatrix {
     -0.807649,-0.153226,0.569408,0.000000,0.199058,-0.979810,0.018680,0.000000,0.555049,0.128432,0.821843,0.000000,-9.985565,-10.372864,11.912395,1.000000;;
    }

    Frame Bip001_R_Calf {
     

     FrameTransformMatrix {
      0.732089,0.000000,-0.681209,0.000000,0.000000,1.000000,-0.000000,0.000000,0.681209,-0.000000,0.732089,0.000000,53.736077,0.000000,0.000000,1.000000;;
     }

     Frame Bip001_R_Foot {
      

      FrameTransformMatrix {
       0.826403,-0.176057,0.534848,0.000000,0.260161,0.961783,-0.085387,0.000000,-0.499374,0.209711,0.840623,0.000000,59.151949,-0.000004,-0.000002,1.000000;;
      }

      Frame Bip001_R_Toe0 {
       

       FrameTransformMatrix {
        0.000000,0.000000,1.000000,0.000000,-0.000000,1.000000,-0.000000,0.000000,-1.000000,-0.000000,-0.000000,0.000000,14.261973,0.000000,18.354528,1.000000;;
       }

       Frame Bip001_R_Toe01 {
        

        FrameTransformMatrix {
         1.000000,0.000000,0.000000,0.000000,-0.000000,1.000000,-0.000000,0.000000,-0.000000,0.000000,1.000000,0.000000,1.860259,0.000000,0.000000,1.000000;;
        }

        Frame Bip001_R_Toe02 {
         

         FrameTransformMatrix {
          1.000000,0.000000,0.000000,0.000000,-0.000000,1.000000,-0.000000,0.000000,-0.000000,0.000000,1.000000,0.000000,1.860256,0.000000,0.000000,1.000000;;
         }

         Frame Bip001_R_Toe0Nub {
          

          FrameTransformMatrix {
           1.000000,0.000000,0.000000,0.000000,-0.000000,1.000000,-0.000000,0.000000,-0.000000,0.000000,1.000000,0.000000,1.860255,-0.000004,-0.000000,1.000000;;
          }
         }
        }
       }
      }
     }
    }
   }
  }
 }
}

Frame Box001 {
 

 FrameTransformMatrix {
  0.667112,0.000000,0.000000,0.000000,0.000000,0.696682,0.000000,0.000000,0.000000,0.000000,0.492662,0.000000,0.000000,0.000000,0.000000,1.000000;;
 }

 Mesh Box001 {
  24;
  10.572267;20.313179;-176.362611;,
  13.727648;19.472549;-172.382899;,
  10.759666;19.123358;-172.335974;,
  13.540250;20.662371;-176.409549;,
  10.356433;22.066120;-175.308390;,
  13.511813;21.225491;-171.328691;,
  13.324416;22.415310;-175.355328;,
  10.543831;20.876299;-171.281754;,
  10.572267;20.313179;-176.362611;,
  13.324416;22.415310;-175.355328;,
  13.540250;20.662371;-176.409549;,
  10.356433;22.066120;-175.308390;,
  13.540250;20.662371;-176.409549;,
  13.511813;21.225491;-171.328691;,
  13.727648;19.472549;-172.382899;,
  13.324416;22.415310;-175.355328;,
  13.727648;19.472549;-172.382899;,
  10.543831;20.876299;-171.281754;,
  10.759666;19.123358;-172.335974;,
  13.511813;21.225491;-171.328691;,
  10.759666;19.123358;-172.335974;,
  10.356433;22.066120;-175.308390;,
  10.572267;20.313179;-176.362611;,
  10.543831;20.876299;-171.281754;;
  12;
  3;0,1,2;,
  3;1,0,3;,
  3;4,5,6;,
  3;5,4,7;,
  3;8,9,10;,
  3;9,8,11;,
  3;12,13,14;,
  3;13,12,15;,
  3;16,17,18;,
  3;17,16,19;,
  3;20,21,22;,
  3;21,20,23;;

  MeshMaterialList {
   1;
   12;
   0,
   0,
   0,
   0,
   0,
   0,
   0,
   0,
   0,
   0,
   0,
   0;

   Material  {
    0.529412;0.231373;0.031373;1.000000;;
    0.000000;
    0.000000;0.000000;0.000000;;
    0.000000;0.000000;0.000000;;
   }
  }

  DeclData {
   2;
   2;0;3;0;,
   1;0;5;0;;
   120;
   1037836862,
   3212032943,
   3197278703,
   1065353216,
   1065353216,
   1037836862,
   3212032943,
   3197278703,
   0,
   0,
   1037836862,
   3212032943,
   3197278702,
   1065353216,
   0,
   1037836862,
   3212032943,
   3197278702,
   0,
   1065353216,
   3185320461,
   1064549297,
   1049795045,
   0,
   1065353216,
   3185320477,
   1064549297,
   1049795048,
   1065353216,
   0,
   3185320428,
   1064549299,
   1049795039,
   1065353216,
   1065353216,
   3185320510,
   1064549295,
   1049795054,
   0,
   0,
   3180727867,
   1057087926,
   3210464891,
   0,
   1065353216,
   3180727879,
   1057087928,
   3210464889,
   1065353216,
   0,
   3180727899,
   1057087930,
   3210464888,
   1065353216,
   1065353216,
   3180727846,
   1057087923,
   3210464893,
   0,
   0,
   1065216176,
   1040339423,
   3154912720,
   0,
   1065353216,
   1065216176,
   1040339435,
   3154912738,
   1065353216,
   0,
   1065216176,
   1040339443,
   3154912753,
   1065353216,
   1065353216,
   1065216177,
   1040339415,
   3154912705,
   0,
   0,
   1033244245,
   3204571571,
   1062981244,
   0,
   1065353216,
   1033244245,
   3204571571,
   1062981244,
   1065353216,
   0,
   1033244245,
   3204571571,
   1062981244,
   1065353216,
   1065353216,
   1033244245,
   3204571571,
   1062981244,
   0,
   0,
   3212699824,
   3187823092,
   1007429105,
   0,
   1065353216,
   3212699824,
   3187823092,
   1007429105,
   1065353216,
   0,
   3212699824,
   3187823091,
   1007429106,
   1065353216,
   1065353216,
   3212699824,
   3187823091,
   1007429106,
   0,
   0;
  }

  XSkinMeshHeader {
   1;
   1;
   1;
  }

  SkinWeights {
   "Bip001_L_Toe0Nub";
   24;
   0,
   1,
   2,
   3,
   4,
   5,
   6,
   7,
   8,
   9,
   10,
   11,
   12,
   13,
   14,
   15,
   16,
   17,
   18,
   19,
   20,
   21,
   22,
   23;
   1.000000,
   1.000000,
   1.000000,
   1.000000,
   1.000000,
   1.000000,
   1.000000,
   1.000000,
   1.000000,
   1.000000,
   1.000000,
   1.000000,
   1.000000,
   1.000000,
   1.000000,
   1.000000,
   1.000000,
   1.000000,
   1.000000,
   1.000000,
   1.000000,
   1.000000,
   1.000000,
   1.000000;
   -0.182852,-0.641549,0.004260,0.000000,-0.004624,-0.003308,-0.696659,0.000000,0.473783,-0.135053,-0.002503,0.000000,54.288474,7.331966,0.235842,1.000000;;
  }
 }
}

AnimTicksPerSecond  {
 4800;
}

AnimationSet Anim1 {
 

 Animation {
  
  { Bip001 }

  AnimationKey S {
   1;
   2;
   0;3;1.000000,1.000000,1.000000;;,
   5600;3;1.000000,1.000000,1.000000;;;
  }

  AnimationKey R {
   0;
   36;
   0;4;0.706502,0.001745,-0.707708,-0.000906;;,
   160;4;0.665430,-0.001020,-0.746448,-0.004229;;,
   320;4;0.620529,-0.003060,-0.784143,-0.007349;;,
   480;4;0.573044,-0.004913,-0.819444,-0.010397;;,
   640;4;0.524464,-0.007111,-0.851296,-0.013505;;,
   800;4;0.476481,-0.010181,-0.878965,-0.016807;;,
   960;4;0.430921,-0.014632,-0.902040,-0.020437;;,
   1120;4;0.389685,-0.020958,-0.920383,-0.024528;;,
   1280;4;0.349344,-0.038170,-0.935655,-0.032429;;,
   1440;4;0.327596,-0.062087,-0.941834,-0.042124;;,
   1600;4;0.358625,-0.073380,-0.929469,-0.045728;;,
   1760;4;0.441229,-0.066722,-0.893972,-0.040987;;,
   1920;4;0.543217,-0.052083,-0.837358,-0.032169;;,
   2080;4;0.650467,-0.033053,-0.758520,-0.021152;;,
   2240;4;0.750183,-0.013741,-0.661010,-0.010086;;,
   2400;4;0.832950,0.001531,-0.553345,-0.001235;;,
   2560;4;0.912395,0.005971,-0.409266,0.001173;;,
   2720;4;0.959377,0.004655,-0.282088,0.000121;;,
   2880;4;0.973378,0.004945,-0.229151,0.000154;;,
   3040;4;0.977829,0.004841,-0.209347,-0.000021;;,
   3200;4;0.975204,0.004654,-0.221261,-0.000172;;,
   3360;4;0.968366,0.004520,-0.249494,-0.000232;;,
   3520;4;0.960059,0.004375,-0.279763,-0.000290;;,
   3680;4;0.950160,0.004219,-0.311733,-0.000347;;,
   3840;4;0.938570,0.004053,-0.345064,-0.000401;;,
   4000;4;0.925221,0.003877,-0.379408,-0.000454;;,
   4160;4;0.910078,0.003692,-0.414420,-0.000505;;,
   4320;4;0.893143,0.003497,-0.449758,-0.000555;;,
   4480;4;0.874459,0.003294,-0.485088,-0.000603;;,
   4640;4;0.854107,0.003084,-0.520087,-0.000649;;,
   4800;4;0.832212,0.002868,-0.554451,-0.000694;;,
   4960;4;0.808934,0.002647,-0.587893,-0.000738;;,
   5120;4;0.784475,0.002422,-0.620156,-0.000780;;,
   5280;4;0.759068,0.002196,-0.651007,-0.000823;;,
   5440;4;0.732980,0.001970,-0.680247,-0.000864;;,
   5600;4;0.706502,0.001745,-0.707708,-0.000906;;;
  }

  AnimationKey T {
   2;
   36;
   0;3;-0.479831,115.058406,0.060048;;,
   160;3;-0.479831,115.058406,0.906050;;,
   320;3;-0.479831,115.058406,1.792020;;,
   480;3;-0.479831,115.058394,2.687982;;,
   640;3;-0.479831,115.058406,3.563960;;,
   800;3;-0.479831,115.058406,4.389977;;,
   960;3;-0.479831,115.058406,5.136057;;,
   1120;3;-0.479831,115.058406,5.772224;;,
   1280;3;-0.479831,115.587648,7.137918;;,
   1440;3;-0.479831,116.116915,8.122798;;,
   1600;3;-0.479831,115.058406,5.772224;;,
   1760;3;-0.479831,111.907827,-1.555906;;,
   1920;3;-0.479831,107.702528,-11.809366;;,
   2080;3;-0.479831,103.167174,-22.401293;;,
   2240;3;-0.479831,99.026464,-30.744870;;,
   2400;3;-0.479831,96.005088,-34.253242;;,
   2560;3;-0.479831,94.104352,-34.292176;;,
   2720;3;-0.479831,92.841107,-33.971443;;,
   2880;3;-0.479831,92.213440,-33.320198;;,
   3040;3;-0.479831,92.219322,-32.367616;;,
   3200;3;-0.479831,92.856845,-31.142848;;,
   3360;3;-0.479831,93.877485,-29.675066;;,
   3520;3;-0.479831,95.024717,-27.993424;;,
   3680;3;-0.479831,96.284454,-26.127083;;,
   3840;3;-0.479831,97.642688,-24.105214;;,
   4000;3;-0.479831,99.085280,-21.956978;;,
   4160;3;-0.479831,100.598195,-19.711536;;,
   4320;3;-0.479831,102.167379,-17.398045;;,
   4480;3;-0.479831,103.778752,-15.045661;;,
   4640;3;-0.479831,105.418266,-12.683569;;,
   4800;3;-0.479831,107.071840,-10.340917;;,
   4960;3;-0.479831,108.725427,-8.046870;;,
   5120;3;-0.479831,110.364928,-5.830588;;,
   5280;3;-0.479831,111.976282,-3.721225;;,
   5440;3;-0.479831,113.545498,-1.747962;;,
   5600;3;-0.479831,115.058406,0.060048;;;
  }
 }

 Animation {
  
  { Bip001_Pelvis }

  AnimationKey S {
   1;
   2;
   0;3;1.000000,1.000000,1.000000;;,
   5600;3;1.000000,1.000000,1.000000;;;
  }

  AnimationKey R {
   0;
   36;
   0;4;-0.494101,0.505831,0.494100,0.505831;;,
   160;4;-0.494568,0.505374,0.493632,0.506288;;,
   320;4;-0.495657,0.504306,0.492539,0.507351;;,
   480;4;-0.496899,0.503082,0.491287,0.508564;;,
   640;4;-0.497828,0.502162,0.490345,0.509472;;,
   800;4;-0.497983,0.502009,0.490188,0.509623;;,
   960;4;-0.496899,0.503082,0.491287,0.508564;;,
   1120;4;-0.494101,0.505830,0.494100,0.505831;;,
   1280;4;-0.481499,0.517840,0.506402,0.493515;;,
   1440;4;-0.462355,0.535003,0.524009,0.474778;;,
   1600;4;-0.454538,0.541660,0.530848,0.467120;;,
   1760;4;-0.464508,0.533135,0.522091,0.476887;;,
   1920;4;-0.482072,0.517307,0.505856,0.494075;;,
   2080;4;-0.501272,0.498724,0.486828,0.512834;;,
   2240;4;-0.516783,0.482634,0.470378,0.527963;;,
   2400;4;-0.523912,0.474886,0.462464,0.534908;;,
   2560;4;-0.525064,0.473611,0.461163,0.536030;;,
   2720;4;-0.525683,0.472924,0.460461,0.536633;;,
   2880;4;-0.525815,0.472778,0.460312,0.536761;;,
   3040;4;-0.525503,0.473125,0.460667,0.536457;;,
   3200;4;-0.524788,0.473917,0.461476,0.535761;;,
   3360;4;-0.523713,0.475105,0.462689,0.534714;;,
   3520;4;-0.522317,0.476639,0.464255,0.533355;;,
   3680;4;-0.520642,0.478469,0.466123,0.531723;;,
   3840;4;-0.518727,0.480544,0.468243,0.529857;;,
   4000;4;-0.516614,0.482815,0.470563,0.527798;;,
   4160;4;-0.514344,0.485232,0.473033,0.525585;;,
   4320;4;-0.511959,0.487748,0.475603,0.523260;;,
   4480;4;-0.509503,0.490313,0.478226,0.520865;;,
   4640;4;-0.507018,0.492882,0.480852,0.518442;;,
   4800;4;-0.504551,0.495407,0.483434,0.516034;;,
   4960;4;-0.502147,0.497844,0.485927,0.513688;;,
   5120;4;-0.499852,0.500148,0.488284,0.511448;;,
   5280;4;-0.497714,0.502276,0.490461,0.509360;;,
   5440;4;-0.495781,0.504184,0.492415,0.507472;;,
   5600;4;-0.494101,0.505831,0.494100,0.505831;;;
  }

  AnimationKey T {
   2;
   2;
   0;3;0.000000,0.000000,0.000000;;,
   5600;3;0.000000,0.000000,0.000000;;;
  }
 }

 Animation {
  
  { Bip001_Spine }

  AnimationKey S {
   1;
   2;
   0;3;1.000000,1.000000,1.000000;;,
   5600;3;1.000000,1.000000,1.000000;;;
  }

  AnimationKey R {
   0;
   36;
   0;4;0.936666,-0.275373,0.204860,0.069703;;,
   160;4;0.932218,-0.308950,0.178199,0.061356;;,
   320;4;0.925219,-0.344584,0.149877,0.052617;;,
   480;4;0.915956,-0.380127,0.120950,0.043579;;,
   640;4;0.905114,-0.413554,0.092487,0.034465;;,
   800;4;0.893758,-0.442996,0.065545,0.025617;;,
   960;4;0.883256,-0.466755,0.041156,0.017470;;,
   1120;4;0.875168,-0.483278,0.020323,0.010511;;,
   1280;4;0.879855,-0.475218,0.001571,0.004546;;,
   1440;4;0.896113,-0.443791,-0.004693,0.002981;;,
   1600;4;0.909129,-0.415887,0.021058,0.008948;;,
   1760;4;0.910277,-0.404649,0.083692,0.025502;;,
   1920;4;0.901155,-0.397489,0.164744,0.052742;;,
   2080;4;0.884924,-0.383877,0.248710,0.087702;;,
   2240;4;0.868552,-0.355991,0.322312,0.122483;;,
   2400;4;0.861372,-0.309331,0.375831,0.145270;;,
   2560;4;0.893203,-0.227027,0.366211,0.128599;;,
   2720;4;0.925764,-0.156860,0.329093,0.100268;;,
   2880;4;0.929908,-0.140682,0.325912,0.096236;;,
   3040;4;0.927660,-0.144887,0.329818,0.098363;;,
   3200;4;0.926059,-0.155109,0.329282,0.099646;;,
   3360;4;0.927172,-0.163460,0.322519,0.098055;;,
   3520;4;0.928320,-0.171650,0.315432,0.096231;;,
   3680;4;0.929484,-0.179701,0.308040,0.094219;;,
   3840;4;0.930643,-0.187638,0.300363,0.092068;;,
   4000;4;0.931776,-0.195486,0.292423,0.089820;;,
   4160;4;0.932860,-0.203271,0.284244,0.087518;;,
   4320;4;0.933872,-0.211021,0.275851,0.085201;;,
   4480;4;0.934791,-0.218763,0.267273,0.082905;;,
   4640;4;0.935594,-0.226527,0.258541,0.080663;;,
   4800;4;0.936257,-0.234344,0.249687,0.078503;;,
   4960;4;0.936757,-0.242246,0.240745,0.076451;;,
   5120;4;0.937071,-0.250266,0.231754,0.074530;;,
   5280;4;0.937176,-0.258437,0.222749,0.072755;;,
   5440;4;0.937049,-0.266795,0.213771,0.071143;;,
   5600;4;0.936666,-0.275373,0.204860,0.069703;;;
  }

  AnimationKey T {
   2;
   36;
   0;3;14.263466,-0.328320,-0.009809;;,
   160;3;14.262802,-0.327461,-0.010186;;,
   320;3;14.262077,-0.326585,-0.011271;;,
   480;3;14.261299,-0.325750,-0.012460;;,
   640;3;14.260566,-0.325009,-0.013173;;,
   800;3;14.259827,-0.324411,-0.012841;;,
   960;3;14.259178,-0.323986,-0.010909;;,
   1120;3;14.258621,-0.323720,-0.006828;;,
   1280;3;14.258149,-0.323432,0.009432;;,
   1440;3;14.257950,-0.321876,0.032928;;,
   1600;3;14.258621,-0.321062,0.041950;;,
   1760;3;14.260246,-0.323002,0.029577;;,
   1920;3;14.262382,-0.325229,0.007648;;,
   2080;3;14.264557,-0.326275,-0.017015;;,
   2240;3;14.266357,-0.326242,-0.037575;;,
   2400;3;14.267517,-0.326670,-0.047327;;,
   2560;3;14.267197,-0.327909,-0.050257;;,
   2720;3;14.266274,-0.328915,-0.052480;;,
   2880;3;14.266174,-0.329220,-0.052841;;,
   3040;3;14.266266,-0.329216,-0.052306;;,
   3200;3;14.266274,-0.329115,-0.051236;;,
   3360;3;14.266144,-0.329065,-0.049774;;,
   3520;3;14.265984,-0.329067,-0.047871;;,
   3680;3;14.265824,-0.329094,-0.045582;;,
   3840;3;14.265662,-0.329140,-0.042972;;,
   4000;3;14.265480,-0.329191,-0.040088;;,
   4160;3;14.265312,-0.329231,-0.037005;;,
   4320;3;14.265122,-0.329260,-0.033772;;,
   4480;3;14.264923,-0.329258,-0.030452;;,
   4640;3;14.264717,-0.329225,-0.027104;;,
   4800;3;14.264518,-0.329157,-0.023787;;,
   4960;3;14.264312,-0.329051,-0.020567;;,
   5120;3;14.264107,-0.328912,-0.017498;;,
   5280;3;14.263885,-0.328740,-0.014643;;,
   5440;3;14.263672,-0.328541,-0.012059;;,
   5600;3;14.263466,-0.328320,-0.009809;;;
  }
 }

 Animation {
  
  { Bip001_Spine1 }

  AnimationKey S {
   1;
   2;
   0;3;1.000000,1.000000,1.000000;;,
   5600;3;1.000000,1.000000,1.000000;;;
  }

  AnimationKey R {
   0;
   36;
   0;4;0.999975,0.000000,-0.007058,-0.000000;;,
   160;4;0.999951,0.000000,-0.009868,-0.000000;;,
   320;4;0.999918,-0.000000,-0.012811,-0.000000;;,
   480;4;0.999875,0.000000,-0.015786,-0.000000;;,
   640;4;0.999825,-0.000000,-0.018696,-0.000000;;,
   800;4;0.999770,-0.000000,-0.021439,0.000000;;,
   960;4;0.999714,-0.000000,-0.023916,0.000000;;,
   1120;4;0.999661,-0.000000,-0.026029,0.000000;;,
   1280;4;0.999625,-0.000000,-0.027399,0.000000;;,
   1440;4;0.999622,-0.000000,-0.027504,0.000000;;,
   1600;4;0.999661,-0.000000,-0.026029,0.000000;;,
   1760;4;0.999735,-0.000000,-0.023021,0.000000;;,
   1920;4;0.999818,0.000000,-0.019092,-0.000000;;,
   2080;4;0.999891,0.000000,-0.014769,-0.000000;;,
   2240;4;0.999944,-0.000000,-0.010582,-0.000000;;,
   2400;4;0.999975,0.000000,-0.007058,-0.000000;;,
   2560;4;0.999986,0.000000,-0.005344,-0.000000;;,
   2720;4;0.999988,0.000000,-0.004924,-0.000000;;,
   2880;4;0.999989,-0.000000,-0.004708,-0.000000;;,
   3040;4;0.999989,0.000000,-0.004776,-0.000000;;,
   3200;4;0.999988,-0.000000,-0.004924,-0.000000;;,
   3360;4;0.999987,-0.000000,-0.005045,-0.000000;;,
   3520;4;0.999987,0.000000,-0.005173,-0.000000;;,
   3680;4;0.999986,0.000000,-0.005305,-0.000000;;,
   3840;4;0.999985,0.000000,-0.005442,-0.000000;;,
   4000;4;0.999984,-0.000000,-0.005582,-0.000000;;,
   4160;4;0.999984,-0.000000,-0.005726,-0.000000;;,
   4320;4;0.999983,-0.000000,-0.005872,-0.000000;;,
   4480;4;0.999982,0.000000,-0.006021,-0.000000;;,
   4640;4;0.999981,-0.000000,-0.006170,-0.000000;;,
   4800;4;0.999980,-0.000000,-0.006320,-0.000000;;,
   4960;4;0.999979,0.000000,-0.006470,-0.000000;;,
   5120;4;0.999978,-0.000000,-0.006620,-0.000000;;,
   5280;4;0.999977,0.000000,-0.006768,-0.000000;;,
   5440;4;0.999976,0.000000,-0.006914,-0.000000;;,
   5600;4;0.999975,0.000000,-0.007058,-0.000000;;;
  }

  AnimationKey T {
   2;
   10;
   0;3;16.122040,-0.000000,-0.012836;;,
   320;3;16.121971,-0.000000,-0.012833;;,
   480;3;16.121819,0.000000,-0.012833;;,
   800;3;16.121726,0.000000,-0.012829;;,
   960;3;16.121582,-0.000001,-0.012822;;,
   1760;3;16.121552,0.000000,-0.012820;;,
   1920;3;16.121734,0.000000,-0.012833;;,
   2240;3;16.121834,0.000002,-0.012825;;,
   2400;3;16.122032,0.000001,-0.012840;;,
   5600;3;16.122085,-0.000001,-0.012836;;;
  }
 }

 Animation {
  
  { Bip001_Spine2 }

  AnimationKey S {
   1;
   2;
   0;3;1.000000,1.000000,1.000000;;,
   5600;3;1.000000,1.000000,1.000000;;;
  }

  AnimationKey R {
   0;
   36;
   0;4;0.999989,-0.000000,-0.004682,-0.000000;;,
   160;4;0.999972,0.000000,-0.007492,-0.000000;;,
   320;4;0.999946,-0.000000,-0.010435,-0.000000;;,
   480;4;0.999910,0.000000,-0.013411,-0.000000;;,
   640;4;0.999867,-0.000000,-0.016320,-0.000000;;,
   800;4;0.999818,0.000000,-0.019063,-0.000000;;,
   960;4;0.999768,0.000000,-0.021541,-0.000000;;,
   1120;4;0.999720,-0.000000,-0.023653,0.000000;;,
   1280;4;0.999687,0.000000,-0.025023,0.000000;;,
   1440;4;0.999684,-0.000000,-0.025129,-0.000000;;,
   1600;4;0.999720,-0.000000,-0.023653,0.000000;;,
   1760;4;0.999787,0.000000,-0.020645,-0.000000;;,
   1920;4;0.999860,-0.000000,-0.016716,-0.000000;;,
   2080;4;0.999923,-0.000000,-0.012393,-0.000000;;,
   2240;4;0.999966,-0.000000,-0.008206,-0.000000;;,
   2400;4;0.999989,0.000000,-0.004682,-0.000000;;,
   2560;4;0.999996,-0.000000,-0.002968,-0.000000;;,
   2720;4;0.999997,-0.000000,-0.002548,-0.000000;;,
   2880;4;0.999997,-0.000000,-0.002331,-0.000000;;,
   3040;4;0.999997,-0.000000,-0.002400,-0.000000;;,
   3200;4;0.999997,0.000000,-0.002548,-0.000000;;,
   3360;4;0.999996,-0.000000,-0.002669,-0.000000;;,
   3520;4;0.999996,-0.000000,-0.002796,-0.000000;;,
   3680;4;0.999996,-0.000000,-0.002929,-0.000000;;,
   3840;4;0.999995,-0.000000,-0.003066,-0.000000;;,
   4000;4;0.999995,0.000000,-0.003206,-0.000000;;,
   4160;4;0.999994,0.000000,-0.003350,-0.000000;;,
   4320;4;0.999994,0.000000,-0.003496,-0.000000;;,
   4480;4;0.999993,-0.000000,-0.003645,-0.000000;;,
   4640;4;0.999993,0.000000,-0.003794,-0.000000;;,
   4800;4;0.999992,0.000000,-0.003944,-0.000000;;,
   4960;4;0.999992,0.000000,-0.004094,-0.000000;;,
   5120;4;0.999991,0.000000,-0.004244,-0.000000;;,
   5280;4;0.999990,-0.000000,-0.004392,-0.000000;;,
   5440;4;0.999990,0.000000,-0.004538,-0.000000;;,
   5600;4;0.999989,-0.000000,-0.004682,-0.000000;;;
  }

  AnimationKey T {
   2;
   10;
   0;3;16.122101,0.000001,-0.012833;;,
   320;3;16.122024,0.000000,-0.012833;;,
   480;3;16.121888,-0.000001,-0.012835;;,
   800;3;16.121795,-0.000000,-0.012833;;,
   960;3;16.121674,0.000001,-0.012826;;,
   1760;3;16.121627,-0.000000,-0.012823;;,
   1920;3;16.121781,-0.000001,-0.012827;;,
   2080;3;16.121918,0.000000,-0.012844;;,
   2240;3;16.122024,0.000002,-0.012848;;,
   5600;3;16.122101,-0.000001,-0.012852;;;
  }
 }

 Animation {
  
  { Bip001_Spine3 }

  AnimationKey S {
   1;
   2;
   0;3;1.000000,1.000000,1.000000;;,
   5600;3;1.000000,1.000000,1.000000;;;
  }

  AnimationKey R {
   0;
   2;
   0;4;0.999975,-0.000000,0.007128,-0.000000;;,
