xof 0303txt 0032
template Frame {
 <3d82ab46-62da-11cf-ab39-0020af71e433>
 [...]
}

template Matrix4x4 {
 <f6f23f45-7686-11cf-8f52-0040333594a3>
 array FLOAT matrix[16];
}

template FrameTransformMatrix {
 <f6f23f41-7686-11cf-8f52-0040333594a3>
 Matrix4x4 frameMatrix;
}

template Vector {
 <3d82ab5e-62da-11cf-ab39-0020af71e433>
 FLOAT x;
 FLOAT y;
 FLOAT z;
}

template MeshFace {
 <3d82ab5f-62da-11cf-ab39-0020af71e433>
 DWORD nFaceVertexIndices;
 array DWORD faceVertexIndices[nFaceVertexIndices];
}

template Mesh {
 <3d82ab44-62da-11cf-ab39-0020af71e433>
 DWORD nVertices;
 array Vector vertices[nVertices];
 DWORD nFaces;
 array MeshFace faces[nFaces];
 [...]
}

template ColorRGBA {
 <35ff44e0-6c7c-11cf-8f52-0040333594a3>
 FLOAT red;
 FLOAT green;
 FLOAT blue;
 FLOAT alpha;
}

template ColorRGB {
 <d3e16e81-7835-11cf-8f52-0040333594a3>
 FLOAT red;
 FLOAT green;
 FLOAT blue;
}

template Material {
 <3d82ab4d-62da-11cf-ab39-0020af71e433>
 ColorRGBA faceColor;
 FLOAT power;
 ColorRGB specularColor;
 ColorRGB emissiveColor;
 [...]
}

template MeshMaterialList {
 <f6f23f42-7686-11cf-8f52-0040333594a3>
 DWORD nMaterials;
 DWORD nFaceIndexes;
 array DWORD faceIndexes[nFaceIndexes];
 [Material <3d82ab4d-62da-11cf-ab39-0020af71e433>]
}

template VertexElement {
 <f752461c-1e23-48f6-b9f8-8350850f336f>
 DWORD Type;
 DWORD Method;
 DWORD Usage;
 DWORD UsageIndex;
}

template DeclData {
 <bf22e553-292c-4781-9fea-62bd554bdd93>
 DWORD nElements;
 array VertexElement Elements[nElements];
 DWORD nDWords;
 array DWORD data[nDWords];
}

template XSkinMeshHeader {
 <3cf169ce-ff7c-44ab-93c0-f78f62d172e2>
 WORD nMaxSkinWeightsPerVertex;
 WORD nMaxSkinWeightsPerFace;
 WORD nBones;
}

template SkinWeights {
 <6f0d123b-bad2-4167-a0d0-80224f25fabb>
 STRING transformNodeName;
 DWORD nWeights;
 array DWORD vertexIndices[nWeights];
 array FLOAT weights[nWeights];
 Matrix4x4 matrixOffset;
}

template AnimTicksPerSecond {
 <9e415a43-7ba6-4a73-8743-b73d47e88476>
 DWORD AnimTicksPerSecond;
}

template Animation {
 <3d82ab4f-62da-11cf-ab39-0020af71e433>
 [...]
}

template AnimationSet {
 <3d82ab50-62da-11cf-ab39-0020af71e433>
 [Animation <3d82ab4f-62da-11cf-ab39-0020af71e433>]
}

template FloatKeys {
 <10dd46a9-775b-11cf-8f52-0040333594a3>
 DWORD nValues;
 array FLOAT values[nValues];
}

template TimedFloatKeys {
 <f406b180-7b3b-11cf-8f52-0040333594a3>
 DWORD time;
 FloatKeys tfkeys;
}

template AnimationKey {
 <10dd46a8-775b-11cf-8f52-0040333594a3>
 DWORD keyType;
 DWORD nKeys;
 array TimedFloatKeys keys[nKeys];
}


Frame Bip001 {
 

 FrameTransformMatrix {
  -0.341892,0.027342,0.939341,0.000000,0.009352,0.999626,-0.025693,0.000000,-0.939693,-0.000000,-0.342020,0.000000,-0.000000,115.987251,0.000000,1.000000;;
 }

 Frame Bip001_Pelvis {
  

  FrameTransformMatrix {
   0.000000,0.998788,0.049211,0.000000,-0.000001,-0.049211,0.998788,0.000000,1.000000,-0.000000,0.000001,0.000000,0.000000,0.000000,0.000000,1.000000;;
  }

  Frame Bip001_Spine {
   

   FrameTransformMatrix {
    0.999502,0.031535,0.000843,0.000000,-0.031540,0.999481,0.006597,0.000000,-0.000635,-0.006620,0.999978,0.000000,14.244682,-0.701757,-0.012844,1.000000;;
   }

   Frame Bip001_Spine1 {
    

    FrameTransformMatrix {
     0.998385,0.015266,-0.054726,0.000000,-0.004749,0.982279,0.187365,0.000000,0.056617,-0.186802,0.980765,0.000000,16.121491,0.002397,-0.012590,1.000000;;
    }

    Frame Bip001_Spine2 {
     

     FrameTransformMatrix {
      0.999543,-0.007353,-0.029336,0.000000,0.013459,0.976791,0.213770,0.000000,0.027083,-0.214067,0.976444,0.000000,16.121856,0.002748,-0.012536,1.000000;;
     }

     Frame Bip001_Spine3 {
      

      FrameTransformMatrix {
       0.994797,-0.054710,0.085937,0.000000,0.047378,0.995241,0.085150,0.000000,-0.090186,-0.080636,0.992655,0.000000,16.123398,0.001034,-0.012741,1.000000;;
      }

      Frame Bip001_Neck {
       

       FrameTransformMatrix {
        0.926787,0.000001,0.375587,0.000000,-0.000001,1.000000,-0.000000,0.000000,-0.375587,-0.000000,0.926787,0.000000,16.124984,0.000000,-0.006867,1.000000;;
       }

       Frame Bip001_L_Clavicle {
        

        FrameTransformMatrix {
         -0.024881,0.996620,0.078286,0.000000,0.926460,0.052408,-0.372728,0.000000,-0.375571,0.063255,-0.924632,0.000000,0.000000,4.340600,0.007385,1.000000;;
        }

        Frame Bip001_L_UpperArm {
         

         FrameTransformMatrix {
          0.888730,-0.450441,-0.085211,0.000000,0.458407,0.875051,0.155397,0.000000,0.004567,-0.177168,0.984170,0.000000,16.122221,0.000000,-0.000000,1.000000;;
         }

         Frame Bip001_L_Forearm {
          

          FrameTransformMatrix {
           0.377359,0.000000,-0.926067,0.000000,0.000000,1.000000,-0.000000,0.000000,0.926067,0.000000,0.377359,0.000000,44.136810,-0.000015,0.000004,1.000000;;
          }

          Frame Bip001_L_Hand {
           

           FrameTransformMatrix {
            0.996605,-0.061908,0.054285,0.000000,-0.044394,0.151229,0.987501,0.000000,-0.069344,-0.986558,0.147967,0.000000,37.683366,-0.000015,0.000004,1.000000;;
           }

           Frame Bip001_L_Finger0 {
            

            FrameTransformMatrix {
             0.808969,-0.205995,0.550578,0.000000,0.587734,0.264643,-0.764548,0.000000,0.011786,0.942088,0.335158,0.000000,4.289879,-5.456856,2.394806,1.000000;;
            }

            Frame Bip001_L_Finger01 {
             

             FrameTransformMatrix {
              0.906248,0.000000,0.422748,0.000000,0.000000,1.000000,0.000000,0.000000,-0.422748,0.000000,0.906247,0.000000,3.875538,0.000000,0.000008,1.000000;;
             }

             Frame Bip001_L_Finger02 {
              

              FrameTransformMatrix {
               0.974202,0.000000,0.225679,0.000000,0.000000,1.000000,-0.000000,0.000000,-0.225679,-0.000000,0.974202,0.000000,3.875534,0.000000,-0.000008,1.000000;;
              }

              Frame Bip001_L_Finger0Nub {
               

               FrameTransformMatrix {
                1.000000,0.000000,0.000000,0.000000,0.000000,1.000000,0.000000,0.000000,-0.000000,0.000000,1.000000,0.000000,3.875534,0.000000,-0.000008,1.000000;;
               }
              }
             }
            }
           }

           Frame Bip001_L_Finger1 {
            

            FrameTransformMatrix {
             0.998765,-0.000040,0.049695,0.000000,-0.000000,1.000000,0.000796,0.000000,-0.049695,-0.000795,0.998764,0.000000,11.734272,-5.461201,-0.417755,1.000000;;
            }

            Frame Bip001_L_Finger11 {
             

             FrameTransformMatrix {
              0.361810,0.000000,0.932252,0.000000,0.000000,1.000000,0.000000,0.000000,-0.932252,-0.000000,0.361810,0.000000,4.650642,0.000004,0.000000,1.000000;;
             }

             Frame Bip001_L_Finger12 {
              

              FrameTransformMatrix {
               0.292991,0.000000,0.956115,0.000000,0.000000,1.000000,-0.000000,0.000000,-0.956115,-0.000000,0.292991,0.000000,4.650650,-0.000004,0.000000,1.000000;;
              }

              Frame Bip001_L_Finger1Nub {
               

               FrameTransformMatrix {
                1.000000,-0.000000,0.000000,0.000000,-0.000000,1.000000,0.000000,0.000000,0.000000,0.000000,1.000000,0.000000,4.650650,-0.000004,0.000008,1.000000;;
               }
              }
             }
            }
           }

           Frame Bip001_L_Finger2 {
            

            FrameTransformMatrix {
             0.998262,0.054051,0.023481,0.000000,-0.054546,0.998291,0.020970,0.000000,-0.022307,-0.022214,0.999504,0.000000,11.686756,-1.501316,-0.364792,1.000000;;
            }

            Frame Bip001_L_Finger21 {
             

             FrameTransformMatrix {
              0.348076,0.000000,0.937466,0.000000,0.000000,1.000000,0.000000,0.000000,-0.937466,0.000000,0.348076,0.000000,4.698433,0.000004,0.000015,1.000000;;
             }

             Frame Bip001_L_Finger22 {
              

              FrameTransformMatrix {
               0.030602,-0.000000,0.999532,0.000000,0.000000,1.000000,-0.000000,0.000000,-0.999532,0.000000,0.030602,0.000000,5.425751,0.000000,0.000000,1.000000;;
              }

              Frame Bip001_L_Finger2Nub {
               

               FrameTransformMatrix {
                1.000000,0.000000,0.000000,0.000000,0.000000,1.000000,0.000000,0.000000,-0.000000,0.000000,1.000000,0.000000,5.425751,-0.000004,0.000000,1.000000;;
               }
              }
             }
            }
           }

           Frame Bip001_L_Finger3 {
            

            FrameTransformMatrix {
             0.996230,0.084975,-0.017446,0.000000,-0.084190,0.995578,0.041667,0.000000,0.020910,-0.040041,0.998979,0.000000,11.686199,1.606098,-0.362930,1.000000;;
            }

            Frame Bip001_L_Finger31 {
             

             FrameTransformMatrix {
              0.419784,0.000000,0.907624,0.000000,-0.000000,1.000000,0.000000,0.000000,-0.907624,0.000000,0.419784,0.000000,4.316544,0.000004,0.000015,1.000000;;
             }

             Frame Bip001_L_Finger32 {
              

              FrameTransformMatrix {
               0.000102,0.000000,1.000000,0.000000,-0.000000,1.000000,0.000000,0.000000,-1.000000,-0.000000,0.000102,0.000000,4.650650,-0.000011,0.000000,1.000000;;
              }

              Frame Bip001_L_Finger3Nub {
               

               FrameTransformMatrix {
                1.000000,0.000000,0.000000,0.000000,-0.000000,1.000000,0.000000,0.000000,-0.000000,0.000000,1.000000,0.000000,4.650650,0.000004,0.000000,1.000000;;
               }
              }
             }
            }
           }

           Frame Bip001_L_Finger4 {
            

            FrameTransformMatrix {
             0.958921,0.040089,0.280827,0.000000,-0.043233,0.999053,0.005008,0.000000,-0.280360,-0.016943,0.959745,0.000000,10.216786,4.386829,-0.631821,1.000000;;
            }

            Frame Bip001_L_Finger41 {
             

             FrameTransformMatrix {
              0.392584,0.000000,0.919716,0.000000,-0.000000,1.000000,0.000000,0.000000,-0.919716,0.000000,0.392584,0.000000,3.003712,0.000000,0.000015,1.000000;;
             }

             Frame Bip001_L_Finger42 {
              

              FrameTransformMatrix {
               0.022317,-0.000000,0.999751,0.000000,0.000000,1.000000,-0.000000,0.000000,-0.999751,-0.000000,0.022317,0.000000,3.003708,-0.000008,0.000000,1.000000;;
              }

              Frame Bip001_L_Finger4Nub {
               

               FrameTransformMatrix {
                1.000000,0.000000,0.000000,0.000000,-0.000000,1.000000,0.000000,0.000000,-0.000000,0.000000,1.000000,0.000000,3.003708,0.000000,0.000000,1.000000;;
               }
              }
             }
            }
           }
          }
         }
        }
       }

       Frame Bip001_R_Clavicle {
        

        FrameTransformMatrix {
         -0.096127,-0.992649,0.073529,0.000000,-0.921567,0.116671,0.370273,0.000000,-0.376130,-0.032169,-0.926008,0.000000,-0.000015,-4.340599,0.007416,1.000000;;
        }

        Frame Bip001_R_UpperArm {
         

         FrameTransformMatrix {
          0.645398,0.757178,0.100717,0.000000,-0.286360,0.362080,-0.887072,0.000000,-0.708138,0.543673,0.450511,0.000000,16.122222,0.000000,0.000000,1.000000;;
         }

         Frame Bip001_R_Forearm {
          

          FrameTransformMatrix {
           0.468445,0.000000,-0.883493,0.000000,0.000000,1.000000,-0.000000,0.000000,0.883493,0.000000,0.468445,0.000000,44.136832,0.000015,0.000000,1.000000;;
          }

          Frame Bip001_R_Hand {
           

           FrameTransformMatrix {
            0.973778,0.028753,0.225676,0.000000,0.220266,-0.367341,-0.903628,0.000000,0.056918,0.929642,-0.364042,0.000000,37.683370,0.000000,-0.000015,1.000000;;
           }

           Frame Bip001_R_Finger0 {
            

            FrameTransformMatrix {
             0.808969,0.205995,0.550578,0.000000,-0.587734,0.264643,0.764548,0.000000,0.011786,-0.942088,0.335158,0.000000,4.289864,5.456848,2.394809,1.000000;;
            }

            Frame Bip001_R_Finger01 {
             

             FrameTransformMatrix {
              0.906247,0.000000,0.422748,0.000000,0.000000,1.000000,0.000000,0.000000,-0.422747,-0.000000,0.906248,0.000000,3.875534,-0.000004,0.000000,1.000000;;
             }

             Frame Bip001_R_Finger02 {
              

              FrameTransformMatrix {
               0.974202,0.000000,0.225679,0.000000,0.000000,1.000000,0.000000,0.000000,-0.225679,0.000000,0.974202,0.000000,3.875534,0.000000,-0.000015,1.000000;;
              }

              Frame Bip001_R_Finger0Nub {
               

               FrameTransformMatrix {
                -1.000000,0.000000,0.000000,0.000000,0.000000,1.000000,-0.000000,0.000000,-0.000000,0.000000,-1.000000,0.000000,3.875546,-0.000004,0.000000,1.000000;;
               }
              }
             }
            }
           }

           Frame Bip001_R_Finger1 {
            

            FrameTransformMatrix {
             0.998765,0.000040,0.049695,0.000000,-0.000000,1.000000,-0.000796,0.000000,-0.049695,0.000795,0.998764,0.000000,11.734264,5.461197,-0.417760,1.000000;;
            }

            Frame Bip001_R_Finger11 {
             

             FrameTransformMatrix {
              0.361810,-0.000000,0.932252,0.000000,0.000000,1.000000,-0.000000,0.000000,-0.932252,0.000000,0.361810,0.000000,4.650646,0.000031,0.000000,1.000000;;
             }

             Frame Bip001_R_Finger12 {
              

              FrameTransformMatrix {
               0.292991,0.000000,0.956115,0.000000,-0.000000,1.000000,-0.000000,0.000000,-0.956115,-0.000000,0.292991,0.000000,4.650640,-0.000015,-0.000008,1.000000;;
              }

              Frame Bip001_R_Finger1Nub {
               

               FrameTransformMatrix {
                -1.000000,0.000000,0.000000,0.000000,-0.000000,1.000000,0.000000,0.000000,-0.000000,-0.000000,-1.000000,0.000000,4.650642,0.000000,0.000000,1.000000;;
               }
              }
             }
            }
           }

           Frame Bip001_R_Finger2 {
            

            FrameTransformMatrix {
             0.998262,-0.054051,0.023481,0.000000,0.054546,0.998291,-0.020970,0.000000,-0.022307,0.022214,0.999504,0.000000,11.686756,1.501312,-0.364780,1.000000;;
            }

            Frame Bip001_R_Finger21 {
             

             FrameTransformMatrix {
              0.348076,0.000000,0.937466,0.000000,0.000000,1.000000,0.000000,0.000000,-0.937466,-0.000000,0.348076,0.000000,4.698433,-0.000015,0.000002,1.000000;;
             }

             Frame Bip001_R_Finger22 {
              

              FrameTransformMatrix {
               0.030602,-0.000000,0.999532,0.000000,-0.000000,1.000000,0.000000,0.000000,-0.999532,-0.000000,0.030602,0.000000,5.425750,0.000000,0.000000,1.000000;;
              }

              Frame Bip001_R_Finger2Nub {
               

               FrameTransformMatrix {
                -1.000000,0.000000,0.000000,0.000000,0.000000,1.000000,-0.000000,0.000000,-0.000000,-0.000000,-1.000000,0.000000,5.425747,0.000000,-0.000002,1.000000;;
               }
              }
             }
            }
           }

           Frame Bip001_R_Finger3 {
            

            FrameTransformMatrix {
             0.996230,-0.084975,-0.017446,0.000000,0.084190,0.995578,-0.041667,0.000000,0.020910,0.040041,0.998979,0.000000,11.686188,-1.606110,-0.362916,1.000000;;
            }

            Frame Bip001_R_Finger31 {
             

             FrameTransformMatrix {
              0.419784,-0.000000,0.907624,0.000000,0.000000,1.000000,0.000000,0.000000,-0.907624,-0.000000,0.419784,0.000000,4.316551,-0.000015,-0.000002,1.000000;;
             }

             Frame Bip001_R_Finger32 {
              

              FrameTransformMatrix {
               0.000102,0.000000,1.000000,0.000000,0.000000,1.000000,0.000000,0.000000,-1.000000,0.000000,0.000102,0.000000,4.650644,0.000000,0.000000,1.000000;;
              }

              Frame Bip001_R_Finger3Nub {
               

               FrameTransformMatrix {
                -1.000000,-0.000000,-0.000000,0.000000,-0.000000,1.000000,-0.000000,0.000000,0.000000,-0.000000,-1.000000,0.000000,4.650642,0.000000,0.000002,1.000000;;
               }
              }
             }
            }
           }

           Frame Bip001_R_Finger4 {
            

            FrameTransformMatrix {
             0.958921,-0.040088,0.280827,0.000000,0.043233,0.999053,-0.005008,0.000000,-0.280360,0.016943,0.959745,0.000000,10.216774,-4.386841,-0.631806,1.000000;;
            }

            Frame Bip001_R_Finger41 {
             

             FrameTransformMatrix {
              0.392584,-0.000000,0.919716,0.000000,0.000000,1.000000,0.000000,0.000000,-0.919716,-0.000000,0.392584,0.000000,3.003716,0.000015,-0.000002,1.000000;;
             }

             Frame Bip001_R_Finger42 {
              

              FrameTransformMatrix {
               0.022317,-0.000000,0.999751,0.000000,0.000000,1.000000,0.000000,0.000000,-0.999751,-0.000000,0.022317,0.000000,3.003709,-0.000015,0.000008,1.000000;;
              }

              Frame Bip001_R_Finger4Nub {
               

               FrameTransformMatrix {
                -1.000000,0.000000,-0.000000,0.000000,-0.000000,1.000000,0.000000,0.000000,-0.000000,-0.000000,-1.000000,0.000000,3.003708,0.000000,0.000000,1.000000;;
               }
              }
             }
            }
           }
          }
         }
        }
       }

       Frame Bip001_Head {
        

        FrameTransformMatrix {
         0.899151,0.007545,-0.437573,0.000000,-0.054466,0.994007,-0.094780,0.000000,0.434235,0.109054,0.894174,0.000000,15.765366,-0.911514,-0.005142,1.000000;;
        }

        Frame Bip001_HeadNub {
         

         FrameTransformMatrix {
          1.000000,-0.000000,0.000000,0.000000,0.000000,1.000000,-0.000000,0.000000,0.000000,-0.000000,1.000000,0.000000,29.143997,-0.000000,0.000000,1.000000;;
         }
        }
       }
      }
     }
    }
   }

   Frame Bip001_L_Thigh {
    

    FrameTransformMatrix {
     -0.905937,0.069435,-0.417681,0.000000,-0.250269,-0.883509,0.395951,0.000000,-0.341532,0.463239,0.817781,0.000000,-13.824402,13.546026,-0.064846,1.000000;;
    }

    Frame Bip001_L_Calf {
     

     FrameTransformMatrix {
      0.994908,0.000000,-0.100783,0.000000,0.000000,1.000000,-0.000000,0.000000,0.100783,0.000000,0.994908,0.000000,54.040717,0.000002,0.000004,1.000000;;
     }

     Frame Bip001_L_Foot {
      

      FrameTransformMatrix {
       0.858568,0.168909,0.484078,0.000000,-0.371412,0.855778,0.360135,0.000000,-0.353433,-0.488993,0.797478,0.000000,58.826880,0.000002,0.000004,1.000000;;
      }

      Frame Bip001_L_Toe0 {
       

       FrameTransformMatrix {
        0.000000,0.000000,1.000000,0.000000,-0.000000,1.000000,0.000000,0.000000,-1.000000,-0.000000,0.000000,0.000000,14.261974,0.000000,18.354530,1.000000;;
       }

       Frame Bip001_L_Toe01 {
        

        FrameTransformMatrix {
         1.000000,0.000000,0.000000,0.000000,0.000000,1.000000,-0.000000,0.000000,0.000000,0.000000,1.000000,0.000000,1.860256,0.000000,0.000000,1.000000;;
        }

        Frame Bip001_L_Toe02 {
         

         FrameTransformMatrix {
          1.000000,0.000000,0.000000,0.000000,0.000000,1.000000,-0.000000,0.000000,0.000000,0.000000,1.000000,0.000000,1.860258,0.000000,0.000000,1.000000;;
         }

         Frame Bip001_L_Toe0Nub {
          

          FrameTransformMatrix {
           -1.000000,0.000000,-0.000000,0.000000,0.000000,1.000000,-0.000000,0.000000,-0.000000,-0.000000,-1.000000,0.000000,1.860258,0.000004,0.000000,1.000000;;
          }
         }
        }
       }
      }
     }
    }
   }

   Frame Bip001_R_Thigh {
    

    FrameTransformMatrix {
     -0.820169,-0.047673,0.570132,0.000000,-0.013825,-0.994580,-0.103051,0.000000,0.571955,-0.092402,0.815064,0.000000,-14.606530,-11.244514,0.099322,1.000000;;
    }

    Frame Bip001_R_Calf {
     

     FrameTransformMatrix {
      0.918552,-0.000000,-0.395299,0.000000,0.000000,1.000000,0.000000,0.000000,0.395299,-0.000000,0.918553,0.000000,53.736064,-0.000002,0.000000,1.000000;;
     }

     Frame Bip001_R_Foot {
      

      FrameTransformMatrix {
       0.983427,-0.072387,-0.166229,0.000000,0.051556,0.990641,-0.126383,0.000000,0.173822,0.115718,0.977955,0.000000,59.151962,0.000000,0.000000,1.000000;;
      }

      Frame Bip001_R_Toe0 {
       

       FrameTransformMatrix {
        0.000000,-0.000000,1.000000,0.000000,-0.000000,1.000000,0.000000,0.000000,-1.000000,-0.000000,0.000000,0.000000,14.261973,0.000002,18.354530,1.000000;;
       }

       Frame Bip001_R_Toe01 {
        

        FrameTransformMatrix {
         1.000000,-0.000000,0.000000,0.000000,0.000000,1.000000,0.000000,0.000000,0.000000,0.000000,1.000000,0.000000,1.860252,-0.000001,0.000000,1.000000;;
        }

        Frame Bip001_R_Toe02 {
         

         FrameTransformMatrix {
          1.000000,-0.000000,0.000000,0.000000,0.000000,1.000000,0.000000,0.000000,0.000000,0.000000,1.000000,0.000000,1.860260,0.000001,-0.000001,1.000000;;
         }

         Frame Bip001_R_Toe0Nub {
          

          FrameTransformMatrix {
           1.000000,-0.000000,0.000000,0.000000,0.000000,1.000000,0.000000,0.000000,0.000000,0.000000,1.000000,0.000000,1.860252,-0.000001,0.000000,1.000000;;
          }
         }
        }
       }
      }
     }
    }
   }
  }
 }
}

Frame Box001 {
 

 FrameTransformMatrix {
  0.667112,0.000000,0.000000,0.000000,0.000000,0.696682,0.000000,0.000000,0.000000,0.000000,0.492662,0.000000,0.000000,0.000000,0.000000,1.000000;;
 }

 Mesh Box001 {
  24;
  -56.917952;22.549189;-20.438965;,
  -56.191424;21.553190;-26.144707;,
  -54.552973;21.253730;-22.783710;,
  -58.556403;22.848650;-23.799962;,
  -56.109715;24.277302;-20.853501;,
  -55.383187;23.281306;-26.559242;,
  -57.748160;24.576763;-24.214496;,
  -53.744742;22.981843;-23.198248;,
  -56.917952;22.549189;-20.438965;,
  -57.748160;24.576763;-24.214496;,
  -58.556403;22.848650;-23.799962;,
  -56.109715;24.277302;-20.853501;,
  -58.556403;22.848650;-23.799962;,
  -55.383187;23.281306;-26.559242;,
  -56.191424;21.553190;-26.144707;,
  -57.748160;24.576763;-24.214496;,
  -56.191424;21.553190;-26.144707;,
  -53.744742;22.981843;-23.198248;,
  -54.552973;21.253730;-22.783710;,
  -55.383187;23.281306;-26.559242;,
  -54.552973;21.253730;-22.783710;,
  -56.109715;24.277302;-20.853501;,
  -56.917952;22.549189;-20.438965;,
  -53.744742;22.981843;-23.198248;;
  12;
  3;0,1,2;,
  3;1,0,3;,
  3;4,5,6;,
  3;5,4,7;,
  3;8,9,10;,
  3;9,8,11;,
  3;12,13,14;,
  3;13,12,15;,
  3;16,17,18;,
  3;17,16,19;,
  3;20,21,22;,
  3;21,20,23;;

  MeshMaterialList {
   1;
   12;
   0,
   0,
   0,
   0,
   0,
   0,
   0,
   0,
   0,
   0,
   0,
   0;

   Material  {
    0.529412;0.231373;0.031373;1.000000;;
    0.000000;
    0.000000;0.000000;0.000000;;
    0.000000;0.000000;0.000000;;
   }
  }

  DeclData {
   2;
   2;0;3;0;,
   1;0;5;0;;
   120;
   3200816110,
   3211385990,
   1038117964,
   1065353216,
   1065353216,
   3200816110,
   3211385990,
   1038117964,
   0,
   0,
   3200816110,
   3211385991,
   1038117963,
   1065353216,
   0,
   3200816110,
   3211385991,
   1038117963,
   0,
   1065353216,
   1053332459,
   1063902343,
   3185601610,
   0,
   1065353216,
   1053332459,
   1063902343,
   3185601610,
   1065353216,
   0,
   1053332461,
   1063902343,
   3185601608,
   1065353216,
   1065353216,
   1053332457,
   1063902344,
   3185601610,
   0,
   0,
   3209123589,
   1055796347,
   1054315175,
   0,
   1065353216,
   3209123589,
   1055796347,
   1054315175,
   1065353216,
   0,
   3209123588,
   1055796347,
   1054315176,
   1065353216,
   1065353216,
   3209123588,
   1055796347,
   1054315176,
   0,
   0,
   3207143063,
   1040636003,
   3208459320,
   0,
   1065353216,
   3207143063,
   1040635964,
   3208459321,
   1065353216,
   0,
   3207143063,
   1040635928,
   3208459323,
   1065353216,
   1065353216,
   3207143063,
   1040636040,
   3208459318,
   0,
   0,
   1061639954,
   3203279939,
   3201798836,
   0,
   1065353216,
   1061639953,
   3203279944,
   3201798832,
   1065353216,
   0,
   1061639953,
   3203279948,
   3201798830,
   1065353216,
   1065353216,
   1061639954,
   3203279935,
   3201798838,
   0,
   0,
   1059659425,
   3188119597,
   1060975665,
   0,
   1065353216,
   1059659415,
   3188119634,
   1060975672,
   1065353216,
   0,
   1059659407,
   3188119664,
   1060975678,
   1065353216,
   1065353216,
   1059659432,
   3188119566,
   1060975660,
   0,
   0;
  }

  XSkinMeshHeader {
   1;
   1;
   1;
  }

  SkinWeights {
   "Bip001_L_Toe0Nub";
   24;
   0,
   1,
   2,
   3,
   4,
   5,
   6,
   7,
   8,
   9,
   10,
   11,
   12,
   13,
   14,
   15,
   16,
   17,
   18,
   19,
   20,
   21,
   22,
   23;
   1.000000,
   1.000000,
   1.000000,
   1.000000,
   1.000000,
   1.000000,
   1.000000,
   1.000000,
   1.000000,
   1.000000,
   1.000000,
   1.000000,
   1.000000,
   1.000000,
   1.000000,
   1.000000,
   1.000000,
   1.000000,
   1.000000,
   1.000000,
   1.000000,
   1.000000,
   1.000000,
   1.000000;
   0.637341,0.196145,-0.019007,0.000000,-0.025549,0.015570,-0.696039,0.000000,-0.144406,0.470757,0.015832,0.000000,2.604553,44.735232,1.507860,1.000000;;
  }
 }
}

AnimTicksPerSecond  {
 4800;
}

AnimationSet Anim1 {
 

 Animation {
  
  { Bip001 }

  AnimationKey S {
   1;
   2;
   0;3;1.000000,1.000000,1.000000;;,
   9600;3;1.000000,1.000000,1.000000;;;
  }

  AnimationKey R {
   0;
   61;
   0;4;0.573523,0.011200,0.819075,-0.007842;;,
   160;4;0.576374,0.007248,0.817135,-0.005622;;,
   320;4;0.576767,0.003456,0.816893,-0.003733;;,
   480;4;0.582020,-0.000658,0.813173,-0.001180;;,
   640;4;0.599256,-0.005577,0.800532,0.003029;;,
   800;4;0.634570,-0.012345,0.772700,0.010159;;,
   960;4;0.680840,-0.020352,0.731895,0.019309;;,
   1120;4;0.726089,-0.027622,0.686466,0.028229;;,
   1280;4;0.760701,-0.032269,0.647368,0.034745;;,
   1440;4;0.785891,-0.033279,0.616281,0.038287;;,
   1600;4;0.806548,-0.031851,0.588950,0.040033;;,
   1760;4;0.820672,-0.029545,0.569194,0.040544;;,
   1920;4;0.826430,-0.027930,0.560894,0.040392;;,
   2080;4;0.820796,-0.029678,0.569004,0.040602;;,
   2240;4;0.801780,-0.031742,0.595479,0.039314;;,
   2400;4;0.768124,-0.027094,0.638890,0.032738;;,
   2560;4;0.713941,-0.015803,0.699831,0.016595;;,
   2720;4;0.637715,0.002358,0.770253,-0.004985;;,
   2880;4;0.546507,0.034367,0.836431,-0.023069;;,
   3040;4;0.434899,0.095652,0.894649,-0.036298;;,
   3200;4;0.305291,0.168514,0.936140,-0.045193;;,
   3360;4;0.187257,0.211406,0.958239,-0.044945;;,
   3520;4;0.088032,0.212460,0.972630,-0.033200;;,
   3680;4;-0.003227,0.192963,0.981095,-0.014390;;,
   3840;4;-0.079838,0.165835,0.982906,0.004498;;,
   4000;4;-0.135870,0.144832,0.979945,0.016436;;,
   4160;4;-0.174187,0.131910,0.975616,0.020785;;,
   4320;4;-0.202461,0.119924,0.971667,0.022149;;,
   4480;4;-0.222596,0.109217,0.968536,0.021452;;,
   4640;4;-0.236453,0.100068,0.966277,0.019617;;,
   4800;4;-0.245859,0.092726,0.964700,0.017560;;,
   4960;4;-0.252612,0.087422,0.963474,0.016200;;,
   5120;4;-0.251934,0.086895,0.963719,0.014973;;,
   5280;4;-0.240203,0.091571,0.966306,0.013076;;,
   5440;4;-0.220892,0.098190,0.970280,0.011062;;,
   5600;4;-0.197505,0.103500,0.974777,0.009484;;,
   5760;4;-0.167346,0.109469,0.979760,0.009081;;,
   5920;4;-0.127709,0.114910,0.985090,0.009117;;,
   6080;4;-0.082258,0.111919,0.990275,0.007926;;,
   6240;4;-0.034712,0.093220,0.995032,0.003963;;,
   6400;4;0.018565,0.065939,0.997650,-0.001225;;,
   6560;4;0.084721,0.043876,0.995427,-0.004647;;,
   6720;4;0.173051,0.030005,0.984444,-0.004824;;,
   6880;4;0.273638,0.018671,0.961646,-0.003384;;,
   7040;4;0.365333,0.010709,0.930813,-0.002067;;,
   7200;4;0.429382,0.006875,0.903093,-0.002634;;,
   7360;4;0.471253,0.007495,0.881947,-0.005790;;,
   7520;4;0.506354,0.011449,0.862186,-0.010467;;,
   7680;4;0.533056,0.017177,0.845760,-0.015724;;,
   7840;4;0.549849,0.023116,0.834690,-0.020623;;,
   8000;4;0.555215,0.027698,0.830893,-0.024227;;,
   8160;4;0.547437,0.029341,0.835941,-0.025582;;,
   8320;4;0.526183,0.028298,0.849537,-0.024853;;,
   8480;4;0.493871,0.026058,0.868841,-0.022998;;,
   8640;4;0.452679,0.022868,0.891150,-0.020248;;,
   8800;4;0.405005,0.018997,0.913962,-0.016853;;,
   8960;4;0.353559,0.014733,0.935205,-0.013078;;,
   9120;4;0.301367,0.010381,0.953407,-0.009209;;,
   9280;4;0.251702,0.006262,0.967769,-0.005542;;,
   9440;4;0.207979,0.002695,0.978127,-0.002373;;,
   9600;4;0.173648,-0.000000,0.984808,-0.000000;;;
  }

  AnimationKey T {
   2;
   61;
   0;3;-0.000000,115.987251,0.000000;;,
   160;3;-0.295473,115.932211,-0.137946;;,
   320;3;-0.541033,115.988877,-0.279293;;,
   480;3;-0.886419,115.822093,-0.413838;;,
   640;3;-1.481371,115.096666,-0.531379;;,
   800;3;-2.553240,113.787085,-0.774011;;,
   960;3;-3.980048,112.165773,-0.992460;;,
   1120;3;-5.387537,110.344461,-0.739469;;,
   1280;3;-6.682571,108.434893,0.101472;;,
   1440;3;-7.984997,106.548742,1.254633;;,
   1600;3;-9.240038,104.797766,2.578908;;,
   1760;3;-10.392918,103.293664,3.933191;;,
   1920;3;-11.488220,102.148160,5.330020;;,
   2080;3;-12.434362,101.472979,6.863814;;,
   2240;3;-12.972310,101.400749,8.516287;;,
   2400;3;-12.746626,101.890022,10.276734;;,
   2560;3;-12.112749,102.791366,12.155857;;,
   2720;3;-11.877970,103.955360,14.167496;;,
   2880;3;-12.498266,105.232582,16.422310;;,
   3040;3;-13.517658,106.473619,18.809629;;,
   3200;3;-14.375514,107.529024,21.011314;;,
   3360;3;-15.026917,108.249408,23.002670;;,
   3520;3;-15.658542,108.420109,24.916763;;,
   3680;3;-16.057133,108.139904,26.672107;;,
   3840;3;-16.009426,107.729510,28.187203;;,
   4000;3;-15.481608,107.509594,29.496208;;,
   4160;3;-14.664030,107.564915,30.696765;;,
   4320;3;-13.679693,107.724672,31.802618;;,
   4480;3;-12.651598,107.926349,32.827510;;,
   4640;3;-11.702742,108.107418,33.785190;;,
   4800;3;-10.956132,108.216704,34.689395;;,
   4960;3;-10.725285,108.285414,35.565114;;,
   5120;3;-10.811407,108.374630,36.171971;;,
   5280;3;-10.569023,108.545498,36.125661;;,
   5440;3;-9.753048,108.859110,35.558464;;,
   5600;3;-8.684431,109.318157,34.702195;;,
   5760;3;-7.566746,109.867354,33.321853;;,
   5920;3;-6.603575,110.480781,31.182438;;,
   6080;3;-5.741705,111.132557,27.987795;;,
   6240;3;-4.908394,111.796787,23.941096;;,
   6400;3;-4.277922,112.447539,19.556296;;,
   6560;3;-4.024570,113.058944,15.347373;;,
   6720;3;-4.314682,113.605094,11.119554;;,
   6880;3;-5.015354,114.060109,6.709335;;,
   7040;3;-5.851984,114.398054,2.677572;;,
   7200;3;-6.549976,114.593062,-0.414877;;,
   7360;3;-7.194452,114.379904,-2.747029;;,
   7520;3;-7.959351,113.673715,-4.820986;;,
   7680;3;-8.703318,112.719181,-6.560571;;,
   7840;3;-9.284985,111.760998,-7.889571;;,
   8000;3;-9.562986,111.043840,-8.731786;;,
   8160;3;-9.395956,110.812378,-9.011018;;,
   8320;3;-8.795004,111.026778,-8.743716;;,
   8480;3;-7.913871,111.450125,-8.062856;;,
   8640;3;-6.825177,112.031514,-7.067050;;,
   8800;3;-5.601511,112.720026,-5.854886;;,
   8960;3;-4.315500,113.464742,-4.524989;;,
   9120;3;-3.039728,114.214720,-3.175940;;,
   9280;3;-1.846824,114.919104,-1.906363;;,
   9440;3;-0.809373,115.526912,-0.814843;;,
   9600;3;-0.000000,115.987251,0.000000;;;
  }
 }

 Animation {
  
  { Bip001_Pelvis }

  AnimationKey S {
   1;
   2;
   0;3;1.000000,1.000000,1.000000;;,
   9600;3;1.000000,1.000000,1.000000;;;
  }

  AnimationKey R {
   0;
   2;
   0;4;-0.487542,0.512155,0.487542,0.512155;;,
   9600;4;-0.487542,0.512155,0.487542,0.512155;;;
  }

  AnimationKey T {
   2;
   2;
   0;3;0.000000,0.000000,0.000000;;,
   9600;3;0.000000,0.000000,0.000000;;;
  }
 }

 Animation {
  
  { Bip001_Spine }

  AnimationKey S {
   1;
   2;
   0;3;1.000000,1.000000,1.000000;;,
   9600;3;1.000000,1.000000,1.000000;;;
  }

  AnimationKey R {
   0;
   61;
   0;4;0.999870,-0.003305,0.000370,-0.015771;;,
   160;4;0.999925,-0.002934,0.000376,-0.011886;;,
   320;4;0.999968,-0.002512,0.000382,-0.007565;;,
   480;4;0.999993,-0.002078,0.000389,-0.003134;;,
   640;4;0.999998,-0.001669,0.000396,0.001078;;,
   800;4;0.999988,-0.001324,0.000402,0.004745;;,
   960;4;0.999971,-0.001081,0.000406,0.007539;;,
   1120;4;0.999958,-0.000977,0.000408,0.009132;;,
   1280;4;0.999963,-0.001773,0.000466,0.008381;;,
   1440;4;0.999980,-0.003686,0.000600,0.005195;;,
   1600;4;0.999982,-0.005946,0.000751,0.000826;;,
   1760;4;0.999963,-0.007780,0.000863,-0.003470;;,
   1920;4;0.999943,-0.008418,0.000878,-0.006441;;,
   2080;4;0.999951,-0.007088,0.000739,-0.006834;;,
   2240;4;0.999990,-0.003021,0.000388,-0.003393;;,
   2400;4;0.999962,0.005234,-0.000392,0.006989;;,
   2560;4;0.999556,0.017491,-0.001609,0.024072;;,
   2720;4;0.998509,0.032066,-0.003010,0.044082;;,
   2880;4;0.996869,0.047273,-0.004338,0.063243;;,
   3040;4;0.995060,0.061434,-0.005341,0.077803;;,
   3200;4;0.993777,0.072884,-0.005767,0.084034;;,
   3360;4;0.993517,0.083091,-0.005315,0.077409;;,
   3520;4;0.993828,0.093200,-0.004122,0.060024;;,
   3680;4;0.994144,0.101086,-0.002600,0.038123;;,
   3840;4;0.994343,0.104677,-0.001160,0.017984;;,
   4000;4;0.994771,0.101963,-0.000215,0.005905;;,
   4160;4;0.995872,0.090738,0.000222,0.002434;;,
   4320;4;0.997364,0.072494,0.000450,0.003018;;,
   4480;4;0.998689,0.050803,0.000523,0.006297;;,
   4640;4;0.999512,0.029259,0.000499,0.010907;;,
   4800;4;0.999814,0.011471,0.000432,0.015479;;,
   4960;4;0.999826,0.001047,0.000379,0.018646;;,
   5120;4;0.999791,-0.001387,0.000305,0.020404;;,
   5280;4;0.999761,0.001245,0.000159,0.021822;;,
   5440;4;0.999706,0.007220,-0.000028,0.023135;;,
   5600;4;0.999588,0.014816,-0.000226,0.024579;;,
   5760;4;0.999403,0.022309,-0.000402,0.026392;;,
   5920;4;0.999193,0.027977,-0.000526,0.028810;;,
   6080;4;0.999032,0.030099,-0.000566,0.032073;;,
   6240;4;0.998904,0.027881,-0.000487,0.037590;;,
   6400;4;0.998709,0.022589,-0.000305,0.045496;;,
   6560;4;0.998413,0.015593,-0.000065,0.054114;;,
   6720;4;0.998056,0.008265,0.000184,0.061772;;,
   6880;4;0.997764,0.001978,0.000398,0.066804;;,
   7040;4;0.997714,-0.001892,0.000529,0.067546;;,
   7200;4;0.997979,-0.003339,0.000576,0.063455;;,
   7360;4;0.998431,-0.003519,0.000580,0.055874;;,
   7520;4;0.998939,-0.002808,0.000553,0.045972;;,
   7680;4;0.999389,-0.001580,0.000508,0.034921;;,
   7840;4;0.999714,-0.000209,0.000457,0.023893;;,
   8000;4;0.999901,0.000929,0.000414,0.014065;;,
   8160;4;0.999977,0.001459,0.000391,0.006611;;,
   8320;4;0.999998,0.001491,0.000384,0.001071;;,
   8480;4;0.999992,0.001404,0.000381,-0.003846;;,
   8640;4;0.999966,0.001225,0.000380,-0.008206;;,
   8800;4;0.999927,0.000980,0.000381,-0.012076;;,
   8960;4;0.999879,0.000697,0.000384,-0.015521;;,
   9120;4;0.999827,0.000402,0.000387,-0.018609;;,
   9280;4;0.999771,0.000123,0.000390,-0.021405;;,
   9440;4;0.999712,-0.000114,0.000392,-0.023977;;,
   9600;4;0.999652,-0.000282,0.000393,-0.026391;;;
  }

  AnimationKey T {
   2;
   32;
   0;3;14.244682,-0.701757,-0.012844;;,
   1600;3;14.244706,-0.701768,-0.012844;;,
   1760;3;14.244714,-0.701648,-0.012841;;,
   2080;3;14.244706,-0.701631,-0.012840;;,
   2240;3;14.244706,-0.701771,-0.012841;;,
   2400;3;14.244675,-0.701981,-0.012842;;,
   2560;3;14.244637,-0.702293,-0.012837;;,
   2720;3;14.244576,-0.702662,-0.012815;;,
   2880;3;14.244507,-0.703046,-0.012787;;,
   3040;3;14.244438,-0.703400,-0.012749;;,
   3200;3;14.244392,-0.703685,-0.012703;;,
   3360;3;14.244392,-0.703947,-0.012665;;,
   3520;3;14.244446,-0.704212,-0.012619;;,
   3680;3;14.244522,-0.704414,-0.012573;;,
   4000;3;14.244621,-0.704510,-0.012558;;,
   4160;3;14.244690,-0.704159,-0.012625;;,
   4320;3;14.244682,-0.703693,-0.012703;;,
   4480;3;14.244698,-0.703144,-0.012772;;,
   4640;3;14.244682,-0.702595,-0.012821;;,
   4800;3;14.244682,-0.702137,-0.012836;;,
   4960;3;14.244714,-0.701866,-0.012836;;,
   5280;3;14.244682,-0.701805,-0.012840;;,
   5440;3;14.244667,-0.702023,-0.012837;;,
   5600;3;14.244682,-0.702221,-0.012831;;,
   5760;3;14.244659,-0.702415,-0.012827;;,
   5920;3;14.244651,-0.702557,-0.012819;;,
   6240;3;14.244645,-0.702610,-0.012815;;,
   6400;3;14.244651,-0.702421,-0.012825;;,
   6560;3;14.244659,-0.702238,-0.012835;;,
   6720;3;14.244675,-0.702050,-0.012838;;,
   6880;3;14.244698,-0.701890,-0.012840;;,
   9600;3;14.244690,-0.701793,-0.012843;;;
  }
 }

 Animation {
  
  { Bip001_Spine1 }

  AnimationKey S {
   1;
   2;
   0;3;1.000000,1.000000,1.000000;;,
   9600;3;1.000000,1.000000,1.000000;;;
  }

  AnimationKey R {
   0;
   61;
   0;4;0.995167,-0.093996,-0.027971,-0.005028;;,
   160;4;0.995966,-0.086465,-0.022590,-0.008141;;,
   320;4;0.996707,-0.078333,-0.017427,-0.011673;;,
   480;4;0.997351,-0.070043,-0.012317,-0.015309;;,
   640;4;0.997872,-0.062044,-0.007096,-0.018734;;,
   800;4;0.998263,-0.054781,-0.001598,-0.021631;;,
   960;4;0.998523,-0.048702,0.004339,-0.023686;;,
   1120;4;0.998659,-0.044254,0.010880,-0.024585;;,
   1280;4;0.998627,-0.042196,0.019437,-0.024194;;,
   1440;4;0.998382,-0.042382,0.030335,-0.022747;;,
   1600;4;0.997938,-0.043905,0.042102,-0.020481;;,
   1760;4;0.997371,-0.045860,0.053269,-0.017637;;,
   1920;4;0.996825,-0.047342,0.062370,-0.014456;;,
   2080;4;0.996497,-0.047452,0.067944,-0.011183;;,
   2240;4;0.996588,-0.045290,0.068530,-0.008061;;,
   2400;4;0.997245,-0.040944,0.061664,-0.004885;;,
   2560;4;0.998240,-0.035113,0.047773,-0.001363;;,
   2720;4;0.999168,-0.027815,0.029731,0.002394;;,
   2880;4;0.999744,-0.019073,0.010427,0.006270;;,
   3040;4;0.999882,-0.008922,-0.007244,0.010154;;,
   3200;4;0.999692,0.002595,-0.020386,0.013933;;,
   3360;4;0.999248,0.018771,-0.028616,0.018237;;,
   3520;4;0.998356,0.039934,-0.033971,0.023154;;,
   3680;4;0.997021,0.061597,-0.037199,0.027771;;,
   3840;4;0.995598,0.079289,-0.039069,0.031179;;,
   4000;4;0.994723,0.088559,-0.040364,0.032483;;,
   4160;4;0.994740,0.088329,-0.041472,0.031151;;,
   4320;4;0.995352,0.082015,-0.042085,0.027861;;,
   4480;4;0.996250,0.071924,-0.041942,0.023530;;,
   4640;4;0.997160,0.060368,-0.040788,0.019079;;,
   4800;4;0.997909,0.049664,-0.038371,0.015432;;,
   4960;4;0.998427,0.042137,-0.034445,0.013510;;,
   5120;4;0.998786,0.037876,-0.028479,0.013479;;,
   5280;4;0.999068,0.035025,-0.020596,0.014602;;,
   5440;4;0.999253,0.033000,-0.011541,0.016456;;,
   5600;4;0.999337,0.031216,-0.002058,0.018619;;,
   5760;4;0.999338,0.029087,0.007108,0.020667;;,
   5920;4;0.999299,0.026030,0.015212,0.022177;;,
   6080;4;0.999280,0.021463,0.021509,0.022728;;,
   6240;4;0.999309,0.014591,0.025694,0.022557;;,
   6400;4;0.999341,0.005695,0.028280,0.022049;;,
   6560;4;0.999328,-0.004195,0.029756,0.021001;;,
   6720;4;0.999248,-0.014050,0.030612,0.019212;;,
   6880;4;0.999112,-0.022840,0.031339,0.016481;;,
   7040;4;0.998958,-0.029536,0.032429,0.012609;;,
   7200;4;0.998787,-0.035056,0.033893,0.006836;;,
   7360;4;0.998549,-0.040598,0.035362,-0.000855;;,
   7520;4;0.998240,-0.045556,0.036760,-0.009543;;,
   7680;4;0.997891,-0.049325,0.038012,-0.018307;;,
   7840;4;0.997575,-0.051302,0.039046,-0.026227;;,
   8000;4;0.997386,-0.050888,0.039789,-0.032384;;,
   8160;4;0.997420,-0.047482,0.040169,-0.035857;;,
   8320;4;0.997684,-0.040739,0.040173,-0.036775;;,
   8480;4;0.998064,-0.031202,0.039878,-0.036111;;,
   8640;4;0.998447,-0.019603,0.039350,-0.034210;;,
   8800;4;0.998736,-0.006677,0.038655,-0.031422;;,
   8960;4;0.998865,0.006841,0.037859,-0.028095;;,
   9120;4;0.998807,0.020213,0.037031,-0.024581;;,
   9280;4;0.998582,0.032703,0.036243,-0.021235;;,
   9440;4;0.998247,0.043576,0.035565,-0.018409;;,
   9600;4;0.997890,0.052100,0.035071,-0.016459;;;
  }

  AnimationKey T {
   2;
   59;
   0;3;16.121491,0.002397,-0.012590;;,
   160;3;16.121613,0.002209,-0.012633;;,
   320;3;16.121765,0.001998,-0.012672;;,
   480;3;16.121888,0.001788,-0.012708;;,
   640;3;16.122024,0.001585,-0.012738;;,
