xof 0303txt 0032
template Frame {
 <3d82ab46-62da-11cf-ab39-0020af71e433>
 [...]
}

template Matrix4x4 {
 <f6f23f45-7686-11cf-8f52-0040333594a3>
 array FLOAT matrix[16];
}

template FrameTransformMatrix {
 <f6f23f41-7686-11cf-8f52-0040333594a3>
 Matrix4x4 frameMatrix;
}

template Vector {
 <3d82ab5e-62da-11cf-ab39-0020af71e433>
 FLOAT x;
 FLOAT y;
 FLOAT z;
}

template MeshFace {
 <3d82ab5f-62da-11cf-ab39-0020af71e433>
 DWORD nFaceVertexIndices;
 array DWORD faceVertexIndices[nFaceVertexIndices];
}

template Mesh {
 <3d82ab44-62da-11cf-ab39-0020af71e433>
 DWORD nVertices;
 array Vector vertices[nVertices];
 DWORD nFaces;
 array MeshFace faces[nFaces];
 [...]
}

template VertexElement {
 <f752461c-1e23-48f6-b9f8-8350850f336f>
 DWORD Type;
 DWORD Method;
 DWORD Usage;
 DWORD UsageIndex;
}

template DeclData {
 <bf22e553-292c-4781-9fea-62bd554bdd93>
 DWORD nElements;
 array VertexElement Elements[nElements];
 DWORD nDWords;
 array DWORD data[nDWords];
}

template XSkinMeshHeader {
 <3cf169ce-ff7c-44ab-93c0-f78f62d172e2>
 WORD nMaxSkinWeightsPerVertex;
 WORD nMaxSkinWeightsPerFace;
 WORD nBones;
}

template SkinWeights {
 <6f0d123b-bad2-4167-a0d0-80224f25fabb>
 STRING transformNodeName;
 DWORD nWeights;
 array DWORD vertexIndices[nWeights];
 array FLOAT weights[nWeights];
 Matrix4x4 matrixOffset;
}

template AnimTicksPerSecond {
 <9e415a43-7ba6-4a73-8743-b73d47e88476>
 DWORD AnimTicksPerSecond;
}

template Animation {
 <3d82ab4f-62da-11cf-ab39-0020af71e433>
 [...]
}

template AnimationSet {
 <3d82ab50-62da-11cf-ab39-0020af71e433>
 [Animation <3d82ab4f-62da-11cf-ab39-0020af71e433>]
}

template FloatKeys {
 <10dd46a9-775b-11cf-8f52-0040333594a3>
 DWORD nValues;
 array FLOAT values[nValues];
}

template TimedFloatKeys {
 <f406b180-7b3b-11cf-8f52-0040333594a3>
 DWORD time;
 FloatKeys tfkeys;
}

template AnimationKey {
 <10dd46a8-775b-11cf-8f52-0040333594a3>
 DWORD keyType;
 DWORD nKeys;
 array TimedFloatKeys keys[nKeys];
}


Frame Bip001 {
 

 FrameTransformMatrix {
  0.173651,-0.000000,-0.984807,0.000000,-0.000000,1.000000,-0.000000,0.000000,0.984807,0.000000,0.173651,0.000000,0.000000,116.174464,0.000000,1.000000;;
 }

 Frame Bip001_Pelvis {
  

  FrameTransformMatrix {
   -0.000000,0.998788,0.049211,0.000000,-0.000001,-0.049211,0.998789,0.000000,1.000000,-0.000000,0.000001,0.000000,0.000000,0.000000,0.000000,1.000000;;
  }

  Frame Bip001_Spine {
   

   FrameTransformMatrix {
    0.999502,0.031535,0.000844,0.000000,-0.031540,0.999481,0.006597,0.000000,-0.000635,-0.006620,0.999978,0.000000,14.244698,-0.701762,-0.012833,1.000000;;
   }

   Frame Bip001_Spine1 {
    

    FrameTransformMatrix {
     0.998385,0.015266,-0.054726,0.000000,-0.004749,0.982279,0.187365,0.000000,0.056617,-0.186802,0.980765,0.000000,16.121491,0.002398,-0.012591,1.000000;;
    }

    Frame Bip001_Spine2 {
     

     FrameTransformMatrix {
      0.999543,-0.007353,-0.029336,0.000000,0.013459,0.976791,0.213770,0.000000,0.027083,-0.214067,0.976444,0.000000,16.121856,0.002749,-0.012536,1.000000;;
     }

     Frame Bip001_Spine3 {
      

      FrameTransformMatrix {
       0.994797,-0.054710,0.085937,0.000000,0.047378,0.995241,0.085150,0.000000,-0.090186,-0.080636,0.992655,0.000000,16.123398,0.001036,-0.012743,1.000000;;
      }

      Frame Bip001_Neck {
       

       FrameTransformMatrix {
        0.926787,0.000001,0.375587,0.000000,-0.000001,1.000000,-0.000000,0.000000,-0.375587,-0.000000,0.926787,0.000000,16.125000,0.000000,-0.006866,1.000000;;
       }

       Frame Bip001_L_Clavicle {
        

        FrameTransformMatrix {
         -0.024881,0.996620,0.078286,0.000000,0.926459,0.052408,-0.372728,0.000000,-0.375571,0.063255,-0.924632,0.000000,0.000000,4.340599,0.007393,1.000000;;
        }

        Frame Bip001_L_UpperArm {
         

         FrameTransformMatrix {
          0.888731,-0.450441,-0.085211,0.000000,0.458407,0.875051,0.155397,0.000000,0.004567,-0.177168,0.984170,0.000000,16.122222,0.000000,0.000000,1.000000;;
         }

         Frame Bip001_L_Forearm {
          

          FrameTransformMatrix {
           0.377359,0.000000,-0.926067,0.000000,0.000000,1.000000,-0.000000,0.000000,0.926067,0.000000,0.377359,0.000000,44.136819,0.000000,0.000000,1.000000;;
          }

          Frame Bip001_L_Hand {
           

           FrameTransformMatrix {
            0.996604,-0.061908,0.054285,0.000000,-0.044394,0.151229,0.987501,0.000000,-0.069344,-0.986558,0.147967,0.000000,37.683366,0.000015,-0.000008,1.000000;;
           }

           Frame Bip001_L_Finger0 {
            

            FrameTransformMatrix {
             0.808969,-0.205995,0.550578,0.000000,0.587734,0.264643,-0.764548,0.000000,0.011786,0.942088,0.335158,0.000000,4.289875,-5.456856,2.394821,1.000000;;
            }

            Frame Bip001_L_Finger01 {
             

             FrameTransformMatrix {
              0.906248,-0.000000,0.422748,0.000000,0.000000,1.000000,0.000000,0.000000,-0.422748,0.000000,0.906247,0.000000,3.875538,0.000015,0.000000,1.000000;;
             }

             Frame Bip001_L_Finger02 {
              

              FrameTransformMatrix {
               0.974202,0.000000,0.225679,0.000000,0.000000,1.000000,-0.000000,0.000000,-0.225679,0.000000,0.974202,0.000000,3.875534,-0.000015,0.000004,1.000000;;
              }

              Frame Bip001_L_Finger0Nub {
               

               FrameTransformMatrix {
                1.000000,0.000000,-0.000000,0.000000,0.000000,1.000000,-0.000000,0.000000,-0.000000,0.000000,1.000000,0.000000,3.875534,0.000000,-0.000004,1.000000;;
               }
              }
             }
            }
           }

           Frame Bip001_L_Finger1 {
            

            FrameTransformMatrix {
             0.998764,-0.000040,0.049695,0.000000,-0.000000,1.000000,0.000796,0.000000,-0.049695,-0.000795,0.998764,0.000000,11.734268,-5.461204,-0.417770,1.000000;;
            }

            Frame Bip001_L_Finger11 {
             

             FrameTransformMatrix {
              0.361810,-0.000000,0.932252,0.000000,0.000000,1.000000,0.000000,0.000000,-0.932252,0.000000,0.361810,0.000000,4.650650,0.000000,0.000000,1.000000;;
             }

             Frame Bip001_L_Finger12 {
              

              FrameTransformMatrix {
               0.292991,0.000000,0.956115,0.000000,0.000000,1.000000,0.000000,0.000000,-0.956116,-0.000000,0.292991,0.000000,4.650650,0.000008,0.000015,1.000000;;
              }

              Frame Bip001_L_Finger1Nub {
               

               FrameTransformMatrix {
                1.000000,-0.000000,0.000000,0.000000,0.000000,1.000000,0.000000,0.000000,-0.000000,0.000000,1.000000,0.000000,4.650665,0.000004,-0.000015,1.000000;;
               }
              }
             }
            }
           }

           Frame Bip001_L_Finger2 {
            

            FrameTransformMatrix {
             0.998262,0.054051,0.023481,0.000000,-0.054546,0.998291,0.020970,0.000000,-0.022307,-0.022214,0.999504,0.000000,11.686760,-1.501320,-0.364777,1.000000;;
            }

            Frame Bip001_L_Finger21 {
             

             FrameTransformMatrix {
              0.348076,0.000000,0.937466,0.000000,0.000000,1.000000,0.000000,0.000000,-0.937466,0.000000,0.348076,0.000000,4.698437,-0.000004,0.000000,1.000000;;
             }

             Frame Bip001_L_Finger22 {
              

              FrameTransformMatrix {
               0.030602,0.000000,0.999532,0.000000,0.000000,1.000000,-0.000000,0.000000,-0.999532,0.000000,0.030602,0.000000,5.425766,0.000004,0.000000,1.000000;;
              }

              Frame Bip001_L_Finger2Nub {
               

               FrameTransformMatrix {
                1.000000,0.000000,0.000000,0.000000,0.000000,1.000000,0.000000,0.000000,0.000000,-0.000000,1.000000,0.000000,5.425751,0.000000,0.000015,1.000000;;
               }
              }
             }
            }
           }

           Frame Bip001_L_Finger3 {
            

            FrameTransformMatrix {
             0.996230,0.084975,-0.017446,0.000000,-0.084190,0.995578,0.041667,0.000000,0.020910,-0.040041,0.998979,0.000000,11.686191,1.606094,-0.362915,1.000000;;
            }

            Frame Bip001_L_Finger31 {
             

             FrameTransformMatrix {
              0.419784,-0.000000,0.907624,0.000000,0.000000,1.000000,-0.000000,0.000000,-0.907624,0.000000,0.419784,0.000000,4.316536,-0.000004,-0.000015,1.000000;;
             }

             Frame Bip001_L_Finger32 {
              

              FrameTransformMatrix {
               0.000102,0.000000,1.000000,0.000000,-0.000000,1.000000,-0.000000,0.000000,-1.000000,0.000000,0.000102,0.000000,4.650650,0.000004,0.000015,1.000000;;
              }

              Frame Bip001_L_Finger3Nub {
               

               FrameTransformMatrix {
                1.000000,-0.000000,-0.000000,0.000000,0.000000,1.000000,-0.000000,0.000000,0.000000,0.000000,1.000000,0.000000,4.650635,-0.000008,0.000015,1.000000;;
               }
              }
             }
            }
           }

           Frame Bip001_L_Finger4 {
            

            FrameTransformMatrix {
             0.958921,0.040088,0.280827,0.000000,-0.043233,0.999053,0.005008,0.000000,-0.280360,-0.016943,0.959745,0.000000,10.216782,4.386826,-0.631805,1.000000;;
            }

            Frame Bip001_L_Finger41 {
             

             FrameTransformMatrix {
              0.392584,-0.000000,0.919716,0.000000,0.000000,1.000000,0.000000,0.000000,-0.919716,-0.000000,0.392584,0.000000,3.003712,0.000004,0.000015,1.000000;;
             }

             Frame Bip001_L_Finger42 {
              

              FrameTransformMatrix {
               0.022317,-0.000000,0.999751,0.000000,-0.000000,1.000000,-0.000000,0.000000,-0.999751,0.000000,0.022317,0.000000,3.003693,0.000000,-0.000008,1.000000;;
              }

              Frame Bip001_L_Finger4Nub {
               

               FrameTransformMatrix {
                1.000000,-0.000000,0.000000,0.000000,-0.000000,1.000000,0.000000,0.000000,0.000000,0.000000,1.000000,0.000000,3.003700,-0.000008,0.000000,1.000000;;
               }
              }
             }
            }
           }
          }
         }
        }
       }

       Frame Bip001_R_Clavicle {
        

        FrameTransformMatrix {
         -0.096127,-0.992649,0.073529,0.000000,-0.921567,0.116671,0.370273,0.000000,-0.376130,-0.032169,-0.926008,0.000000,0.000000,-4.340598,0.007416,1.000000;;
        }

        Frame Bip001_R_UpperArm {
         

         FrameTransformMatrix {
          0.645398,0.757177,0.100717,0.000000,-0.286360,0.362080,-0.887072,0.000000,-0.708138,0.543673,0.450511,0.000000,16.122222,0.000015,-0.000000,1.000000;;
         }

         Frame Bip001_R_Forearm {
          

          FrameTransformMatrix {
           0.468445,-0.000000,-0.883493,0.000000,-0.000000,1.000000,-0.000000,0.000000,0.883493,0.000000,0.468445,0.000000,44.136819,0.000000,0.000000,1.000000;;
          }

          Frame Bip001_R_Hand {
           

           FrameTransformMatrix {
            0.973778,0.028753,0.225676,0.000000,0.220266,-0.367341,-0.903628,0.000000,0.056918,0.929642,-0.364042,0.000000,37.683376,0.000000,-0.000015,1.000000;;
           }

           Frame Bip001_R_Finger0 {
            

            FrameTransformMatrix {
             0.808969,0.205995,0.550578,0.000000,-0.587734,0.264643,0.764548,0.000000,0.011786,-0.942089,0.335158,0.000000,4.289871,5.456848,2.394808,1.000000;;
            }

            Frame Bip001_R_Finger01 {
             

             FrameTransformMatrix {
              0.906248,0.000000,0.422748,0.000000,0.000000,1.000000,0.000000,0.000000,-0.422748,-0.000000,0.906247,0.000000,3.875542,-0.000008,0.000000,1.000000;;
             }

             Frame Bip001_R_Finger02 {
              

              FrameTransformMatrix {
               0.974202,-0.000000,0.225679,0.000000,-0.000000,1.000000,0.000000,0.000000,-0.225679,0.000000,0.974202,0.000000,3.875538,0.000004,-0.000015,1.000000;;
              }

              Frame Bip001_R_Finger0Nub {
               

               FrameTransformMatrix {
                -1.000000,0.000000,-0.000000,0.000000,-0.000000,1.000000,0.000000,0.000000,0.000000,0.000000,-1.000000,0.000000,3.875534,-0.000004,0.000000,1.000000;;
               }
              }
             }
            }
           }

           Frame Bip001_R_Finger1 {
            

            FrameTransformMatrix {
             0.998765,0.000040,0.049695,0.000000,0.000000,1.000000,-0.000796,0.000000,-0.049695,0.000795,0.998764,0.000000,11.734272,5.461197,-0.417759,1.000000;;
            }

            Frame Bip001_R_Finger11 {
             

             FrameTransformMatrix {
              0.361810,-0.000000,0.932252,0.000000,0.000000,1.000000,0.000000,0.000000,-0.932252,0.000000,0.361810,0.000000,4.650650,0.000015,0.000001,1.000000;;
             }

             Frame Bip001_R_Finger12 {
              

              FrameTransformMatrix {
               0.292991,-0.000000,0.956115,0.000000,0.000000,1.000000,0.000000,0.000000,-0.956115,0.000000,0.292991,0.000000,4.650640,0.000000,0.000000,1.000000;;
              }

              Frame Bip001_R_Finger1Nub {
               

               FrameTransformMatrix {
                -1.000000,0.000000,0.000000,0.000000,0.000000,1.000000,0.000000,0.000000,0.000000,-0.000000,-1.000000,0.000000,4.650646,0.000000,0.000000,1.000000;;
               }
              }
             }
            }
           }

           Frame Bip001_R_Finger2 {
            

            FrameTransformMatrix {
             0.998262,-0.054051,0.023481,0.000000,0.054546,0.998291,-0.020970,0.000000,-0.022307,0.022214,0.999504,0.000000,11.686760,1.501312,-0.364780,1.000000;;
            }

            Frame Bip001_R_Finger21 {
             

             FrameTransformMatrix {
              0.348076,-0.000000,0.937466,0.000000,0.000000,1.000000,-0.000000,0.000000,-0.937466,0.000000,0.348076,0.000000,4.698433,-0.000015,0.000000,1.000000;;
             }

             Frame Bip001_R_Finger22 {
              

              FrameTransformMatrix {
               0.030602,-0.000000,0.999532,0.000000,-0.000000,1.000000,0.000000,0.000000,-0.999532,-0.000000,0.030602,0.000000,5.425750,0.000000,0.000004,1.000000;;
              }

              Frame Bip001_R_Finger2Nub {
               

               FrameTransformMatrix {
                -1.000000,0.000000,0.000000,0.000000,0.000000,1.000000,0.000000,0.000000,0.000000,-0.000000,-1.000000,0.000000,5.425743,-0.000015,0.000000,1.000000;;
               }
              }
             }
            }
           }

           Frame Bip001_R_Finger3 {
            

            FrameTransformMatrix {
             0.996231,-0.084975,-0.017446,0.000000,0.084190,0.995578,-0.041667,0.000000,0.020910,0.040041,0.998979,0.000000,11.686195,-1.606094,-0.362914,1.000000;;
            }

            Frame Bip001_R_Finger31 {
             

             FrameTransformMatrix {
              0.419784,-0.000000,0.907624,0.000000,0.000000,1.000000,0.000000,0.000000,-0.907624,0.000000,0.419784,0.000000,4.316547,-0.000015,-0.000003,1.000000;;
             }

             Frame Bip001_R_Finger32 {
              

              FrameTransformMatrix {
               0.000102,0.000000,1.000000,0.000000,-0.000000,1.000000,0.000000,0.000000,-1.000000,0.000000,0.000102,0.000000,4.650646,0.000000,-0.000004,1.000000;;
              }

              Frame Bip001_R_Finger3Nub {
               

               FrameTransformMatrix {
                -1.000000,0.000000,0.000000,0.000000,-0.000000,1.000000,-0.000000,0.000000,0.000000,-0.000000,-1.000000,0.000000,4.650646,0.000015,0.000000,1.000000;;
               }
              }
             }
            }
           }

           Frame Bip001_R_Finger4 {
            

            FrameTransformMatrix {
             0.958921,-0.040089,0.280827,0.000000,0.043233,0.999053,-0.005008,0.000000,-0.280360,0.016943,0.959745,0.000000,10.216782,-4.386826,-0.631807,1.000000;;
            }

            Frame Bip001_R_Finger41 {
             

             FrameTransformMatrix {
              0.392584,-0.000000,0.919716,0.000000,0.000000,1.000000,0.000000,0.000000,-0.919716,-0.000000,0.392584,0.000000,3.003719,0.000000,0.000000,1.000000;;
             }

             Frame Bip001_R_Finger42 {
              

              FrameTransformMatrix {
               0.022317,0.000000,0.999751,0.000000,0.000000,1.000000,-0.000000,0.000000,-0.999751,-0.000000,0.022317,0.000000,3.003710,0.000015,0.000004,1.000000;;
              }

              Frame Bip001_R_Finger4Nub {
               

               FrameTransformMatrix {
                -1.000000,0.000000,0.000000,0.000000,-0.000000,1.000000,0.000000,0.000000,-0.000000,-0.000000,-1.000000,0.000000,3.003716,0.000000,0.000000,1.000000;;
               }
              }
             }
            }
           }
          }
         }
        }
       }

       Frame Bip001_Head {
        

        FrameTransformMatrix {
         0.899151,0.007545,-0.437573,0.000000,-0.054466,0.994007,-0.094780,0.000000,0.434235,0.109054,0.894174,0.000000,15.765366,-0.911515,-0.005150,1.000000;;
        }

        Frame Bip001_HeadNub {
         

         FrameTransformMatrix {
          1.000000,0.000000,0.000000,0.000000,-0.000000,1.000000,-0.000000,0.000000,0.000000,-0.000000,1.000000,0.000000,29.144029,-0.000000,0.000002,1.000000;;
         }
        }
       }
      }
     }
    }
   }

   Frame Bip001_L_Thigh {
    

    FrameTransformMatrix {
     -0.905933,0.069430,-0.417690,0.000000,-0.250269,-0.883509,0.395951,0.000000,-0.341542,0.463240,0.817776,0.000000,-13.824402,13.546026,-0.064845,1.000000;;
    }

    Frame Bip001_L_Calf {
     

     FrameTransformMatrix {
      0.994910,-0.000000,-0.100765,0.000000,0.000000,1.000000,-0.000000,0.000000,0.100765,0.000000,0.994910,0.000000,54.040717,-0.000002,0.000000,1.000000;;
     }

     Frame Bip001_L_Foot {
      

      FrameTransformMatrix {
       0.858571,0.168909,0.484071,0.000000,-0.371409,0.855778,0.360138,0.000000,-0.353427,-0.488993,0.797481,0.000000,58.826867,0.000002,-0.000004,1.000000;;
      }

      Frame Bip001_L_Toe0 {
       

       FrameTransformMatrix {
        0.000000,-0.000000,1.000000,0.000000,-0.000000,1.000000,-0.000000,0.000000,-1.000000,-0.000000,0.000000,0.000000,14.261973,0.000004,18.354533,1.000000;;
       }

       Frame Bip001_L_Toe01 {
        

        FrameTransformMatrix {
         1.000000,-0.000000,0.000000,0.000000,-0.000000,1.000000,0.000000,0.000000,0.000000,0.000000,1.000000,0.000000,1.860260,0.000000,0.000000,1.000000;;
        }

        Frame Bip001_L_Toe02 {
         

         FrameTransformMatrix {
          1.000000,-0.000000,0.000000,0.000000,-0.000000,1.000000,0.000000,0.000000,0.000000,0.000000,1.000000,0.000000,1.860254,0.000000,0.000000,1.000000;;
         }

         Frame Bip001_L_Toe0Nub {
          

          FrameTransformMatrix {
           -1.000000,-0.000000,-0.000000,0.000000,-0.000000,1.000000,0.000000,0.000000,-0.000000,-0.000000,-1.000000,0.000000,1.860258,0.000000,-0.000000,1.000000;;
          }
         }
        }
       }
      }
     }
    }
   }

   Frame Bip001_R_Thigh {
    

    FrameTransformMatrix {
     -0.820169,-0.047673,0.570132,0.000000,-0.013825,-0.994580,-0.103052,0.000000,0.571955,-0.092402,0.815064,0.000000,-14.606552,-11.244514,0.099321,1.000000;;
    }

    Frame Bip001_R_Calf {
     

     FrameTransformMatrix {
      0.918551,0.000000,-0.395302,0.000000,0.000000,1.000000,-0.000000,0.000000,0.395302,0.000000,0.918552,0.000000,53.736070,0.000000,0.000000,1.000000;;
     }

     Frame Bip001_R_Foot {
      

      FrameTransformMatrix {
       0.983427,-0.072388,-0.166227,0.000000,0.051557,0.990641,-0.126382,0.000000,0.173820,0.115718,0.977955,0.000000,59.151962,-0.000004,-0.000004,1.000000;;
      }

      Frame Bip001_R_Toe0 {
       

       FrameTransformMatrix {
        0.000000,-0.000000,1.000000,0.000000,-0.000000,1.000000,0.000000,0.000000,-1.000000,-0.000000,0.000000,0.000000,14.261973,0.000001,18.354526,1.000000;;
       }

       Frame Bip001_R_Toe01 {
        

        FrameTransformMatrix {
         1.000000,-0.000000,0.000000,0.000000,0.000000,1.000000,0.000000,0.000000,0.000000,-0.000000,1.000000,0.000000,1.860252,-0.000001,0.000000,1.000000;;
        }

        Frame Bip001_R_Toe02 {
         

         FrameTransformMatrix {
          1.000000,-0.000000,0.000000,0.000000,0.000000,1.000000,0.000000,0.000000,0.000000,-0.000000,1.000000,0.000000,1.860260,0.000000,-0.000000,1.000000;;
         }

         Frame Bip001_R_Toe0Nub {
          

          FrameTransformMatrix {
           1.000000,-0.000000,0.000000,0.000000,0.000000,1.000000,0.000000,0.000000,0.000000,-0.000000,1.000000,0.000000,1.860260,0.000000,0.000000,1.000000;;
          }
         }
        }
       }
      }
     }
    }
   }
  }
 }
}

Frame Box001 {
 

 FrameTransformMatrix {
  0.667112,0.000000,0.000000,0.000000,0.000000,0.696682,0.000000,0.000000,0.000000,0.000000,0.492662,0.000000,0.000000,0.000000,0.000000,1.000000;;
 }

 Mesh Box001 {
  24;
  57.960128;22.733459;12.228909;,
  57.971654;21.848011;18.054629;,
  55.925498;21.502266;15.142229;,
  60.006285;23.079205;15.141307;,
  57.225926;24.475696;12.761106;,
  57.237459;23.590246;18.586824;,
  59.272090;24.821440;15.673506;,
  55.191302;23.244502;15.674426;,
  57.960128;22.733459;12.228909;,
  59.272090;24.821440;15.673506;,
  60.006285;23.079205;15.141307;,
  57.225926;24.475696;12.761106;,
  60.006285;23.079205;15.141307;,
  57.237459;23.590246;18.586824;,
  57.971654;21.848011;18.054629;,
  59.272090;24.821440;15.673506;,
  57.971654;21.848011;18.054629;,
  55.191302;23.244502;15.674426;,
  55.925498;21.502266;15.142229;,
  57.237459;23.590246;18.586824;,
  55.925498;21.502266;15.142229;,
  57.225926;24.475696;12.761106;,
  57.960128;22.733459;12.228909;,
  55.191302;23.244502;15.674426;;
  12;
  3;0,1,2;,
  3;1,0,3;,
  3;4,5,6;,
  3;5,4,7;,
  3;8,9,10;,
  3;9,8,11;,
  3;12,13,14;,
  3;13,12,15;,
  3;16,17,18;,
  3;17,16,19;,
  3;20,21,22;,
  3;21,20,23;;

  DeclData {
   2;
   2;0;3;0;,
   1;0;5;0;;
   120;
   1052160323,
   3211552751,
   3188748975,
   1065353216,
   1065353216,
   1052160323,
   3211552751,
   3188748975,
   0,
   0,
   1052160323,
   3211552751,
   3188748974,
   1065353216,
   0,
   1052160323,
   3211552751,
   3188748974,
   0,
   1065353216,
   3199643946,
   1064069106,
   1041265367,
   0,
   1065353216,
   3199643947,
   1064069106,
   1041265367,
   1065353216,
   0,
   3199643948,
   1064069106,
   1041265367,
   1065353216,
   1065353216,
   3199643945,
   1064069107,
   1041265368,
   0,
   0,
   1060306980,
   1055671203,
   3205220543,
   0,
   1065353216,
   1060306984,
   1055671193,
   3205220542,
   1065353216,
   0,
   1060306987,
   1055671185,
   3205220541,
   1065353216,
   1065353216,
   1060306977,
   1055671211,
   3205220543,
   0,
   0,
   1061690595,
   1041465959,
   1058756446,
   0,
   1065353216,
   1061690595,
   1041465977,
   1058756446,
   1065353216,
   0,
   1061690594,
   1041465991,
   1058756446,
   1065353216,
   1065353216,
   1061690596,
   1041465945,
   1058756446,
   0,
   0,
   3207790633,
   3203154827,
   1057736898,
   0,
   1065353216,
   3207790632,
   3203154840,
   1057736894,
   1065353216,
   0,
   3207790632,
   3203154851,
   1057736889,
   1065353216,
   1065353216,
   3207790633,
   3203154815,
   1057736903,
   0,
   0,
   3209174237,
   3188949699,
   3206240096,
   0,
   1065353216,
   3209174238,
   3188949695,
   3206240095,
   1065353216,
   0,
   3209174239,
   3188949691,
   3206240094,
   1065353216,
   1065353216,
   3209174237,
   3188949704,
   3206240097,
   0,
   0;
  }

  XSkinMeshHeader {
   1;
   1;
   1;
  }

  SkinWeights {
   "Bip001_L_Toe0Nub";
   24;
   0,
   1,
   2,
   3,
   4,
   5,
   6,
   7,
   8,
   9,
   10,
   11,
   12,
   13,
   14,
   15,
   16,
   17,
   18,
   19,
   20,
   21,
   22,
   23;
   1.000000,
   1.000000,
   1.000000,
   1.000000,
   1.000000,
   1.000000,
   1.000000,
   1.000000,
   1.000000,
   1.000000,
   1.000000,
   1.000000,
   1.000000,
   1.000000,
   1.000000,
   1.000000,
   1.000000,
   1.000000,
   1.000000,
   1.000000,
   1.000000,
   1.000000,
   1.000000,
   1.000000;
   -0.593795,-0.303819,0.011829,0.000000,-0.014069,0.000376,-0.696540,0.000000,0.224320,-0.438604,-0.004768,0.000000,0.696821,47.264870,1.778441,1.000000;;
  }
 }
}

AnimTicksPerSecond  {
 4800;
}

AnimationSet Anim1 {
 

 Animation {
  
  { Bip001 }

  AnimationKey S {
   1;
   2;
   0;3;1.000000,1.000000,1.000000;;,
   6400;3;1.000000,1.000000,1.000000;;;
  }

  AnimationKey R {
   0;
   41;
   0;4;0.766045,0.000000,-0.642787,-0.000000;;,
   160;4;0.761390,-0.002782,-0.648288,0.000317;;,
   320;4;0.754790,-0.005781,-0.655941,0.000941;;,
   480;4;0.749067,-0.008671,-0.662436,0.001412;;,
   640;4;0.747151,-0.011128,-0.664560,0.001266;;,
   800;4;0.751958,-0.012828,-0.659086,0.000044;;,
   960;4;0.764579,-0.013799,-0.644373,-0.003556;;,
   1120;4;0.782653,-0.014249,-0.622228,-0.009222;;,
   1280;4;0.803811,-0.014121,-0.594529,-0.014994;;,
   1440;4;0.825885,-0.013368,-0.563363,-0.018918;;,
   1600;4;0.847022,-0.011950,-0.531081,-0.019059;;,
   1760;4;0.868421,-0.009168,-0.495564,-0.013333;;,
   1920;4;0.890552,-0.005042,-0.454844,-0.002782;;,
   2080;4;0.911148,-0.000639,-0.411963,0.009770;;,
   2240;4;0.928645,0.002968,-0.370336,0.021472;;,
   2400;4;0.942714,0.005131,-0.331941,0.032860;;,
   2560;4;0.954446,0.006497,-0.294991,0.044396;;,
   2720;4;0.964803,0.007935,-0.257430,0.053120;;,
   2880;4;0.976837,0.010243,-0.205698,0.058080;;,
   3040;4;0.986275,0.012606,-0.153252,0.060131;;,
   3200;4;0.988342,0.013529,-0.139535,0.059388;;,
   3360;4;0.985491,0.013210,-0.159231,0.057265;;,
   3520;4;0.981956,0.012828,-0.180479,0.055002;;,
   3680;4;0.977662,0.012385,-0.203119,0.052604;;,
   3840;4;0.972536,0.011885,-0.226991,0.050077;;,
   4000;4;0.966517,0.011331,-0.251929,0.047429;;,
   4160;4;0.959550,0.010728,-0.277765,0.044665;;,
   4320;4;0.951596,0.010081,-0.304329,0.041795;;,
   4480;4;0.942626,0.009392,-0.331453,0.038829;;,
   4640;4;0.932625,0.008669,-0.358966,0.035775;;,
   4800;4;0.921594,0.007915,-0.386700,0.032644;;,
   4960;4;0.909550,0.007137,-0.414489,0.029450;;,
   5120;4;0.896525,0.006339,-0.442171,0.026203;;,
   5280;4;0.882569,0.005528,-0.469592,0.022917;;,
   5440;4;0.867745,0.004710,-0.496601,0.019606;;,
   5600;4;0.852133,0.003891,-0.523058,0.016284;;,
   5760;4;0.835828,0.003078,-0.548829,0.012964;;,
   5920;4;0.818940,0.002275,-0.573794,0.009662;;,
   6080;4;0.801589,0.001491,-0.597839,0.006391;;,
   6240;4;0.783910,0.000730,-0.620866,0.003165;;,
   6400;4;0.766045,0.000000,-0.642787,-0.000000;;;
  }

  AnimationKey T {
   2;
   41;
   0;3;0.000000,116.174464,0.000000;;,
   160;3;0.000000,115.976397,0.000000;;,
   320;3;0.000000,115.852429,0.000000;;,
   480;3;0.000000,115.691405,0.000000;;,
   640;3;0.000000,115.382182,0.000000;;,
   800;3;0.000000,114.813632,0.000000;;,
   960;3;0.000000,113.879334,0.000000;;,
   1120;3;0.000000,112.653402,0.000000;;,
   1280;3;0.000000,111.295411,0.000000;;,
   1440;3;0.000000,109.965018,0.000000;;,
   1600;3;0.000000,108.821798,0.000000;;,
   1760;3;0.000000,107.894771,0.000000;;,
   1920;3;0.000000,107.073990,0.000000;;,
   2080;3;0.000000,106.310682,0.000000;;,
   2240;3;0.000000,105.556090,0.000000;;,
   2400;3;0.000000,104.761382,0.000000;;,
   2560;3;0.000000,103.877805,0.000000;;,
   2720;3;0.000000,102.856582,0.000000;;,
   2880;3;0.000000,100.914502,0.000000;;,
   3040;3;0.000000,98.577088,0.000000;;,
   3200;3;0.000000,97.758586,0.000000;;,
   3360;3;0.000000,98.370950,0.000000;;,
   3520;3;0.000000,99.046522,0.000000;;,
   3680;3;0.000000,99.780211,0.000000;;,
   3840;3;0.000000,100.566874,0.000000;;,
   4000;3;0.000000,101.401370,0.000000;;,
   4160;3;0.000000,102.278586,0.000000;;,
   4320;3;0.000000,103.193408,0.000000;;,
   4480;3;0.000000,104.140685,0.000000;;,
   4640;3;0.000000,105.115296,0.000000;;,
   4800;3;0.000000,106.112134,0.000000;;,
   4960;3;0.000000,107.126067,0.000000;;,
   5120;3;0.000000,108.151936,0.000000;;,
   5280;3;0.000000,109.184666,0.000000;;,
   5440;3;0.000000,110.219085,0.000000;;,
   5600;3;0.000000,111.250099,0.000000;;,
   5760;3;0.000000,112.272589,0.000000;;,
   5920;3;0.000000,113.281370,0.000000;;,
   6080;3;0.000000,114.271360,0.000000;;,
   6240;3;0.000000,115.237440,0.000000;;,
   6400;3;0.000000,116.174464,0.000000;;;
  }
 }

 Animation {
  
  { Bip001_Pelvis }

  AnimationKey S {
   1;
   2;
   0;3;1.000000,1.000000,1.000000;;,
   6400;3;1.000000,1.000000,1.000000;;;
  }

  AnimationKey R {
   0;
   2;
   0;4;-0.487542,0.512155,0.487542,0.512155;;,
   6400;4;-0.487542,0.512155,0.487542,0.512155;;;
  }

  AnimationKey T {
   2;
   2;
   0;3;0.000000,0.000000,0.000000;;,
   6400;3;0.000000,0.000000,0.000000;;;
  }
 }

 Animation {
  
  { Bip001_Spine }

  AnimationKey S {
   1;
   2;
   0;3;1.000000,1.000000,1.000000;;,
   6400;3;1.000000,1.000000,1.000000;;;
  }

  AnimationKey R {
   0;
   41;
   0;4;0.999870,-0.003305,0.000370,-0.015771;;,
   160;4;0.999865,-0.003368,0.000369,-0.016075;;,
   320;4;0.999856,-0.003473,0.000368,-0.016583;;,
   480;4;0.999855,-0.003494,0.000368,-0.016685;;,
   640;4;0.999870,-0.003305,0.000370,-0.015771;;,
   800;4;0.999900,-0.002870,0.000373,-0.013819;;,
   960;4;0.999933,-0.002286,0.000376,-0.011342;;,
   1120;4;0.999962,-0.001624,0.000381,-0.008535;;,
   1280;4;0.999984,-0.000954,0.000385,-0.005592;;,
   1440;4;0.999996,-0.000346,0.000390,-0.002708;;,
   1600;4;1.000000,0.000131,0.000394,-0.000078;;,
   1760;4;0.999998,0.000406,0.000397,0.002105;;,
   1920;4;0.999994,0.000277,0.000402,0.003302;;,
   2080;4;0.999993,-0.000239,0.000408,0.003617;;,
   2240;4;0.999992,-0.000880,0.000412,0.003819;;,
   2400;4;0.999988,-0.001386,0.000413,0.004676;;,
   2560;4;0.999975,-0.001495,0.000409,0.006955;;,
   2720;4;0.999935,-0.001134,0.000396,0.011347;;,
   2880;4;0.999848,-0.000489,0.000378,0.017419;;,
   3040;4;0.999706,0.000313,0.000357,0.024259;;,
   3200;4;0.999520,0.001143,0.000335,0.030955;;,
   3360;4;0.999328,0.001872,0.000316,0.036595;;,
   3520;4;0.999186,0.002374,0.000301,0.040268;;,
   3680;4;0.999153,0.002519,0.000295,0.041064;;,
   3840;4;0.999203,0.002413,0.000294,0.039844;;,
   4000;4;0.999271,0.002250,0.000294,0.038110;;,
   4160;4;0.999353,0.002035,0.000296,0.035913;;,
   4320;4;0.999444,0.001774,0.000298,0.033300;;,
   4480;4;0.999539,0.001472,0.000302,0.030323;;,
   4640;4;0.999634,0.001135,0.000306,0.027030;;,
   4800;4;0.999724,0.000768,0.000311,0.023471;;,
   4960;4;0.999806,0.000378,0.000317,0.019697;;,
   5120;4;0.999876,-0.000031,0.000323,0.015757;;,
   5280;4;0.999931,-0.000454,0.000329,0.011700;;,
   5440;4;0.999971,-0.000883,0.000335,0.007576;;,
   5600;4;0.999993,-0.001315,0.000342,0.003436;;,
   5760;4;0.999998,-0.001742,0.000348,-0.000671;;,
   5920;4;0.999987,-0.002161,0.000354,-0.004695;;,
   6080;4;0.999960,-0.002564,0.000360,-0.008586;;,
   6240;4;0.999920,-0.002947,0.000365,-0.012294;;,
   6400;4;0.999870,-0.003305,0.000370,-0.015771;;;
  }

  AnimationKey T {
   2;
   6;
   0;3;14.244698,-0.701762,-0.012833;;,
   3040;3;14.244682,-0.701759,-0.012833;;,
   3200;3;14.244690,-0.701880,-0.012836;;,
   5760;3;14.244698,-0.701896,-0.012838;;,
   5920;3;14.244698,-0.701792,-0.012833;;,
   6400;3;14.244682,-0.701780,-0.012833;;;
  }
 }

 Animation {
  
  { Bip001_Spine1 }

  AnimationKey S {
   1;
   2;
   0;3;1.000000,1.000000,1.000000;;,
   6400;3;1.000000,1.000000,1.000000;;;
  }

  AnimationKey R {
   0;
   41;
   0;4;0.995167,-0.093996,-0.027971,-0.005028;;,
   160;4;0.996141,-0.080816,-0.027332,-0.020618;;,
   320;4;0.996709,-0.066650,-0.027169,-0.037293;;,
   480;4;0.996839,-0.054361,-0.026019,-0.051765;;,
   640;4;0.996801,-0.046831,-0.022434,-0.060760;;,
   800;4;0.996716,-0.044390,-0.016762,-0.065615;;,
   960;4;0.996521,-0.044696,-0.010365,-0.069578;;,
   1120;4;0.996291,-0.046624,-0.003310,-0.072244;;,
   1280;4;0.996100,-0.049046,0.004334,-0.073211;;,
   1440;4;0.996024,-0.050835,0.012498,-0.072077;;,
   1600;4;0.996134,-0.050865,0.021113,-0.068443;;,
   1760;4;0.996472,-0.048008,0.030107,-0.061904;;,
   1920;4;0.997228,-0.039433,0.040668,-0.048236;;,
   2080;4;0.997907,-0.025587,0.053067,-0.026680;;,
   2240;4;0.997774,-0.010272,0.065865,-0.002067;;,
   2400;4;0.996761,0.002689,0.077659,0.020741;;,
   2560;4;0.995472,0.009476,0.087094,0.036886;;,
   2720;4;0.994255,0.010224,0.095479,0.047300;;,
   2880;4;0.992922,0.008109,0.104384,0.056078;;,
   3040;4;0.991594,0.003887,0.112879,0.063132;;,
   3200;4;0.990411,-0.001685,0.120035,0.068379;;,
   3360;4;0.989538,-0.007846,0.124930,0.071735;;,
   3520;4;0.989153,-0.013839,0.126644,0.073120;;,
   3680;4;0.989421,-0.018901,0.124255,0.072456;;,
   3840;4;0.990117,-0.023259,0.119031,0.070419;;,
   4000;4;0.990905,-0.027643,0.112914,0.067779;;,
   4160;4;0.991750,-0.032049,0.105988,0.064594;;,
   4320;4;0.992617,-0.036473,0.098337,0.060918;;,
   4480;4;0.993474,-0.040911,0.090044,0.056810;;,
   4640;4;0.994290,-0.045359,0.081196,0.052326;;,
   4800;4;0.995035,-0.049813,0.071878,0.047525;;,
   4960;4;0.995684,-0.054269,0.062175,0.042464;;,
   5120;4;0.996215,-0.058725,0.052176,0.037202;;,
   5280;4;0.996613,-0.063175,0.041967,0.031797;;,
   5440;4;0.996862,-0.067619,0.031636,0.026310;;,
   5600;4;0.996957,-0.072051,0.021272,0.020799;;,
   5760;4;0.996894,-0.076472,0.010961,0.015323;;,
   5920;4;0.996674,-0.080878,0.000794,0.009943;;,
   6080;4;0.996305,-0.085268,-0.009143,0.004718;;,
   6240;4;0.995797,-0.089641,-0.018760,-0.000292;;,
   6400;4;0.995167,-0.093996,-0.027971,-0.005028;;;
  }

  AnimationKey T {
   2;
   41;
   0;3;16.121491,0.002398,-0.012591;;,
   160;3;16.121491,0.002052,-0.012650;;,
   320;3;16.121459,0.001679,-0.012704;;,
   480;3;16.121475,0.001356,-0.012745;;,
   640;3;16.121597,0.001162,-0.012768;;,
   800;3;16.121734,0.001104,-0.012779;;,
   960;3;16.121880,0.001125,-0.012784;;,
   1120;3;16.122048,0.001187,-0.012782;;,
   1280;3;16.122222,0.001262,-0.012777;;,
   1440;3;16.122451,0.001323,-0.012770;;,
   1600;3;16.122666,0.001338,-0.012762;;,
   1760;3;16.122909,0.001276,-0.012756;;,
   1920;3;16.123206,0.001057,-0.012753;;,
   2080;3;16.123573,0.000688,-0.012746;;,
   2240;3;16.123909,0.000265,-0.012722;;,
   2400;3;16.124206,-0.000110,-0.012681;;,
   2560;3;16.124443,-0.000327,-0.012640;;,
   2720;3;16.124664,-0.000380,-0.012601;;,
   2880;3;16.124862,-0.000360,-0.012556;;,
   3040;3;16.125077,-0.000280,-0.012512;;,
   3200;3;16.125275,-0.000166,-0.012471;;,
   3360;3;16.125411,-0.000027,-0.012436;;,
   3520;3;16.125458,0.000114,-0.012424;;,
   3680;3;16.125411,0.000251,-0.012433;;,
   3840;3;16.125290,0.000378,-0.012465;;,
   4000;3;16.125138,0.000506,-0.012492;;,
   4160;3;16.124970,0.000638,-0.012523;;,
   4320;3;16.124786,0.000772,-0.012554;;,
   4480;3;16.124581,0.000911,-0.012585;;,
   4640;3;16.124366,0.001045,-0.012612;;,
   4800;3;16.124123,0.001186,-0.012642;;,
   4960;3;16.123878,0.001320,-0.012664;;,
   5120;3;16.123597,0.001452,-0.012680;;,
   5280;3;16.123344,0.001583,-0.012690;;,
   5440;3;16.123085,0.001709,-0.012694;;,
   5600;3;16.122795,0.001833,-0.012693;;,
   5760;3;16.122520,0.001953,-0.012683;;,
   5920;3;16.122261,0.002068,-0.012669;;,
   6080;3;16.122010,0.002182,-0.012649;;,
   6240;3;16.121750,0.002291,-0.012622;;,
   6400;3;16.121491,0.002398,-0.012591;;;
  }
 }

 Animation {
  
  { Bip001_Spine2 }

  AnimationKey S {
   1;
   2;
   0;3;1.000000,1.000000,1.000000;;,
   6400;3;1.000000,1.000000,1.000000;;;
  }

  AnimationKey R {
   0;
   41;
   0;4;0.994080,-0.107596,-0.014189,0.005234;;,
   160;4;0.993802,-0.109798,-0.017352,-0.000125;;,
   320;4;0.993426,-0.112353,-0.021237,-0.005499;;,
   480;4;0.993118,-0.114187,-0.023678,-0.010842;;,
   640;4;0.993068,-0.114232,-0.022512,-0.016110;;,
   800;4;0.993120,-0.113444,-0.018339,-0.022497;;,
   960;4;0.993035,-0.113054,-0.013205,-0.030440;;,
   1120;4;0.992881,-0.112403,-0.007122,-0.038753;;,
   1280;4;0.992762,-0.110835,-0.000105,-0.046254;;,
   1440;4;0.992804,-0.107699,0.007831,-0.051762;;,
   1600;4;0.993137,-0.102346,0.016672,-0.054096;;,
   1760;4;0.993847,-0.094121,0.026399,-0.052074;;,
   1920;4;0.995229,-0.079196,0.038967,-0.041571;;,
   2080;4;0.996606,-0.057213,0.054794,-0.022404;;,
   2240;4;0.996898,-0.032773,0.071556,0.000657;;,
   2400;4;0.995894,-0.010534,0.086976,0.022797;;,
   2560;4;0.994318,0.004828,0.098850,0.039204;;,
   2720;4;0.992673,0.014419,0.108576,0.051031;;,
   2880;4;0.990759,0.022323,0.118410,0.062268;;,
   3040;4;0.988787,0.028349,0.127503,0.072386;;,
   3200;4;0.987011,0.032310,0.135011,0.080861;;,
   3360;4;0.985706,0.034022,0.140093,0.087174;;,
   3520;4;0.985143,0.033302,0.141911,0.090804;;,
   3680;4;0.985538,0.029968,0.139620,0.091227;;,
   3840;4;0.986554,0.024873,0.134496,0.089456;;,
   4000;4;0.987718,0.019043,0.128442,0.086907;;,
   4160;4;0.988976,0.012550,0.121543,0.083650;;,
   4320;4;0.990272,0.005463,0.113885,0.079757;;,
   4480;4;0.991556,-0.002144,0.105554,0.075300;;,
   4640;4;0.992778,-0.010200,0.096637,0.070353;;,
   4800;4;0.993892,-0.018632,0.087224,0.064990;;,
   4960;4;0.994859,-0.027366,0.077403,0.059285;;,
   5120;4;0.995647,-0.036331,0.067264,0.053314;;,
   5280;4;0.996230,-0.045453,0.056899,0.047154;;,
   5440;4;0.996588,-0.054658,0.046401,0.040880;;,
   5600;4;0.996714,-0.063873,0.035861,0.034572;;,
   5760;4;0.996605,-0.073027,0.025373,0.028306;;,
   5920;4;0.996269,-0.082046,0.015031,0.022161;;,
   6080;4;0.995719,-0.090861,0.004928,0.016215;;,
   6240;4;0.994980,-0.099401,-0.004843,0.010547;;,
   6400;4;0.994080,-0.107596,-0.014189,0.005234;;;
  }

  AnimationKey T {
   2;
   38;
   0;3;16.121856,0.002749,-0.012536;;,
   160;3;16.121781,0.002804,-0.012522;;,
   320;3;16.121658,0.002865,-0.012502;;,
   800;3;16.121597,0.002905,-0.012487;;,
   960;3;16.121795,0.002874,-0.012505;;,
   1120;3;16.121933,0.002857,-0.012512;;,
   1280;3;16.122085,0.002825,-0.012521;;,
   1440;3;16.122269,0.002756,-0.012536;;,
   1600;3;16.122498,0.002632,-0.012560;;,
   1760;3;16.122773,0.002436,-0.012593;;,
   1920;3;16.123123,0.002064,-0.012637;;,
   2080;3;16.123597,0.001496,-0.012675;;,
   2240;3;16.124038,0.000835,-0.012676;;,
   2400;3;16.124451,0.000220,-0.012646;;,
   2560;3;16.124725,-0.000223,-0.012585;;,
   2720;3;16.124962,-0.000506,-0.012531;;,
   2880;3;16.125190,-0.000759,-0.012463;;,
   3040;3;16.125411,-0.000959,-0.012405;;,
   3200;3;16.125579,-0.001101,-0.012341;;,
   3360;3;16.125686,-0.001184,-0.012302;;,
   3680;3;16.125725,-0.001173,-0.012291;;,
   3840;3;16.125557,-0.000938,-0.012363;;,
   4000;3;16.125443,-0.000769,-0.012405;;,
   4160;3;16.125275,-0.000578,-0.012455;;,
   4320;3;16.125091,-0.000374,-0.012501;;,
   4480;3;16.124893,-0.000150,-0.012547;;,
   4640;3;16.124694,0.000089,-0.012600;;,
   4800;3;16.124482,0.000331,-0.012636;;,
   4960;3;16.124237,0.000579,-0.012663;;,
   5120;3;16.123978,0.000836,-0.012686;;,
   5280;3;16.123702,0.001093,-0.012697;;,
   5440;3;16.123459,0.001350,-0.012706;;,
   5600;3;16.123184,0.001603,-0.012699;;,
   5760;3;16.122925,0.001850,-0.012687;;,
   5920;3;16.122650,0.002091,-0.012661;;,
   6080;3;16.122390,0.002320,-0.012625;;,
   6240;3;16.122117,0.002540,-0.012584;;,
   6400;3;16.121856,0.002749,-0.012536;;;
  }
 }

 Animation {
  
  { Bip001_Spine3 }

  AnimationKey S {
   1;
   2;
   0;3;1.000000,1.000000,1.000000;;,
   6400;3;1.000000,1.000000,1.000000;;;
  }

  AnimationKey R {
   0;
   41;
   0;4;0.997834,-0.041536,0.044126,0.025577;;,
   160;4;0.993821,-0.088362,0.037250,0.055894;;,
   320;4;0.985838,-0.138866,0.029948,0.089122;;,
   480;4;0.976351,-0.181025,0.023162,0.115896;;,
   640;4;0.970652,-0.203312,0.017915,0.127196;;,
   800;4;0.970193,-0.207947,0.013661,0.123681;;,
   960;4;0.972008,-0.205598,0.009385,0.113327;;,
   1120;4;0.975325,-0.197632,0.005418,0.098258;;,
