xof 0303txt 0032
template Frame {
 <3d82ab46-62da-11cf-ab39-0020af71e433>
 [...]
}

template Matrix4x4 {
 <f6f23f45-7686-11cf-8f52-0040333594a3>
 array FLOAT matrix[16];
}

template FrameTransformMatrix {
 <f6f23f41-7686-11cf-8f52-0040333594a3>
 Matrix4x4 frameMatrix;
}

template Vector {
 <3d82ab5e-62da-11cf-ab39-0020af71e433>
 FLOAT x;
 FLOAT y;
 FLOAT z;
}

template MeshFace {
 <3d82ab5f-62da-11cf-ab39-0020af71e433>
 DWORD nFaceVertexIndices;
 array DWORD faceVertexIndices[nFaceVertexIndices];
}

template Mesh {
 <3d82ab44-62da-11cf-ab39-0020af71e433>
 DWORD nVertices;
 array Vector vertices[nVertices];
 DWORD nFaces;
 array MeshFace faces[nFaces];
 [...]
}

template ColorRGBA {
 <35ff44e0-6c7c-11cf-8f52-0040333594a3>
 FLOAT red;
 FLOAT green;
 FLOAT blue;
 FLOAT alpha;
}

template ColorRGB {
 <d3e16e81-7835-11cf-8f52-0040333594a3>
 FLOAT red;
 FLOAT green;
 FLOAT blue;
}

template Material {
 <3d82ab4d-62da-11cf-ab39-0020af71e433>
 ColorRGBA faceColor;
 FLOAT power;
 ColorRGB specularColor;
 ColorRGB emissiveColor;
 [...]
}

template MeshMaterialList {
 <f6f23f42-7686-11cf-8f52-0040333594a3>
 DWORD nMaterials;
 DWORD nFaceIndexes;
 array DWORD faceIndexes[nFaceIndexes];
 [Material <3d82ab4d-62da-11cf-ab39-0020af71e433>]
}

template VertexElement {
 <f752461c-1e23-48f6-b9f8-8350850f336f>
 DWORD Type;
 DWORD Method;
 DWORD Usage;
 DWORD UsageIndex;
}

template DeclData {
 <bf22e553-292c-4781-9fea-62bd554bdd93>
 DWORD nElements;
 array VertexElement Elements[nElements];
 DWORD nDWords;
 array DWORD data[nDWords];
}

template XSkinMeshHeader {
 <3cf169ce-ff7c-44ab-93c0-f78f62d172e2>
 WORD nMaxSkinWeightsPerVertex;
 WORD nMaxSkinWeightsPerFace;
 WORD nBones;
}

template SkinWeights {
 <6f0d123b-bad2-4167-a0d0-80224f25fabb>
 STRING transformNodeName;
 DWORD nWeights;
 array DWORD vertexIndices[nWeights];
 array FLOAT weights[nWeights];
 Matrix4x4 matrixOffset;
}

template AnimTicksPerSecond {
 <9e415a43-7ba6-4a73-8743-b73d47e88476>
 DWORD AnimTicksPerSecond;
}

template Animation {
 <3d82ab4f-62da-11cf-ab39-0020af71e433>
 [...]
}

template AnimationSet {
 <3d82ab50-62da-11cf-ab39-0020af71e433>
 [Animation <3d82ab4f-62da-11cf-ab39-0020af71e433>]
}

template FloatKeys {
 <10dd46a9-775b-11cf-8f52-0040333594a3>
 DWORD nValues;
 array FLOAT values[nValues];
}

template TimedFloatKeys {
 <f406b180-7b3b-11cf-8f52-0040333594a3>
 DWORD time;
 FloatKeys tfkeys;
}

template AnimationKey {
 <10dd46a8-775b-11cf-8f52-0040333594a3>
 DWORD keyType;
 DWORD nKeys;
 array TimedFloatKeys keys[nKeys];
}


Frame Bip001 {
 

 FrameTransformMatrix {
  0.766045,-0.000000,0.642788,0.000000,0.000000,1.000000,0.000000,0.000000,-0.642788,0.000000,0.766045,0.000000,-0.000000,117.695821,-0.000000,1.000000;;
 }

 Frame Bip001_Pelvis {
  

  FrameTransformMatrix {
   0.000000,0.998788,0.049211,0.000000,-0.000001,-0.049211,0.998789,0.000000,1.000000,-0.000000,0.000001,0.000000,0.000000,0.000000,0.000000,1.000000;;
  }

  Frame Bip001_Spine {
   

   FrameTransformMatrix {
    0.984651,-0.039563,0.169993,0.000000,0.058772,0.992248,-0.109498,0.000000,-0.164344,0.117809,0.979343,0.000000,14.246789,-0.703361,-0.012578,1.000000;;
   }

   Frame Bip001_Spine1 {
    

    FrameTransformMatrix {
     0.998973,0.038831,-0.023341,0.000000,-0.036688,0.995609,0.086119,0.000000,0.026582,-0.085175,0.996011,0.000000,16.121888,0.001093,-0.012787,1.000000;;
    }

    Frame Bip001_Spine2 {
     

     FrameTransformMatrix {
      0.997659,0.006998,-0.068025,0.000000,-0.000433,0.995377,0.096041,0.000000,0.068383,-0.095787,0.993050,0.000000,16.121323,0.001230,-0.012749,1.000000;;
     }

     Frame Bip001_Spine3 {
      

      FrameTransformMatrix {
       0.986475,-0.104584,-0.126207,0.000000,0.108928,0.993655,0.028000,0.000000,0.122478,-0.041369,0.991609,0.000000,16.120651,0.000532,-0.012730,1.000000;;
      }

      Frame Bip001_Neck {
       

       FrameTransformMatrix {
        0.899240,0.000001,0.437456,0.000000,-0.000001,1.000000,-0.000000,0.000000,-0.437456,-0.000000,0.899240,0.000000,16.125488,0.000000,-0.006661,1.000000;;
       }

       Frame Bip001_L_Clavicle {
        

        FrameTransformMatrix {
         -0.240080,0.970663,-0.013237,0.000000,0.867825,0.208495,-0.451009,0.000000,-0.435018,-0.119766,-0.892421,0.000000,0.000000,4.340599,0.007393,1.000000;;
        }

        Frame Bip001_L_UpperArm {
         

         FrameTransformMatrix {
          0.762045,-0.232226,-0.604449,0.000000,0.293123,0.956072,0.002230,0.000000,0.577379,-0.178877,0.796641,0.000000,16.122222,0.000015,0.000000,1.000000;;
         }

         Frame Bip001_L_Forearm {
          

          FrameTransformMatrix {
           0.586665,0.000000,-0.809829,0.000000,-0.000000,1.000000,0.000000,0.000000,0.809829,-0.000000,0.586666,0.000000,44.136822,0.000015,-0.000004,1.000000;;
          }

          Frame Bip001_L_Hand {
           

           FrameTransformMatrix {
            0.994184,-0.020071,0.105808,0.000000,-0.100164,-0.533265,0.839998,0.000000,0.039565,-0.845711,-0.532173,0.000000,37.683360,-0.000015,0.000004,1.000000;;
           }

           Frame Bip001_L_Finger0 {
            

            FrameTransformMatrix {
             0.507051,-0.208417,0.836339,0.000000,0.787258,0.507013,-0.350946,0.000000,-0.350891,0.836362,0.421159,0.000000,4.289864,-5.456848,2.394806,1.000000;;
            }

            Frame Bip001_L_Finger01 {
             

             FrameTransformMatrix {
              0.845231,0.000000,0.534402,0.000000,0.000000,1.000000,0.000000,0.000000,-0.534402,0.000000,0.845231,0.000000,3.875542,0.000008,0.000015,1.000000;;
             }

             Frame Bip001_L_Finger02 {
              

              FrameTransformMatrix {
               0.717331,0.000000,0.696733,0.000000,0.000000,1.000000,0.000000,0.000000,-0.696733,-0.000000,0.717331,0.000000,3.875519,-0.000004,0.000000,1.000000;;
              }

              Frame Bip001_L_Finger0Nub {
               

               FrameTransformMatrix {
                1.000000,0.000000,-0.000000,0.000000,0.000000,1.000000,-0.000000,0.000000,-0.000000,0.000000,1.000000,0.000000,3.875519,0.000008,0.000001,1.000000;;
               }
              }
             }
            }
           }

           Frame Bip001_L_Finger1 {
            

            FrameTransformMatrix {
             0.918251,-0.000315,0.396000,0.000000,0.000000,1.000000,0.000796,0.000000,-0.396000,-0.000731,0.918250,0.000000,11.734261,-5.461182,-0.417755,1.000000;;
            }

            Frame Bip001_L_Finger11 {
             

             FrameTransformMatrix {
              0.361810,-0.000000,0.932252,0.000000,-0.000000,1.000000,0.000000,0.000000,-0.932252,0.000000,0.361810,0.000000,4.650646,0.000000,0.000000,1.000000;;
             }

             Frame Bip001_L_Finger12 {
              

              FrameTransformMatrix {
               0.141925,-0.000000,0.989877,0.000000,0.000000,1.000000,-0.000000,0.000000,-0.989878,0.000000,0.141925,0.000000,4.650650,0.000015,0.000000,1.000000;;
              }

              Frame Bip001_L_Finger1Nub {
               

               FrameTransformMatrix {
                1.000000,0.000000,0.000000,0.000000,-0.000000,1.000000,0.000000,0.000000,-0.000000,0.000000,1.000000,0.000000,4.650642,-0.000015,0.000000,1.000000;;
               }
              }
             }
            }
           }

           Frame Bip001_L_Finger2 {
            

            FrameTransformMatrix {
             0.924595,0.042567,0.378566,0.000000,-0.054546,0.998291,0.020970,0.000000,-0.377027,-0.040038,0.925337,0.000000,11.686760,-1.501312,-0.364777,1.000000;;
            }

            Frame Bip001_L_Finger21 {
             

             FrameTransformMatrix {
              0.348076,0.000000,0.937466,0.000000,0.000000,1.000000,-0.000000,0.000000,-0.937466,-0.000000,0.348076,0.000000,4.698440,0.000015,0.000000,1.000000;;
             }

             Frame Bip001_L_Finger22 {
              

              FrameTransformMatrix {
               0.030602,0.000000,0.999532,0.000000,0.000000,1.000000,0.000000,0.000000,-0.999532,0.000000,0.030602,0.000000,5.425751,-0.000015,0.000000,1.000000;;
              }

              Frame Bip001_L_Finger2Nub {
               

               FrameTransformMatrix {
                1.000000,-0.000000,0.000000,0.000000,-0.000000,1.000000,0.000000,0.000000,0.000000,0.000000,1.000000,0.000000,5.425758,0.000000,0.000000,1.000000;;
               }
              }
             }
            }
           }

           Frame Bip001_L_Finger3 {
            

            FrameTransformMatrix {
             0.935966,0.064664,0.346102,0.000000,-0.084190,0.995578,0.041667,0.000000,-0.341878,-0.068137,0.937271,0.000000,11.686180,1.606110,-0.362915,1.000000;;
            }

            Frame Bip001_L_Finger31 {
             

             FrameTransformMatrix {
              0.419784,-0.000000,0.907624,0.000000,-0.000000,1.000000,0.000000,0.000000,-0.907624,0.000000,0.419784,0.000000,4.316547,0.000015,0.000000,1.000000;;
             }

             Frame Bip001_L_Finger32 {
              

              FrameTransformMatrix {
               0.000102,0.000000,1.000000,0.000000,0.000000,1.000000,-0.000000,0.000000,-1.000000,0.000000,0.000102,0.000000,4.650642,0.000000,0.000000,1.000000;;
              }

              Frame Bip001_L_Finger3Nub {
               

               FrameTransformMatrix {
                1.000000,-0.000000,0.000000,0.000000,-0.000000,1.000000,0.000000,0.000000,0.000000,0.000000,1.000000,0.000000,4.650642,0.000000,0.000000,1.000000;;
               }
              }
             }
            }
           }

           Frame Bip001_L_Finger4 {
            

            FrameTransformMatrix {
             0.752888,0.029285,0.657497,0.000000,-0.043233,0.999053,0.005008,0.000000,-0.656728,-0.032196,0.753440,0.000000,10.216774,4.386841,-0.631805,1.000000;;
            }

            Frame Bip001_L_Finger41 {
             

             FrameTransformMatrix {
              0.392584,0.000000,0.919716,0.000000,0.000000,1.000000,0.000000,0.000000,-0.919716,0.000000,0.392584,0.000000,3.003708,0.000000,0.000015,1.000000;;
             }

             Frame Bip001_L_Finger42 {
              

              FrameTransformMatrix {
               0.022317,-0.000000,0.999751,0.000000,-0.000000,1.000000,0.000000,0.000000,-0.999751,-0.000000,0.022317,0.000000,3.003708,0.000015,-0.000008,1.000000;;
              }

              Frame Bip001_L_Finger4Nub {
               

               FrameTransformMatrix {
                1.000000,-0.000000,-0.000000,0.000000,0.000000,1.000000,0.000000,0.000000,0.000000,-0.000000,1.000000,0.000000,3.003712,-0.000015,0.000015,1.000000;;
               }
              }
             }
            }
           }
          }
         }
        }
       }

       Frame Bip001_R_Clavicle {
        

        FrameTransformMatrix {
         -0.144915,-0.989409,-0.008302,0.000000,-0.887687,0.126301,0.442787,0.000000,-0.437049,0.071536,-0.896588,0.000000,0.000015,-4.340598,0.007416,1.000000;;
        }

        Frame Bip001_R_UpperArm {
         

         FrameTransformMatrix {
          0.614151,0.379145,-0.692147,0.000000,-0.214965,0.924242,0.315541,0.000000,0.759347,-0.045003,0.649127,0.000000,16.122227,0.000000,-0.000001,1.000000;;
         }

         Frame Bip001_R_Forearm {
          

          FrameTransformMatrix {
           0.299269,-0.000000,-0.954169,0.000000,0.000000,1.000000,0.000000,0.000000,0.954169,0.000000,0.299268,0.000000,44.136822,0.000015,-0.000003,1.000000;;
          }

          Frame Bip001_R_Hand {
           

           FrameTransformMatrix {
            0.994184,0.020071,0.105808,0.000000,0.101502,-0.502998,-0.858307,0.000000,0.035995,0.864055,-0.502109,0.000000,37.683370,0.000000,0.000000,1.000000;;
           }

           Frame Bip001_R_Finger0 {
            

            FrameTransformMatrix {
             0.507051,0.208417,0.836339,0.000000,-0.787258,0.507013,0.350946,0.000000,-0.350891,-0.836362,0.421159,0.000000,4.289879,5.456848,2.394806,1.000000;;
            }

            Frame Bip001_R_Finger01 {
             

             FrameTransformMatrix {
              0.845231,-0.000000,0.534402,0.000000,-0.000000,1.000000,0.000000,0.000000,-0.534402,0.000000,0.845231,0.000000,3.875538,-0.000004,0.000015,1.000000;;
             }

             Frame Bip001_R_Finger02 {
              

              FrameTransformMatrix {
               0.717331,0.000000,0.696733,0.000000,-0.000000,1.000000,0.000000,0.000000,-0.696733,-0.000000,0.717331,0.000000,3.875534,0.000000,0.000000,1.000000;;
              }

              Frame Bip001_R_Finger0Nub {
               

               FrameTransformMatrix {
                -1.000000,-0.000000,0.000000,0.000000,0.000000,1.000000,0.000000,0.000000,-0.000000,-0.000000,-1.000000,0.000000,3.875549,-0.000008,-0.000004,1.000000;;
               }
              }
             }
            }
           }

           Frame Bip001_R_Finger1 {
            

            FrameTransformMatrix {
             0.918251,0.000315,0.396000,0.000000,-0.000000,1.000000,-0.000796,0.000000,-0.396000,0.000731,0.918250,0.000000,11.734276,5.461204,-0.417755,1.000000;;
            }

            Frame Bip001_R_Finger11 {
             

             FrameTransformMatrix {
              0.361810,-0.000000,0.932252,0.000000,-0.000000,1.000000,0.000000,0.000000,-0.932252,-0.000000,0.361810,0.000000,4.650646,-0.000008,0.000000,1.000000;;
             }

             Frame Bip001_R_Finger12 {
              

              FrameTransformMatrix {
               0.141925,-0.000000,0.989878,0.000000,0.000000,1.000000,0.000000,0.000000,-0.989878,0.000000,0.141925,0.000000,4.650620,0.000015,-0.000008,1.000000;;
              }

              Frame Bip001_R_Finger1Nub {
               

               FrameTransformMatrix {
                -1.000000,0.000000,-0.000000,0.000000,-0.000000,1.000000,0.000000,0.000000,-0.000000,-0.000000,-1.000000,0.000000,4.650635,-0.000015,-0.000008,1.000000;;
               }
              }
             }
            }
           }

           Frame Bip001_R_Finger2 {
            

            FrameTransformMatrix {
             0.924595,-0.042567,0.378566,0.000000,0.054546,0.998291,-0.020970,0.000000,-0.377027,0.040038,0.925337,0.000000,11.686764,1.501312,-0.364777,1.000000;;
            }

            Frame Bip001_R_Finger21 {
             

             FrameTransformMatrix {
              0.348076,-0.000000,0.937466,0.000000,-0.000000,1.000000,-0.000000,0.000000,-0.937466,-0.000000,0.348076,0.000000,4.698440,0.000000,0.000000,1.000000;;
             }

             Frame Bip001_R_Finger22 {
              

              FrameTransformMatrix {
               0.030602,0.000000,0.999532,0.000000,-0.000000,1.000000,0.000000,0.000000,-0.999532,-0.000000,0.030602,0.000000,5.425736,0.000000,-0.000004,1.000000;;
              }

              Frame Bip001_R_Finger2Nub {
               

               FrameTransformMatrix {
                -1.000000,0.000000,0.000000,0.000000,-0.000000,1.000000,0.000000,0.000000,0.000000,0.000000,-1.000000,0.000000,5.425751,-0.000015,-0.000008,1.000000;;
               }
              }
             }
            }
           }

           Frame Bip001_R_Finger3 {
            

            FrameTransformMatrix {
             0.935966,-0.064664,0.346102,0.000000,0.084190,0.995578,-0.041667,0.000000,-0.341878,0.068137,0.937271,0.000000,11.686195,-1.606094,-0.362915,1.000000;;
            }

            Frame Bip001_R_Finger31 {
             

             FrameTransformMatrix {
              0.419784,0.000000,0.907624,0.000000,0.000000,1.000000,-0.000000,0.000000,-0.907624,-0.000000,0.419784,0.000000,4.316540,0.000015,0.000000,1.000000;;
             }

             Frame Bip001_R_Finger32 {
              

              FrameTransformMatrix {
               0.000102,-0.000000,1.000000,0.000000,0.000000,1.000000,0.000000,0.000000,-1.000000,0.000000,0.000102,0.000000,4.650665,-0.000031,0.000000,1.000000;;
              }

              Frame Bip001_R_Finger3Nub {
               

               FrameTransformMatrix {
                -1.000000,-0.000000,0.000000,0.000000,-0.000000,1.000000,0.000000,0.000000,-0.000000,-0.000000,-1.000000,0.000000,4.650650,0.000015,0.000000,1.000000;;
               }
              }
             }
            }
           }

           Frame Bip001_R_Finger4 {
            

            FrameTransformMatrix {
             0.752888,-0.029284,0.657497,0.000000,0.043233,0.999053,-0.005008,0.000000,-0.656728,0.032196,0.753440,0.000000,10.216790,-4.386826,-0.631805,1.000000;;
            }

            Frame Bip001_R_Finger41 {
             

             FrameTransformMatrix {
              0.392584,0.000000,0.919716,0.000000,0.000000,1.000000,-0.000000,0.000000,-0.919716,0.000000,0.392584,0.000000,3.003708,0.000000,0.000015,1.000000;;
             }

             Frame Bip001_R_Finger42 {
              

              FrameTransformMatrix {
               0.022317,-0.000000,0.999751,0.000000,0.000000,1.000000,0.000000,0.000000,-0.999751,0.000000,0.022317,0.000000,3.003708,0.000008,0.000004,1.000000;;
              }

              Frame Bip001_R_Finger4Nub {
               

               FrameTransformMatrix {
                -1.000000,0.000000,-0.000000,0.000000,0.000000,1.000000,0.000000,0.000000,0.000000,-0.000000,-1.000000,0.000000,3.003708,0.000000,-0.000015,1.000000;;
               }
              }
             }
            }
           }
          }
         }
        }
       }

       Frame Bip001_Head {
        

        FrameTransformMatrix {
         0.879956,0.091766,-0.466107,0.000000,-0.432758,0.559560,-0.706833,0.000000,0.195952,0.823694,0.532101,0.000000,15.765381,-0.911514,-0.005150,1.000000;;
        }

        Frame Bip001_HeadNub {
         

         FrameTransformMatrix {
          1.000000,0.000000,0.000000,0.000000,-0.000000,1.000000,-0.000000,0.000000,0.000000,0.000000,1.000000,0.000000,29.144013,0.000000,0.000001,1.000000;;
         }
        }
       }
      }
     }
    }
   }

   Frame Bip001_L_Thigh {
    

    FrameTransformMatrix {
     -0.741492,0.278462,0.610449,0.000000,-0.026158,-0.921118,0.388404,0.000000,0.670452,0.272030,0.690286,0.000000,-14.544450,12.164781,3.897591,1.000000;;
    }

    Frame Bip001_L_Calf {
     

     FrameTransformMatrix {
      0.937889,-0.000000,-0.346936,0.000000,0.000000,1.000000,-0.000000,0.000000,0.346936,0.000000,0.937889,0.000000,54.040717,0.000000,-0.000008,1.000000;;
     }

     Frame Bip001_L_Foot {
      

      FrameTransformMatrix {
       0.971541,0.105868,-0.211898,0.000000,-0.050536,0.966607,0.251231,0.000000,0.231419,-0.233372,0.944448,0.000000,58.826867,0.000000,0.000000,1.000000;;
      }

      Frame Bip001_L_Toe0 {
       

       FrameTransformMatrix {
        0.000000,-0.000000,1.000000,0.000000,-0.000000,1.000000,0.000000,0.000000,-1.000000,-0.000000,-0.000000,0.000000,14.261971,0.000000,18.354530,1.000000;;
       }

       Frame Bip001_L_Toe01 {
        

        FrameTransformMatrix {
         1.000000,-0.000000,0.000000,0.000000,0.000000,1.000000,0.000000,0.000000,0.000000,0.000000,1.000000,0.000000,1.860260,0.000000,0.000000,1.000000;;
        }

        Frame Bip001_L_Toe02 {
         

         FrameTransformMatrix {
          1.000000,-0.000000,0.000000,0.000000,0.000000,1.000000,0.000000,0.000000,0.000000,0.000000,1.000000,0.000000,1.860260,0.000000,0.000000,1.000000;;
         }

         Frame Bip001_L_Toe0Nub {
          

          FrameTransformMatrix {
           -1.000000,0.000000,-0.000000,0.000000,0.000000,1.000000,-0.000000,0.000000,0.000000,0.000000,-1.000000,0.000000,1.860245,0.000001,0.000000,1.000000;;
          }
         }
        }
       }
      }
     }
    }
   }

   Frame Bip001_R_Thigh {
    

    FrameTransformMatrix {
     -0.938448,-0.270622,0.214661,0.000000,0.201777,-0.933881,-0.295217,0.000000,0.280360,-0.233733,0.931004,0.000000,-13.563133,-12.446355,0.975498,1.000000;;
    }

    Frame Bip001_R_Calf {
     

     FrameTransformMatrix {
      0.834429,0.000000,-0.551115,0.000000,-0.000000,1.000000,-0.000000,0.000000,0.551115,-0.000000,0.834429,0.000000,53.736064,0.000000,0.000000,1.000000;;
     }

     Frame Bip001_R_Foot {
      

      FrameTransformMatrix {
       0.858659,-0.233268,0.456389,0.000000,0.342769,0.923363,-0.172944,0.000000,-0.381071,0.304936,0.872811,0.000000,59.151962,0.000000,0.000006,1.000000;;
      }

      Frame Bip001_R_Toe0 {
       

       FrameTransformMatrix {
        0.000000,-0.000000,1.000000,0.000000,-0.000000,1.000000,-0.000000,0.000000,-1.000000,-0.000000,0.000000,0.000000,14.261973,-0.000004,18.354526,1.000000;;
       }

       Frame Bip001_R_Toe01 {
        

        FrameTransformMatrix {
         1.000000,-0.000000,0.000000,0.000000,-0.000000,1.000000,0.000000,0.000000,0.000000,-0.000000,1.000000,0.000000,1.860257,-0.000004,0.000000,1.000000;;
        }

        Frame Bip001_R_Toe02 {
         

         FrameTransformMatrix {
          1.000000,-0.000000,0.000000,0.000000,-0.000000,1.000000,0.000000,0.000000,0.000000,-0.000000,1.000000,0.000000,1.860260,0.000008,0.000000,1.000000;;
         }

         Frame Bip001_R_Toe0Nub {
          

          FrameTransformMatrix {
           1.000000,-0.000000,0.000000,0.000000,-0.000000,1.000000,0.000000,0.000000,0.000000,-0.000000,1.000000,0.000000,1.860252,-0.000004,0.000000,1.000000;;
          }
         }
        }
       }
      }
     }
    }
   }
  }
 }
}

Frame Box001 {
 

 FrameTransformMatrix {
  0.667112,0.000000,0.000000,0.000000,0.000000,0.696682,0.000000,0.000000,0.000000,0.000000,0.492662,0.000000,0.000000,0.000000,0.000000,1.000000;;
 }

 Mesh Box001 {
  24;
  44.461690;21.585202;212.279718;,
  40.400861;20.692013;210.362586;,
  43.107482;20.373627;208.700442;,
  41.755066;21.903587;213.941862;,
  44.321946;23.335042;211.192205;,
  40.261117;22.441851;209.275059;,
  41.615322;23.653426;212.854336;,
  42.967738;22.123467;207.612915;,
  44.461690;21.585202;212.279718;,
  41.615322;23.653426;212.854336;,
  41.755066;21.903587;213.941862;,
  44.321946;23.335042;211.192205;,
  41.755066;21.903587;213.941862;,
  40.261117;22.441851;209.275059;,
  40.400861;20.692013;210.362586;,
  41.615322;23.653426;212.854336;,
  40.400861;20.692013;210.362586;,
  42.967738;22.123467;207.612915;,
  43.107482;20.373627;208.700442;,
  40.261117;22.441851;209.275059;,
  43.107482;20.373627;208.700442;,
  44.321946;23.335042;211.192205;,
  44.461690;21.585202;212.279718;,
  42.967738;22.123467;207.612915;;
  12;
  3;0,1,2;,
  3;1,0,3;,
  3;4,5,6;,
  3;5,4,7;,
  3;8,9,10;,
  3;9,8,11;,
  3;12,13,14;,
  3;13,12,15;,
  3;16,17,18;,
  3;17,16,19;,
  3;20,21,22;,
  3;21,20,23;;

  MeshMaterialList {
   1;
   12;
   0,
   0,
   0,
   0,
   0,
   0,
   0,
   0,
   0,
   0,
   0,
   0;

   Material  {
    0.529412;0.231373;0.031373;1.000000;;
    0.000000;
    0.000000;0.000000;0.000000;;
    0.000000;0.000000;0.000000;;
   }
  }

  DeclData {
   2;
   2;0;3;0;,
   1;0;5;0;;
   120;
   1032772627,
   3212041911,
   1050121704,
   1065353216,
   1065353216,
   1032772627,
   3212041911,
   1050121704,
   0,
   0,
   1032772627,
   3212041911,
   1050121704,
   1065353216,
   0,
   1032772627,
   3212041911,
   1050121704,
   0,
   1065353216,
   3180256349,
   1064558263,
   3197605345,
   0,
   1065353216,
   3180256349,
   1064558263,
   3197605345,
   1065353216,
   0,
   3180256350,
   1064558263,
   3197605346,
   1065353216,
   1065353216,
   3180256350,
   1064558263,
   3197605346,
   0,
   0,
   1056902088,
   1056496710,
   1060623043,
   0,
   1065353216,
   1056902090,
   1056496714,
   1060623041,
   1065353216,
   0,
   1056902092,
   1056496717,
   1060623039,
   1065353216,
   1065353216,
   1056902085,
   1056496706,
   1060623045,
   0,
   0,
   3211851904,
   1039618258,
   1050765655,
   0,
   1065353216,
   3211851904,
   1039618258,
   1050765655,
   1065353216,
   0,
   3211851904,
   1039618258,
   1050765654,
   1065353216,
   1065353216,
   3211851904,
   1039618258,
   1050765654,
   0,
   0,
   3204385735,
   3203980362,
   3208106690,
   0,
   1065353216,
   3204385738,
   3203980357,
   3208106691,
   1065353216,
   0,
   3204385742,
   3203980351,
   3208106691,
   1065353216,
   1065353216,
   3204385731,
   3203980368,
   3208106690,
   0,
   0,
   1064368256,
   3187101890,
   3198249304,
   0,
   1065353216,
   1064368256,
   3187101890,
   3198249304,
   1065353216,
   0,
   1064368256,
   3187101890,
   3198249304,
   1065353216,
   1065353216,
   1064368256,
   3187101890,
   3198249304,
   0,
   0;
  }

  XSkinMeshHeader {
   1;
   1;
   1;
  }

  SkinWeights {
   "Bip001_L_Toe0Nub";
   24;
   0,
   1,
   2,
   3,
   4,
   5,
   6,
   7,
   8,
   9,
   10,
   11,
   12,
   13,
   14,
   15,
   16,
   17,
   18,
   19,
   20,
   21,
   22,
   23;
   1.000000,
   1.000000,
   1.000000,
   1.000000,
   1.000000,
   1.000000,
   1.000000,
   1.000000,
   1.000000,
   1.000000,
   1.000000,
   1.000000,
   1.000000,
   1.000000,
   1.000000,
   1.000000,
   1.000000,
   1.000000,
   1.000000,
   1.000000,
   1.000000,
   1.000000,
   1.000000,
   1.000000;
   -0.091215,0.660819,0.006007,0.000000,-0.007221,0.005336,-0.696624,0.000000,-0.488008,-0.067403,0.004543,0.000000,76.509478,9.112319,0.376385,1.000000;;
  }
 }
}

AnimTicksPerSecond  {
 4800;
}

AnimationSet Anim1 {
 

 Animation {
  
  { Bip001 }

  AnimationKey S {
   1;
   2;
   0;3;1.000000,1.000000,1.000000;;,
   8640;3;1.000000,1.000000,1.000000;;;
  }

  AnimationKey R {
   0;
   55;
   0;4;0.939693,-0.000000,0.342020,0.000000;;,
   160;4;0.942035,0.006270,0.334863,-0.019959;;,
   320;4;0.943325,0.013390,0.328963,-0.041736;;,
   480;4;0.943931,0.020714,0.323229,-0.063948;;,
   640;4;0.944318,0.027602,0.316607,-0.085211;;,
   800;4;0.945051,0.033414,0.308080,-0.104154;;,
   960;4;0.946746,0.037515,0.296655,-0.119415;;,
   1120;4;0.949999,0.039273,0.281344,-0.129633;;,
   1280;4;0.955537,0.037964,0.260209,-0.133417;;,
   1440;4;0.962847,0.033894,0.233442,-0.131463;;,
   1600;4;0.970638,0.027988,0.203258,-0.125558;;,
   1760;4;0.977841,0.021187,0.171933,-0.117543;;,
   1920;4;0.983732,0.014447,0.141825,-0.109312;;,
   2080;4;0.987953,0.008732,0.115342,-0.102807;;,
   2240;4;0.990437,0.005006,0.094917,-0.099997;;,
   2400;4;0.989570,0.006736,0.095968,-0.107216;;,
   2560;4;0.986092,0.012398,0.113288,-0.120977;;,
   2720;4;0.984473,0.015476,0.118448,-0.128625;;,
   2880;4;0.986653,0.013760,0.102392,-0.125871;;,
   3040;4;0.989819,0.010182,0.077939,-0.118659;;,
   3200;4;0.992689,0.005949,0.049640,-0.109862;;,
   3360;4;0.994493,0.002276,0.022103,-0.102420;;,
   3520;4;0.995197,-0.000951,-0.007189,-0.097621;;,
   3680;4;0.994890,-0.003891,-0.037769,-0.093551;;,
   3840;4;0.994223,-0.005387,-0.060538,-0.088474;;,
   4000;4;0.994149,-0.004529,-0.071691,-0.080676;;,
   4160;4;0.994577,-0.002231,-0.075063,-0.071953;;,
   4320;4;0.995149,-0.000080,-0.073055,-0.065887;;,
   4480;4;0.995712,0.001370,-0.067362,-0.063386;;,
   4640;4;0.996387,0.002672,-0.056289,-0.063542;;,
   4800;4;0.997041,0.003897,-0.037149,-0.067194;;,
   4960;4;0.997091,0.004342,-0.007699,-0.075706;;,
   5120;4;0.995698,0.004704,0.029823,-0.087605;;,
   5280;4;0.992454,0.007150,0.071341,-0.099471;;,
   5440;4;0.986465,0.013379,0.119823,-0.111131;;,
   5600;4;0.977205,0.021660,0.171988,-0.122559;;,
   5760;4;0.967454,0.029029,0.214635,-0.130848;;,
   5920;4;0.960002,0.035695,0.242697,-0.134983;;,
   6080;4;0.954589,0.041497,0.261655,-0.136290;;,
   6240;4;0.951020,0.042950,0.274459,-0.135601;;,
   6400;4;0.949467,0.038277,0.281814,-0.132768;;,
   6560;4;0.949532,0.030120,0.284661,-0.128259;;,
   6720;4;0.949881,0.021611,0.286243,-0.123792;;,
   6880;4;0.949255,0.015884,0.289825,-0.121092;;,
   7040;4;0.947095,0.013745,0.296378,-0.122403;;,
   7200;4;0.944093,0.013312,0.304093,-0.126642;;,
   7360;4;0.940940,0.013694,0.312089,-0.130556;;,
   7520;4;0.938395,0.014001,0.319506,-0.130900;;,
   7680;4;0.937229,0.013343,0.325485,-0.124433;;,
   7840;4;0.937461,0.011667,0.329877,-0.110509;;,
   8000;4;0.938312,0.009599,0.333269,-0.091709;;,
   8160;4;0.939295,0.007269,0.335891,-0.069635;;,
   8320;4;0.940011,0.004805,0.338008,-0.045904;;,
   8480;4;0.940187,0.002338,0.339930,-0.022146;;,
   8640;4;0.939693,0.000000,0.342020,0.000000;;;
  }

  AnimationKey T {
   2;
   55;
   0;3;-0.000000,117.695821,-0.000000;;,
   160;3;-1.259621,117.040077,2.522001;;,
   320;3;-2.555814,116.303898,5.192229;;,
   480;3;-3.852006,115.527475,7.862460;;,
   640;3;-5.111628,114.751104,10.384461;;,
   800;3;-6.298105,114.014912,12.610003;;,
   960;3;-7.374867,113.359155,14.390861;;,
   1120;3;-7.899069,112.824077,15.113421;;,
   1280;3;-8.130698,112.449856,14.650152;;,
   1440;3;-9.087423,112.276736,13.581950;;,
   1600;3;-11.084844,112.510298,12.278404;;,
   1760;3;-13.551702,113.200640,10.739456;;,
   1920;3;-16.175392,114.154790,8.991549;;,
   2080;3;-18.643314,115.179712,7.061114;;,
   2240;3;-20.642856,116.082432,4.974593;;,
   2400;3;-21.884958,116.669914,2.519006;;,
   2560;3;-22.576885,116.749210,-0.317422;;,
   2720;3;-23.150530,116.075392,-3.206440;;,
   2880;3;-24.037789,114.743398,-5.819798;;,
   3040;3;-25.480635,113.069926,-8.432912;;,
   3200;3;-27.225072,111.371686,-10.750478;;,
   3360;3;-28.959050,109.965389,-11.588178;;,
   3520;3;-30.738000,109.167757,-9.713571;;,
   3680;3;-32.506490,109.063322,-6.359099;;,
   3840;3;-33.786179,109.415642,-4.037724;;,
   4000;3;-34.648858,110.059917,-3.353207;;,
   4160;3;-35.446874,110.831296,-3.111177;;,
   4320;3;-36.122685,111.565030,-3.127424;;,
   4480;3;-36.618771,112.096282,-3.217733;;,
   4640;3;-36.877606,112.466522,-3.197894;;,
   4800;3;-36.841661,112.777050,-2.883695;;,
   4960;3;-36.257510,112.952717,-2.059804;;,
   5120;3;-35.120893,112.918362,-0.855495;;,
   5280;3;-33.748051,112.666829,0.396524;;,
   5440;3;-32.455200,112.277555,1.363558;;,
   5600;3;-31.558589,111.805453,1.712902;;,
   5760;3;-31.484672,111.305408,1.208158;;,
   5920;3;-32.022634,110.832307,0.071127;;,
   6080;3;-32.532771,110.441050,-1.343599;;,
   6240;3;-32.375389,110.186534,-2.681404;;,
   6400;3;-30.910790,110.123648,-3.587696;;,
   6560;3;-27.954362,110.292416,-4.126394;;,
   6720;3;-24.014866,110.661517,-4.587053;;,
   6880;3;-19.492546,111.178790,-4.953545;;,
   7040;3;-14.787758,111.792102,-5.209731;;,
   7200;3;-10.300732,112.449267,-5.339480;;,
   7360;3;-6.431824,113.098163,-5.326656;;,
   7520;3;-3.581276,113.686643,-5.155123;;,
   7680;3;-1.823398,114.235968,-4.771462;;,
   7840;3;-0.827134,114.799603,-4.172214;;,
   8000;3;-0.384759,115.373645,-3.416166;;,
   8160;3;-0.288569,115.954189,-2.562127;;,
   8320;3;-0.330853,116.537344,-1.668884;;,
   8480;3;-0.303901,117.119181,-0.795246;;,
   8640;3;0.000000,117.695821,0.000000;;;
  }
 }

 Animation {
  
  { Bip001_Pelvis }

  AnimationKey S {
   1;
   2;
   0;3;1.000000,1.000000,1.000000;;,
   8640;3;1.000000,1.000000,1.000000;;;
  }

  AnimationKey R {
   0;
   2;
   0;4;-0.487542,0.512155,0.487542,0.512155;;,
   8640;4;-0.487542,0.512155,0.487542,0.512155;;;
  }

  AnimationKey T {
   2;
   2;
   0;3;0.000000,0.000000,0.000000;;,
   8640;3;0.000000,0.000000,0.000000;;;
  }
 }

 Animation {
  
  { Bip001_Spine }

  AnimationKey S {
   1;
   2;
   0;3;1.000000,1.000000,1.000000;;,
   8640;3;1.000000,1.000000,1.000000;;;
  }

  AnimationKey R {
   0;
   55;
   0;4;0.994515,0.057140,0.084045,0.024719;;,
   160;4;0.995717,0.049318,0.074704,0.023132;;,
   320;4;0.996895,0.041005,0.063747,0.021357;;,
   480;4;0.997879,0.032683,0.052777,0.019577;;,
   640;4;0.998587,0.024841,0.043405,0.017979;;,
   800;4;0.999004,0.017967,0.037241,0.016749;;,
   960;4;0.999147,0.012552,0.035898,0.016075;;,
   1120;4;0.998956,0.008566,0.041870,0.016162;;,
   1280;4;0.998362,0.005615,0.054367,0.016902;;,
   1440;4;0.997373,0.003637,0.070065,0.018010;;,
   1600;4;0.996137,0.002569,0.085647,0.019199;;,
   1760;4;0.994998,0.002347,0.097809,0.020188;;,
   1920;4;0.994435,0.002908,0.103261,0.020700;;,
   2080;4;0.994330,0.003854,0.104195,0.020876;;,
   2240;4;0.994238,0.004834,0.104995,0.021044;;,
   2400;4;0.994158,0.005846,0.105666,0.021205;;,
   2560;4;0.994090,0.006889,0.106214,0.021359;;,
   2720;4;0.994033,0.007961,0.106642,0.021506;;,
   2880;4;0.993987,0.009062,0.106956,0.021647;;,
   3040;4;0.993951,0.010190,0.107162,0.021781;;,
   3200;4;0.993925,0.011344,0.107263,0.021909;;,
   3360;4;0.993908,0.012523,0.107265,0.022032;;,
   3520;4;0.993899,0.013724,0.107172,0.022149;;,
   3680;4;0.993898,0.014949,0.106991,0.022261;;,
   3840;4;0.993905,0.016194,0.106725,0.022368;;,
   4000;4;0.993918,0.017459,0.106380,0.022470;;,
   4160;4;0.993938,0.018742,0.105960,0.022569;;,
   4320;4;0.993962,0.020042,0.105470,0.022663;;,
   4480;4;0.993991,0.021359,0.104916,0.022753;;,
   4640;4;0.994024,0.022690,0.104303,0.022840;;,
   4800;4;0.994061,0.024034,0.103634,0.022924;;,
   4960;4;0.994100,0.025391,0.102916,0.023005;;,
   5120;4;0.994141,0.026759,0.102153,0.023083;;,
   5280;4;0.994183,0.028137,0.101350,0.023159;;,
   5440;4;0.994226,0.029523,0.100511,0.023233;;,
   5600;4;0.994270,0.030917,0.099643,0.023306;;,
   5760;4;0.994313,0.032316,0.098750,0.023376;;,
   5920;4;0.994355,0.033721,0.097837,0.023446;;,
   6080;4;0.994395,0.035129,0.096908,0.023514;;,
   6240;4;0.994434,0.036539,0.095970,0.023582;;,
   6400;4;0.994470,0.037951,0.095026,0.023650;;,
   6560;4;0.994503,0.039362,0.094082,0.023717;;,
   6720;4;0.994533,0.040772,0.093142,0.023785;;,
   6880;4;0.994560,0.042180,0.092212,0.023853;;,
   7040;4;0.994582,0.043583,0.091297,0.023922;;,
   7200;4;0.994600,0.044982,0.090402,0.023992;;,
   7360;4;0.994613,0.046374,0.089531,0.024064;;,
   7520;4;0.994621,0.047759,0.088689,0.024137;;,
   7680;4;0.994624,0.049135,0.087882,0.024212;;,
   7840;4;0.994621,0.050501,0.087115,0.024289;;,
   8000;4;0.994612,0.051856,0.086392,0.024369;;,
   8160;4;0.994598,0.053199,0.085719,0.024452;;,
   8320;4;0.994577,0.054528,0.085100,0.024537;;,
   8480;4;0.994549,0.055842,0.084540,0.024627;;,
   8640;4;0.994515,0.057140,0.084045,0.024719;;;
  }

  AnimationKey T {
   2;
   32;
   0;3;14.246789,-0.703361,-0.012578;;,
   160;3;14.246566,-0.703155,-0.012638;;,
   320;3;14.246307,-0.702934,-0.012693;;,
   480;3;14.246018,-0.702713,-0.012745;;,
   640;3;14.245781,-0.702505,-0.012781;;,
   800;3;14.245635,-0.702325,-0.012800;;,
   960;3;14.245598,-0.702188,-0.012806;;,
   1120;3;14.245773,-0.702087,-0.012791;;,
   1280;3;14.246086,-0.702017,-0.012766;;,
   1440;3;14.246475,-0.701975,-0.012720;;,
   1600;3;14.246872,-0.701958,-0.012653;;,
   1760;3;14.247184,-0.701960,-0.012594;;,
   1920;3;14.247322,-0.701979,-0.012568;;,
   2560;3;14.247360,-0.702006,-0.012560;;,
   2720;3;14.247398,-0.702113,-0.012548;;,
   3360;3;14.247398,-0.702142,-0.012545;;,
   3520;3;14.247421,-0.702263,-0.012539;;,
   4160;3;14.247414,-0.702292,-0.012537;;,
   4320;3;14.247360,-0.702423,-0.012547;;,
   4800;3;14.247360,-0.702457,-0.012547;;,
   4960;3;14.247299,-0.702559,-0.012552;;,
   5440;3;14.247291,-0.702595,-0.012554;;,
   5600;3;14.247216,-0.702699,-0.012562;;,
   6080;3;14.247200,-0.702734,-0.012568;;,
   6240;3;14.247117,-0.702839,-0.012571;;,
   6720;3;14.247093,-0.702876,-0.012575;;,
   6880;3;14.247018,-0.702983,-0.012577;;,
   7360;3;14.247002,-0.703019,-0.012581;;,
   7520;3;14.246933,-0.703126,-0.012579;;,
   8000;3;14.246925,-0.703161,-0.012577;;,
   8160;3;14.246842,-0.703261,-0.012582;;,
   8640;3;14.246842,-0.703297,-0.012581;;;
  }
 }

 Animation {
  
  { Bip001_Spine1 }

  AnimationKey S {
   1;
   2;
   0;3;1.000000,1.000000,1.000000;;,
   8640;3;1.000000,1.000000,1.000000;;;
  }

  AnimationKey R {
   0;
   55;
   0;4;0.998824,-0.042874,-0.012495,-0.018902;;,
   160;4;0.999122,-0.039501,-0.002064,-0.013791;;,
   320;4;0.999281,-0.035937,0.008593,-0.008467;;,
   480;4;0.999286,-0.032368,0.019248,-0.003142;;,
   640;4;0.999138,-0.028979,0.029676,0.001973;;,
   800;4;0.998854,-0.025955,0.039647,0.006668;;,
   960;4;0.998468,-0.023482,0.048938,0.010732;;,
   1120;4;0.997945,-0.021484,0.058618,0.014446;;,
   1280;4;0.997252,-0.019799,0.069081,0.018035;;,
   1440;4;0.996471,-0.018482,0.079086,0.021201;;,
   1600;4;0.995738,-0.017588,0.087396,0.023650;;,
   1760;4;0.995223,-0.017174,0.092777,0.025089;;,
   1920;4;0.995103,-0.017295,0.093996,0.025223;;,
   2080;4;0.995236,-0.017711,0.092663,0.024586;;,
   2240;4;0.995379,-0.018147,0.091216,0.023909;;,
   2400;4;0.995529,-0.018601,0.089657,0.023194;;,
   2560;4;0.995686,-0.019073,0.087992,0.022443;;,
   2720;4;0.995848,-0.019561,0.086224,0.021655;;,
   2880;4;0.996016,-0.020066,0.084357,0.020834;;,
   3040;4;0.996187,-0.020585,0.082396,0.019981;;,
   3200;4;0.996360,-0.021119,0.080346,0.019096;;,
   3360;4;0.996536,-0.021667,0.078209,0.018182;;,
   3520;4;0.996712,-0.022229,0.075991,0.017240;;,
   3680;4;0.996887,-0.022802,0.073696,0.016271;;,
   3840;4;0.997062,-0.023388,0.071327,0.015277;;,
   4000;4;0.997234,-0.023984,0.068890,0.014259;;,
   4160;4;0.997403,-0.024591,0.066388,0.013219;;,
   4320;4;0.997569,-0.025207,0.063826,0.012158;;,
   4480;4;0.997729,-0.025832,0.061208,0.011078;;,
   4640;4;0.997884,-0.026465,0.058538,0.009980;;,
   4800;4;0.998034,-0.027106,0.055820,0.008866;;,
   4960;4;0.998176,-0.027753,0.053059,0.007738;;,
   5120;4;0.998310,-0.028407,0.050259,0.006595;;,
   5280;4;0.998437,-0.029065,0.047425,0.005441;;,
   5440;4;0.998555,-0.029729,0.044560,0.004277;;,
   5600;4;0.998664,-0.030396,0.041669,0.003104;;,
   5760;4;0.998764,-0.031066,0.038756,0.001923;;,
   5920;4;0.998854,-0.031739,0.035825,0.000736;;,
   6080;4;0.998933,-0.032413,0.032882,-0.000455;;,
   6240;4;0.999003,-0.033089,0.029929,-0.001649;;,
   6400;4;0.999062,-0.033764,0.026972,-0.002844;;,
   6560;4;0.999110,-0.034440,0.024015,-0.004040;;,
   6720;4;0.999148,-0.035114,0.021061,-0.005234;;,
   6880;4;0.999175,-0.035787,0.018116,-0.006425;;,
   7040;4;0.999191,-0.036457,0.015184,-0.007611;;,
   7200;4;0.999197,-0.037124,0.012268,-0.008791;;,
   7360;4;0.999192,-0.037787,0.009374,-0.009964;;,
   7520;4;0.999178,-0.038446,0.006505,-0.011128;;,
   7680;4;0.999153,-0.039100,0.003667,-0.012282;;,
   7840;4;0.999119,-0.039747,0.000862,-0.013424;;,
   8000;4;0.999076,-0.040388,-0.001904,-0.014552;;,
   8160;4;0.999025,-0.041022,-0.004627,-0.015666;;,
   8320;4;0.998965,-0.041648,-0.007302,-0.016763;;,
   8480;4;0.998898,-0.042266,-0.009927,-0.017842;;,
   8640;4;0.998824,-0.042874,-0.012495,-0.018902;;;
  }

  AnimationKey T {
   2;
   40;
   0;3;16.121888,0.001093,-0.012787;;,
   160;3;16.122162,0.001012,-0.012800;;,
   320;3;16.122406,0.000925,-0.012802;;,
   480;3;16.122710,0.000832,-0.012802;;,
   640;3;16.123002,0.000741,-0.012793;;,
   800;3;16.123253,0.000658,-0.012779;;,
   960;3;16.123490,0.000588,-0.012758;;,
   1120;3;16.123718,0.000529,-0.012739;;,
   1280;3;16.124008,0.000474,-0.012705;;,
   1440;3;16.124245,0.000429,-0.012668;;,
   1600;3;16.124451,0.000399,-0.012635;;,
   1760;3;16.124611,0.000378,-0.012610;;,
   2240;3;16.124634,0.000381,-0.012602;;,
   2400;3;16.124512,0.000423,-0.012623;;,
   2720;3;16.124496,0.000436,-0.012630;;,
   2880;3;16.124374,0.000469,-0.012646;;,
   3200;3;16.124352,0.000484,-0.012655;;,
   3360;3;16.124237,0.000518,-0.012669;;,
   3680;3;16.124176,0.000537,-0.012672;;,
   3840;3;16.124054,0.000570,-0.012688;;,
   4160;3;16.123994,0.000589,-0.012703;;,
   4320;3;16.123870,0.000626,-0.012714;;,
   4640;3;16.123795,0.000644,-0.012718;;,
   4800;3;16.123650,0.000681,-0.012737;;,
   5120;3;16.123558,0.000701,-0.012745;;,
   5280;3;16.123435,0.000739,-0.012764;;,
   5600;3;16.123382,0.000758,-0.012766;;,
   5760;3;16.123214,0.000793,-0.012774;;,
   6080;3;16.123139,0.000816,-0.012783;;,
   6240;3;16.122978,0.000849,-0.012783;;,
   6560;3;16.122894,0.000864,-0.012787;;,
   6720;3;16.122757,0.000904,-0.012794;;,
   7040;3;16.122674,0.000920,-0.012797;;,
   7200;3;16.122528,0.000954,-0.012799;;,
