xof 0303txt 0032
template Frame {
 <3d82ab46-62da-11cf-ab39-0020af71e433>
 [...]
}

template Matrix4x4 {
 <f6f23f45-7686-11cf-8f52-0040333594a3>
 array FLOAT matrix[16];
}

template FrameTransformMatrix {
 <f6f23f41-7686-11cf-8f52-0040333594a3>
 Matrix4x4 frameMatrix;
}

template Vector {
 <3d82ab5e-62da-11cf-ab39-0020af71e433>
 FLOAT x;
 FLOAT y;
 FLOAT z;
}

template MeshFace {
 <3d82ab5f-62da-11cf-ab39-0020af71e433>
 DWORD nFaceVertexIndices;
 array DWORD faceVertexIndices[nFaceVertexIndices];
}

template Mesh {
 <3d82ab44-62da-11cf-ab39-0020af71e433>
 DWORD nVertices;
 array Vector vertices[nVertices];
 DWORD nFaces;
 array MeshFace faces[nFaces];
 [...]
}

template ColorRGBA {
 <35ff44e0-6c7c-11cf-8f52-0040333594a3>
 FLOAT red;
 FLOAT green;
 FLOAT blue;
 FLOAT alpha;
}

template ColorRGB {
 <d3e16e81-7835-11cf-8f52-0040333594a3>
 FLOAT red;
 FLOAT green;
 FLOAT blue;
}

template Material {
 <3d82ab4d-62da-11cf-ab39-0020af71e433>
 ColorRGBA faceColor;
 FLOAT power;
 ColorRGB specularColor;
 ColorRGB emissiveColor;
 [...]
}

template MeshMaterialList {
 <f6f23f42-7686-11cf-8f52-0040333594a3>
 DWORD nMaterials;
 DWORD nFaceIndexes;
 array DWORD faceIndexes[nFaceIndexes];
 [Material <3d82ab4d-62da-11cf-ab39-0020af71e433>]
}

template VertexElement {
 <f752461c-1e23-48f6-b9f8-8350850f336f>
 DWORD Type;
 DWORD Method;
 DWORD Usage;
 DWORD UsageIndex;
}

template DeclData {
 <bf22e553-292c-4781-9fea-62bd554bdd93>
 DWORD nElements;
 array VertexElement Elements[nElements];
 DWORD nDWords;
 array DWORD data[nDWords];
}

template XSkinMeshHeader {
 <3cf169ce-ff7c-44ab-93c0-f78f62d172e2>
 WORD nMaxSkinWeightsPerVertex;
 WORD nMaxSkinWeightsPerFace;
 WORD nBones;
}

template SkinWeights {
 <6f0d123b-bad2-4167-a0d0-80224f25fabb>
 STRING transformNodeName;
 DWORD nWeights;
 array DWORD vertexIndices[nWeights];
 array FLOAT weights[nWeights];
 Matrix4x4 matrixOffset;
}

template AnimTicksPerSecond {
 <9e415a43-7ba6-4a73-8743-b73d47e88476>
 DWORD AnimTicksPerSecond;
}

template Animation {
 <3d82ab4f-62da-11cf-ab39-0020af71e433>
 [...]
}

template AnimationSet {
 <3d82ab50-62da-11cf-ab39-0020af71e433>
 [Animation <3d82ab4f-62da-11cf-ab39-0020af71e433>]
}

template FloatKeys {
 <10dd46a9-775b-11cf-8f52-0040333594a3>
 DWORD nValues;
 array FLOAT values[nValues];
}

template TimedFloatKeys {
 <f406b180-7b3b-11cf-8f52-0040333594a3>
 DWORD time;
 FloatKeys tfkeys;
}

template AnimationKey {
 <10dd46a8-775b-11cf-8f52-0040333594a3>
 DWORD keyType;
 DWORD nKeys;
 array TimedFloatKeys keys[nKeys];
}


Frame Bip001 {
 

 FrameTransformMatrix {
  -0.000000,-0.000000,1.000000,0.000000,0.000000,1.000000,0.000000,0.000000,-1.000000,0.000000,-0.000000,0.000000,0.000000,125.032333,0.000000,1.000000;;
 }

 Frame Bip001_Pelvis {
  

  FrameTransformMatrix {
   0.000000,0.998679,-0.051390,0.000000,-0.000001,0.051390,0.998679,0.000000,1.000000,0.000000,0.000001,0.000000,0.000000,0.000000,0.000000,1.000000;;
  }

  Frame Bip001_Spine {
   

   FrameTransformMatrix {
    0.999021,0.000050,0.044234,0.000000,-0.000002,0.999999,-0.001105,0.000000,-0.044234,0.001104,0.999021,0.000000,14.243698,0.732907,-0.012830,1.000000;;
   }

   Frame Bip001_Spine1 {
    

    FrameTransformMatrix {
     0.997640,0.058757,-0.035528,0.000000,-0.056161,0.995957,0.070110,0.000000,0.039503,-0.067949,0.996906,0.000000,16.121734,0.000873,-0.012798,1.000000;;
    }

    Frame Bip001_Spine2 {
     

     FrameTransformMatrix {
      0.998965,0.041254,-0.019155,0.000000,-0.039562,0.995879,0.081602,0.000000,0.022442,-0.080760,0.996481,0.000000,16.121902,0.001037,-0.012792,1.000000;;
     }

     Frame Bip001_Spine3 {
      

      FrameTransformMatrix {
       0.997409,-0.049661,0.052058,0.000000,0.047758,0.998167,0.037180,0.000000,-0.053809,-0.034598,0.997952,0.000000,16.122941,0.000443,-0.012811,1.000000;;
      }

      Frame Bip001_Neck {
       

       FrameTransformMatrix {
        0.926787,0.000001,0.375587,0.000000,-0.000001,1.000000,-0.000000,0.000000,-0.375587,-0.000000,0.926787,0.000000,16.125000,-0.000000,-0.006866,1.000000;;
       }

       Frame Bip001_L_Clavicle {
        

        FrameTransformMatrix {
         -0.205035,0.961894,-0.180888,0.000000,0.908269,0.118126,-0.401366,0.000000,-0.364704,-0.246589,-0.897878,0.000000,-0.000015,4.340599,0.007401,1.000000;;
        }

        Frame Bip001_L_UpperArm {
         

         FrameTransformMatrix {
          0.372062,-0.906578,0.199215,0.000000,0.921045,0.333974,-0.200344,0.000000,0.115095,0.258027,0.959258,0.000000,16.122219,0.000015,0.000000,1.000000;;
         }

         Frame Bip001_L_Forearm {
          

          FrameTransformMatrix {
           0.864635,-0.000000,-0.502401,0.000000,-0.000000,1.000000,-0.000000,0.000000,0.502401,-0.000000,0.864635,0.000000,44.136810,0.000000,0.000000,1.000000;;
          }

          Frame Bip001_L_Hand {
           

           FrameTransformMatrix {
            0.994184,-0.020071,0.105808,0.000000,-0.105830,-0.000036,0.994384,0.000000,-0.019954,-0.999799,-0.002160,0.000000,37.683373,-0.000008,-0.000002,1.000000;;
           }

           Frame Bip001_L_Finger0 {
            

            FrameTransformMatrix {
             0.820473,-0.503828,0.270153,0.000000,0.512024,0.437437,-0.739243,0.000000,0.254276,0.744853,0.616877,0.000000,4.289879,-5.456854,2.394810,1.000000;;
            }

            Frame Bip001_L_Finger01 {
             

             FrameTransformMatrix {
              0.907754,0.000000,0.419503,0.000000,0.000000,1.000000,-0.000000,0.000000,-0.419503,0.000000,0.907754,0.000000,3.875534,-0.000006,0.000000,1.000000;;
             }

             Frame Bip001_L_Finger02 {
              

              FrameTransformMatrix {
               0.996929,0.000000,0.078305,0.000000,0.000000,1.000000,-0.000000,0.000000,-0.078305,-0.000000,0.996929,0.000000,3.875542,0.000006,-0.000002,1.000000;;
              }

              Frame Bip001_L_Finger0Nub {
               

               FrameTransformMatrix {
                1.000000,0.000000,0.000000,0.000000,0.000000,1.000000,-0.000000,0.000000,-0.000000,-0.000000,1.000000,0.000000,3.875526,0.000002,0.000000,1.000000;;
               }
              }
             }
            }
           }

           Frame Bip001_L_Finger1 {
            

            FrameTransformMatrix {
             0.922315,0.000308,-0.386438,0.000000,0.000000,1.000000,0.000796,0.000000,0.386438,-0.000734,0.922315,0.000000,11.734276,-5.461197,-0.417759,1.000000;;
            }

            Frame Bip001_L_Finger11 {
             

             FrameTransformMatrix {
              0.960356,0.000000,0.278777,0.000000,-0.000000,1.000000,0.000000,0.000000,-0.278777,-0.000000,0.960356,0.000000,4.650650,0.000001,-0.000008,1.000000;;
             }

             Frame Bip001_L_Finger12 {
              

              FrameTransformMatrix {
               0.999061,-0.000000,0.043333,0.000000,-0.000000,1.000000,0.000000,0.000000,-0.043333,0.000000,0.999061,0.000000,4.650642,0.000000,-0.000008,1.000000;;
              }

              Frame Bip001_L_Finger1Nub {
               

               FrameTransformMatrix {
                1.000000,-0.000000,0.000000,0.000000,0.000000,1.000000,0.000000,0.000000,-0.000000,0.000000,1.000000,0.000000,4.650642,0.000000,0.000000,1.000000;;
               }
              }
             }
            }
           }

           Frame Bip001_L_Finger2 {
            

            FrameTransformMatrix {
             0.913055,0.058367,-0.403637,0.000000,-0.054546,0.998291,0.020970,0.000000,0.404171,0.002870,0.914679,0.000000,11.686767,-1.501311,-0.364780,1.000000;;
            }

            Frame Bip001_L_Finger21 {
             

             FrameTransformMatrix {
              0.956157,-0.000000,0.292854,0.000000,0.000000,1.000000,-0.000000,0.000000,-0.292854,0.000000,0.956157,0.000000,4.698433,0.000001,-0.000008,1.000000;;
             }

             Frame Bip001_L_Finger22 {
              

              FrameTransformMatrix {
               0.990764,0.000000,0.135598,0.000000,0.000000,1.000000,-0.000000,0.000000,-0.135598,-0.000000,0.990764,0.000000,5.425751,-0.000001,0.000008,1.000000;;
              }

              Frame Bip001_L_Finger2Nub {
               

               FrameTransformMatrix {
                1.000000,-0.000000,0.000000,0.000000,-0.000000,1.000000,0.000000,0.000000,0.000000,-0.000000,1.000000,0.000000,5.425743,0.000000,0.000000,1.000000;;
               }
              }
             }
            }
           }

           Frame Bip001_L_Finger3 {
            

            FrameTransformMatrix {
             0.895635,0.093934,-0.434758,0.000000,-0.084190,0.995578,0.041667,0.000000,0.436749,-0.000716,0.899583,0.000000,11.686203,1.606100,-0.362915,1.000000;;
            }

            Frame Bip001_L_Finger31 {
             

             FrameTransformMatrix {
              0.976002,0.000000,0.217763,0.000000,0.000000,1.000000,0.000000,0.000000,-0.217763,-0.000000,0.976002,0.000000,4.316544,0.000000,0.000008,1.000000;;
             }

             Frame Bip001_L_Finger32 {
              

              FrameTransformMatrix {
               0.912644,0.000000,0.408755,0.000000,0.000000,1.000000,0.000000,0.000000,-0.408755,0.000000,0.912644,0.000000,4.650635,-0.000001,0.000000,1.000000;;
              }

              Frame Bip001_L_Finger3Nub {
               

               FrameTransformMatrix {
                1.000000,0.000000,0.000000,0.000000,-0.000000,1.000000,-0.000000,0.000000,0.000000,0.000000,1.000000,0.000000,4.650650,-0.000000,0.000000,1.000000;;
               }
              }
             }
            }
           }

           Frame Bip001_L_Finger4 {
            

            FrameTransformMatrix {
             0.995318,0.043504,-0.086311,0.000000,-0.043233,0.999052,0.005008,0.000000,0.086447,-0.001253,0.996256,0.000000,10.216790,4.386829,-0.631798,1.000000;;
            }

            Frame Bip001_L_Finger41 {
             

             FrameTransformMatrix {
              0.969088,0.000000,0.246715,0.000000,0.000000,1.000000,0.000000,0.000000,-0.246715,-0.000000,0.969088,0.000000,3.003708,0.000000,0.000000,1.000000;;
             }

             Frame Bip001_L_Finger42 {
              

              FrameTransformMatrix {
               0.921500,0.000000,0.388379,0.000000,0.000000,1.000000,-0.000000,0.000000,-0.388379,0.000000,0.921500,0.000000,3.003700,0.000000,0.000004,1.000000;;
              }

              Frame Bip001_L_Finger4Nub {
               

               FrameTransformMatrix {
                1.000000,-0.000000,-0.000000,0.000000,-0.000000,1.000000,0.000000,0.000000,0.000000,-0.000000,1.000000,0.000000,3.003708,0.000001,0.000000,1.000000;;
               }
              }
             }
            }
           }
          }
         }
        }
       }

       Frame Bip001_R_Clavicle {
        

        FrameTransformMatrix {
         -0.089295,-0.995138,-0.041566,0.000000,-0.922576,0.066913,0.379969,0.000000,-0.375341,0.072277,-0.924065,0.000000,0.000000,-4.340599,0.007416,1.000000;;
        }

        Frame Bip001_R_UpperArm {
         

         FrameTransformMatrix {
          0.402332,0.899958,0.167938,0.000000,-0.896336,0.349897,0.272313,0.000000,0.186309,-0.260089,0.947440,0.000000,16.122219,0.000000,-0.000001,1.000000;;
         }

         Frame Bip001_R_Forearm {
          

          FrameTransformMatrix {
           0.806022,0.000000,-0.591886,0.000000,0.000000,1.000000,0.000000,0.000000,0.591886,0.000000,0.806022,0.000000,44.136810,-0.000008,0.000000,1.000000;;
          }

          Frame Bip001_R_Hand {
           

           FrameTransformMatrix {
            0.994184,0.020071,0.105808,0.000000,0.105830,-0.000036,-0.994384,0.000000,-0.019954,0.999799,-0.002160,0.000000,37.683373,0.000000,-0.000004,1.000000;;
           }

           Frame Bip001_R_Finger0 {
            

            FrameTransformMatrix {
             0.819792,0.208733,0.533265,0.000000,-0.571953,0.252143,0.780572,0.000000,0.028472,-0.944910,0.326090,0.000000,4.289879,5.456854,2.394821,1.000000;;
            }

            Frame Bip001_R_Finger01 {
             

             FrameTransformMatrix {
              0.908864,0.000000,0.417094,0.000000,-0.000000,1.000000,0.000000,0.000000,-0.417093,-0.000000,0.908864,0.000000,3.875534,0.000008,0.000000,1.000000;;
             }

             Frame Bip001_R_Finger02 {
              

              FrameTransformMatrix {
               0.979855,0.000000,0.199710,0.000000,-0.000000,1.000000,-0.000000,0.000000,-0.199710,-0.000000,0.979855,0.000000,3.875534,0.000000,0.000000,1.000000;;
              }

              Frame Bip001_R_Finger0Nub {
               

               FrameTransformMatrix {
                -1.000000,0.000000,-0.000000,0.000000,-0.000000,1.000000,0.000000,0.000000,-0.000000,0.000000,-1.000000,0.000000,3.875534,0.000004,0.000000,1.000000;;
               }
              }
             }
            }
           }

           Frame Bip001_R_Finger1 {
            

            FrameTransformMatrix {
             0.999481,0.000026,0.032220,0.000000,0.000000,1.000000,-0.000796,0.000000,-0.032221,0.000796,0.999480,0.000000,11.734276,5.461199,-0.417748,1.000000;;
            }

            Frame Bip001_R_Finger11 {
             

             FrameTransformMatrix {
              0.361810,0.000000,0.932252,0.000000,0.000000,1.000000,0.000000,0.000000,-0.932252,0.000000,0.361810,0.000000,4.650642,0.000000,0.000000,1.000000;;
             }

             Frame Bip001_R_Finger12 {
              

              FrameTransformMatrix {
               0.300231,-0.000000,0.953867,0.000000,-0.000000,1.000000,-0.000000,0.000000,-0.953867,0.000000,0.300231,0.000000,4.650635,0.000000,0.000000,1.000000;;
              }

              Frame Bip001_R_Finger1Nub {
               

               FrameTransformMatrix {
                -1.000000,0.000000,0.000000,0.000000,0.000000,1.000000,0.000000,0.000000,0.000000,0.000000,-1.000000,0.000000,4.650650,-0.000002,0.000000,1.000000;;
               }
              }
             }
            }
           }

           Frame Bip001_R_Finger2 {
            

            FrameTransformMatrix {
             0.998501,-0.054439,0.005635,0.000000,0.054546,0.998291,-0.020970,0.000000,-0.004483,0.021246,0.999764,0.000000,11.686767,1.501314,-0.364777,1.000000;;
            }

            Frame Bip001_R_Finger21 {
             

             FrameTransformMatrix {
              0.348076,0.000000,0.937466,0.000000,0.000000,1.000000,0.000000,0.000000,-0.937466,0.000000,0.348076,0.000000,4.698440,0.000000,0.000000,1.000000;;
             }

             Frame Bip001_R_Finger22 {
              

              FrameTransformMatrix {
               0.030602,0.000000,0.999532,0.000000,0.000000,1.000000,0.000000,0.000000,-0.999532,0.000000,0.030602,0.000000,5.425751,0.000000,0.000000,1.000000;;
              }

              Frame Bip001_R_Finger2Nub {
               

               FrameTransformMatrix {
                -1.000000,0.000000,0.000000,0.000000,0.000000,1.000000,-0.000000,0.000000,0.000000,0.000000,-1.000000,0.000000,5.425758,0.000002,0.000000,1.000000;;
               }
              }
             }
            }
           }

           Frame Bip001_R_Finger3 {
            

            FrameTransformMatrix {
             0.995686,-0.085688,-0.035586,0.000000,0.084190,0.995578,-0.041667,0.000000,0.038999,0.038491,0.998498,0.000000,11.686203,-1.606100,-0.362907,1.000000;;
            }

            Frame Bip001_R_Finger31 {
             

             FrameTransformMatrix {
              0.419784,-0.000000,0.907624,0.000000,-0.000000,1.000000,0.000000,0.000000,-0.907624,0.000000,0.419784,0.000000,4.316551,0.000001,0.000000,1.000000;;
             }

             Frame Bip001_R_Finger32 {
              

              FrameTransformMatrix {
               0.000102,0.000000,1.000000,0.000000,0.000000,1.000000,0.000000,0.000000,-1.000000,0.000000,0.000102,0.000000,4.650635,0.000000,0.000004,1.000000;;
              }

              Frame Bip001_R_Finger3Nub {
               

               FrameTransformMatrix {
                -1.000000,0.000000,-0.000000,0.000000,-0.000000,1.000000,-0.000000,0.000000,0.000000,-0.000000,-1.000000,0.000000,4.650642,-0.000002,0.000000,1.000000;;
               }
              }
             }
            }
           }

           Frame Bip001_R_Finger4 {
            

            FrameTransformMatrix {
             0.964643,-0.040438,0.260439,0.000000,0.043233,0.999053,-0.005008,0.000000,-0.259990,0.016090,0.965477,0.000000,10.216790,-4.386828,-0.631798,1.000000;;
            }

            Frame Bip001_R_Finger41 {
             

             FrameTransformMatrix {
              0.392584,0.000000,0.919716,0.000000,0.000000,1.000000,-0.000000,0.000000,-0.919716,0.000000,0.392584,0.000000,3.003708,0.000000,-0.000004,1.000000;;
             }

             Frame Bip001_R_Finger42 {
              

              FrameTransformMatrix {
               0.022317,0.000000,0.999751,0.000000,0.000000,1.000000,0.000000,0.000000,-0.999751,0.000000,0.022317,0.000000,3.003708,0.000000,0.000000,1.000000;;
              }

              Frame Bip001_R_Finger4Nub {
               

               FrameTransformMatrix {
                -1.000000,0.000000,-0.000000,0.000000,-0.000000,1.000000,0.000000,0.000000,0.000000,0.000000,-1.000000,0.000000,3.003716,0.000000,0.000008,1.000000;;
               }
              }
             }
            }
           }
          }
         }
        }
       }

       Frame Bip001_Head {
        

        FrameTransformMatrix {
         0.976975,0.084540,-0.195888,0.000000,-0.126380,0.969042,-0.212098,0.000000,0.171893,0.231971,0.957415,0.000000,15.765366,-0.911514,-0.005142,1.000000;;
        }

        Frame Bip001_HeadNub {
         

         FrameTransformMatrix {
          1.000000,0.000000,0.000000,0.000000,0.000000,1.000000,-0.000000,0.000000,0.000000,0.000000,1.000000,0.000000,29.144013,0.000000,0.000000,1.000000;;
         }
        }
       }
      }
     }
    }
   }

   Frame Bip001_L_Thigh {
    

    FrameTransformMatrix {
     -0.979153,0.039178,0.199313,0.000000,0.033901,-0.935942,0.350520,0.000000,0.200278,0.349969,0.915101,0.000000,-14.228614,11.668803,0.655772,1.000000;;
    }

    Frame Bip001_L_Calf {
     

     FrameTransformMatrix {
      0.937207,0.000000,-0.348775,0.000000,0.000000,1.000000,0.000000,0.000000,0.348775,-0.000000,0.937207,0.000000,54.040717,0.000000,-0.000002,1.000000;;
     }

     Frame Bip001_L_Foot {
      

      FrameTransformMatrix {
       0.983797,0.040002,0.174768,0.000000,-0.043330,0.998944,0.015264,0.000000,-0.173973,-0.022589,0.984491,0.000000,58.826861,0.000001,0.000001,1.000000;;
      }

      Frame Bip001_L_Toe0 {
       

       FrameTransformMatrix {
        0.000000,-0.000000,1.000000,0.000000,-0.000000,1.000000,0.000000,0.000000,-1.000000,-0.000000,0.000000,0.000000,14.261973,0.000002,18.354528,1.000000;;
       }

       Frame Bip001_L_Toe01 {
        

        FrameTransformMatrix {
         1.000000,-0.000000,0.000000,0.000000,0.000000,1.000000,0.000000,0.000000,-0.000000,-0.000000,1.000000,0.000000,1.860256,-0.000002,0.000000,1.000000;;
        }

        Frame Bip001_L_Toe02 {
         

         FrameTransformMatrix {
          1.000000,-0.000000,0.000000,0.000000,0.000000,1.000000,0.000000,0.000000,-0.000000,-0.000000,1.000000,0.000000,1.860254,0.000001,0.000000,1.000000;;
         }

         Frame Bip001_L_Toe0Nub {
          

          FrameTransformMatrix {
           -1.000000,0.000000,-0.000000,0.000000,-0.000000,1.000000,0.000000,0.000000,0.000000,0.000000,-1.000000,0.000000,1.860258,0.000000,0.000000,1.000000;;
          }
         }
        }
       }
      }
     }
    }
   }

   Frame Bip001_R_Thigh {
    

    FrameTransformMatrix {
     -0.972750,-0.195381,0.124835,0.000000,0.127961,-0.901390,-0.413670,0.000000,0.193348,-0.386423,0.901828,0.000000,-14.229835,-13.134601,0.628359,1.000000;;
    }

    Frame Bip001_R_Calf {
     

     FrameTransformMatrix {
      0.928196,0.000000,-0.372092,0.000000,0.000000,1.000000,-0.000000,0.000000,0.372092,0.000000,0.928196,0.000000,53.736051,-0.000002,0.000002,1.000000;;
     }

     Frame Bip001_R_Foot {
      

      FrameTransformMatrix {
       0.959209,-0.117249,0.257238,0.000000,0.143780,0.985794,-0.086813,0.000000,-0.243405,0.120258,0.962441,0.000000,59.151955,0.000000,0.000003,1.000000;;
      }

      Frame Bip001_R_Toe0 {
       

       FrameTransformMatrix {
        -0.000000,0.000000,1.000000,0.000000,-0.000000,1.000000,0.000000,0.000000,-1.000000,-0.000000,0.000000,0.000000,14.261973,0.000000,18.354526,1.000000;;
       }

       Frame Bip001_R_Toe01 {
        

        FrameTransformMatrix {
         1.000000,0.000000,-0.000000,0.000000,0.000000,1.000000,-0.000000,0.000000,0.000000,-0.000000,1.000000,0.000000,1.860258,0.000000,0.000000,1.000000;;
        }

        Frame Bip001_R_Toe02 {
         

         FrameTransformMatrix {
          1.000000,0.000000,-0.000000,0.000000,0.000000,1.000000,-0.000000,0.000000,0.000000,-0.000000,1.000000,0.000000,1.860256,0.000000,-0.000000,1.000000;;
         }

         Frame Bip001_R_Toe0Nub {
          

          FrameTransformMatrix {
           1.000000,0.000000,-0.000000,0.000000,0.000000,1.000000,-0.000000,0.000000,0.000000,-0.000000,1.000000,0.000000,1.860256,0.000000,-0.000000,1.000000;;
          }
         }
        }
       }
      }
     }
    }
   }
  }
 }
}

Frame Box001 {
 

 FrameTransformMatrix {
  0.667112,0.000000,0.000000,0.000000,0.000000,0.696682,0.000000,0.000000,0.000000,0.000000,0.492662,0.000000,0.000000,0.000000,0.000000,1.000000;;
 }

 Mesh Box001 {
  24;
  -19.938166;19.993725;118.513754;,
  -22.750696;19.114822;114.102618;,
  -19.789755;18.813656;114.478387;,
  -22.899107;20.294891;118.137971;,
  -19.673010;21.753174;117.502733;,
  -22.485541;20.874272;113.091584;,
  -22.633950;22.054341;117.126950;,
  -19.524598;20.573106;113.467379;,
  -19.938166;19.993725;118.513754;,
  -22.633950;22.054341;117.126950;,
  -22.899107;20.294891;118.137971;,
  -19.673010;21.753174;117.502733;,
  -22.899107;20.294891;118.137971;,
  -22.485541;20.874272;113.091584;,
  -22.750696;19.114822;114.102618;,
  -22.633950;22.054341;117.126950;,
  -22.750696;19.114822;114.102618;,
  -19.524598;20.573106;113.467379;,
  -19.789755;18.813656;114.478387;,
  -22.485541;20.874272;113.091584;,
  -19.789755;18.813656;114.478387;,
  -19.673010;21.753174;117.502733;,
  -19.938166;19.993725;118.513754;,
  -19.524598;20.573106;113.467379;;
  12;
  3;0,1,2;,
  3;1,0,3;,
  3;4,5,6;,
  3;5,4,7;,
  3;8,9,10;,
  3;9,8,11;,
  3;12,13,14;,
  3;13,12,15;,
  3;16,17,18;,
  3;17,16,19;,
  3;20,21,22;,
  3;21,20,23;;

  MeshMaterialList {
   1;
   12;
   0,
   0,
   0,
   0,
   0,
   0,
   0,
   0,
   0,
   0,
   0,
   0;

   Material  {
    0.529412;0.231373;0.031373;1.000000;;
    0.000000;
    0.000000;0.000000;0.000000;;
    0.000000;0.000000;0.000000;;
   }
  }

  DeclData {
   2;
   2;0;3;0;,
   1;0;5;0;;
   120;
   3188117388,
   3212044008,
   1049373620,
   1065353216,
   1065353216,
   3188117388,
   3212044008,
   1049373620,
   0,
   0,
   3188117388,
   3212044008,
   1049373620,
   1065353216,
   0,
   3188117388,
   3212044008,
   1049373620,
   0,
   1065353216,
   1040633773,
   1064560361,
   3196857248,
   0,
   1065353216,
   1040633794,
   1064560360,
   3196857254,
   1065353216,
   0,
   1040633734,
   1064560364,
   3196857237,
   1065353216,
   1065353216,
   1040633833,
   1064560357,
   3196857265,
   0,
   0,
   3178104227,
   1057030906,
   1063034182,
   0,
   1065353216,
   3178104227,
   1057030906,
   1063034182,
   1065353216,
   0,
   3178104228,
   1057030906,
   1063034182,
   1065353216,
   1065353216,
   3178104228,
   1057030906,
   1063034182,
   0,
   0,
   3212695261,
   1038173302,
   3180105567,
   0,
   1065353216,
   3212695262,
   1038173267,
   3180105570,
   1065353216,
   0,
   3212695262,
   1038173241,
   3180105573,
   1065353216,
   1065353216,
   3212695261,
   1038173326,
   3180105563,
   0,
   0,
   1030621140,
   3204514615,
   3210517792,
   0,
   1065353216,
   1030620924,
   3204514592,
   3210517807,
   1065353216,
   0,
   1030620579,
   3204514554,
   3210517830,
   1065353216,
   1065353216,
   1030621486,
   3204514652,
   3210517769,
   0,
   0,
   1065211613,
   3185656957,
   1032621944,
   0,
   1065353216,
   1065211613,
   3185656957,
   1032621944,
   1065353216,
   0,
   1065211613,
   3185656957,
   1032621944,
   1065353216,
   1065353216,
   1065211613,
   3185656957,
   1032621944,
   0,
   0;
  }

  XSkinMeshHeader {
   1;
   1;
   1;
  }

  SkinWeights {
   "Bip001_L_Toe0Nub";
   24;
   0,
   1,
   2,
   3,
   4,
   5,
   6,
   7,
   8,
   9,
   10,
   11,
   12,
   13,
   14,
   15,
   16,
   17,
   18,
   19,
   20,
   21,
   22,
   23;
   1.000000,
   1.000000,
   1.000000,
   1.000000,
   1.000000,
   1.000000,
   1.000000,
   1.000000,
   1.000000,
   1.000000,
   1.000000,
   1.000000,
   1.000000,
   1.000000,
   1.000000,
   1.000000,
   1.000000,
   1.000000,
   1.000000,
   1.000000,
   1.000000,
   1.000000,
   1.000000,
   1.000000;
   0.249489,0.618665,0.006881,0.000000,0.001553,0.007122,-0.696644,0.000000,-0.456911,0.184249,0.000865,0.000000,27.797293,14.656976,0.534157,1.000000;;
  }
 }
}

AnimTicksPerSecond  {
 4800;
}

AnimationSet Anim1 {
 

 Animation {
  
  { Bip001 }

  AnimationKey S {
   1;
   2;
   0;3;1.000000,1.000000,1.000000;;,
   12160;3;1.000000,1.000000,1.000000;;;
  }

  AnimationKey R {
   0;
   77;
   0;4;0.707107,-0.000000,0.707107,0.000000;;,
   160;4;0.705231,-0.003746,0.708959,0.003639;;,
   320;4;0.703330,-0.007492,0.710787,0.007278;;,
   480;4;0.699921,-0.008955,0.714111,0.008714;;,
   640;4;0.694126,-0.007361,0.719780,0.007190;;,
   800;4;0.686953,-0.004141,0.726679,0.004089;;,
   960;4;0.679777,-0.000320,0.733419,0.000422;;,
   1120;4;0.674040,0.003076,0.738683,-0.002800;;,
   1280;4;0.670881,0.006273,0.741517,-0.005730;;,
   1440;4;0.669561,0.009321,0.742651,-0.008468;;,
   1600;4;0.668750,0.010930,0.743341,-0.009919;;,
   1760;4;0.668398,0.010715,0.743662,-0.009759;;,
   1920;4;0.668567,0.009061,0.743551,-0.008312;;,
   2080;4;0.668084,0.005839,0.744043,-0.005458;;,
   2240;4;0.665807,0.000282,0.746124,-0.000534;;,
   2400;4;0.662811,-0.006844,0.748733,0.005799;;,
   2560;4;0.661306,-0.013366,0.749906,0.011678;;,
   2720;4;0.662150,-0.018994,0.748940,0.016871;;,
   2880;4;0.664096,-0.024642,0.746913,0.022143;;,
   3040;4;0.666273,-0.029953,0.744613,0.027130;;,
   3200;4;0.667825,-0.034567,0.742849,0.031466;;,
   3360;4;0.667913,-0.038129,0.742447,0.034788;;,
   3520;4;0.666773,-0.040957,0.743195,0.037394;;,
   3680;4;0.665246,-0.043613,0.744284,0.039827;;,
   3840;4;0.663408,-0.046097,0.745649,0.042093;;,
   4000;4;0.661332,-0.048411,0.747224,0.044196;;,
   4160;4;0.659091,-0.050557,0.748942,0.046140;;,
   4320;4;0.656761,-0.052537,0.750738,0.047931;;,
   4480;4;0.654417,-0.054351,0.752547,0.049574;;,
   4640;4;0.652135,-0.056003,0.754304,0.051074;;,
   4800;4;0.649991,-0.057494,0.755947,0.052436;;,
   4960;4;0.648063,-0.058826,0.757413,0.053664;;,
   5120;4;0.646427,-0.060000,0.758639,0.054765;;,
   5280;4;0.645177,-0.060555,0.759617,0.055331;;,
   5440;4;0.644313,-0.060243,0.760388,0.055141;;,
   5600;4;0.643778,-0.059389,0.760956,0.054477;;,
   5760;4;0.643512,-0.058317,0.761325,0.053624;;,
   5920;4;0.643455,-0.057351,0.761499,0.052864;;,
   6080;4;0.643551,-0.056817,0.761486,0.052481;;,
   6240;4;0.643886,-0.057256,0.761134,0.052986;;,
   6400;4;0.644554,-0.058420,0.760397,0.054163;;,
   6560;4;0.645508,-0.059452,0.759432,0.055206;;,
   6720;4;0.646704,-0.059495,0.758403,0.055308;;,
   6880;4;0.648096,-0.057691,0.757472,0.053661;;,
   7040;4;0.649765,-0.054159,0.756527,0.050387;;,
   7200;4;0.651726,-0.049742,0.755405,0.046283;;,
   7360;4;0.653829,-0.044669,0.754178,0.041563;;,
   7520;4;0.655929,-0.039173,0.752924,0.036438;;,
   7680;4;0.657888,-0.033483,0.751727,0.031121;;,
   7840;4;0.659575,-0.027832,0.750680,0.025825;;,
   8000;4;0.660863,-0.022452,0.749883,0.020764;;,
   8160;4;0.661636,-0.017574,0.749445,0.016153;;,
   8320;4;0.661271,-0.013141,0.749938,0.011909;;,
   8480;4;0.659705,-0.008976,0.751430,0.007857;;,
   8640;4;0.657666,-0.005130,0.753281,0.004072;;,
   8800;4;0.655888,-0.001653,0.754856,0.000628;;,
   8960;4;0.655111,0.001402,0.755528,-0.002399;;,
   9120;4;0.655440,0.004126,0.755219,-0.005106;;,
   9280;4;0.656387,0.006551,0.754358,-0.007540;;,
   9440;4;0.657812,0.008545,0.753073,-0.009561;;,
   9600;4;0.659570,0.009973,0.751496,-0.011026;;,
   9760;4;0.661521,0.010701,0.749758,-0.011795;;,
   9920;4;0.663615,0.010224,0.747917,-0.011400;;,
   10080;4;0.666071,0.008571,0.745774,-0.009864;;,
   10240;4;0.669143,0.006409,0.743065,-0.007785;;,
   10400;4;0.673084,0.004407,0.739531,-0.005755;;,
   10560;4;0.678038,0.002518,0.735013,-0.003725;;,
   10720;4;0.683715,0.000373,0.729748,-0.001383;;,
   10880;4;0.689723,-0.001853,0.724070,0.001075;;,
   11040;4;0.695683,-0.003980,0.718330,0.003448;;,
   11200;4;0.701230,-0.005833,0.712890,0.005539;;,
   11360;4;0.706011,-0.007235,0.708128,0.007147;;,
   11520;4;0.709684,-0.008008,0.704429,0.008076;;,
   11680;4;0.711096,-0.007357,0.703017,0.007487;;,
   11840;4;0.710233,-0.005205,0.703927,0.005309;;,
   12000;4;0.708448,-0.002452,0.705755,0.002496;;,
   12160;4;0.707107,-0.000000,0.707107,0.000000;;;
  }

  AnimationKey T {
   2;
   77;
   0;3;0.000000,125.032333,0.000000;;,
   160;3;0.707593,124.932646,-0.388398;;,
   320;3;1.489332,124.832973,-0.789614;;,
   480;3;2.271072,124.760205,-1.190829;;,
   640;3;2.978665,124.761267,-1.579227;;,
   800;3;3.537966,124.780608,-1.941991;;,
   960;3;3.874828,124.742605,-2.266302;;,
   1120;3;4.038878,124.704998,-2.534319;;,
   1280;3;4.135096,124.716429,-2.748340;;,
   1440;3;4.172375,124.728563,-2.925752;;,
   1600;3;4.159607,124.674573,-3.083945;;,
   1760;3;4.105682,124.658611,-3.240308;;,
   1920;3;4.019493,124.726438,-3.412228;;,
   2080;3;3.909931,124.800230,-3.617096;;,
   2240;3;3.785886,124.878886,-3.872298;;,
   2400;3;3.656252,124.961344,-4.195225;;,
   2560;3;3.529919,125.046515,-4.603266;;,
   2720;3;3.415779,125.133338,-5.113807;;,
   2880;3;3.282420,125.220698,-5.789151;;,
   3040;3;3.102440,125.307507,-6.648752;;,
   3200;3;2.890748,125.392717,-7.645732;;,
   3360;3;2.662248,125.475226,-8.733208;;,
   3520;3;2.431847,125.553933,-9.864302;;,
   3680;3;2.214452,125.627776,-10.992134;;,
   3840;3;2.024969,125.695667,-12.069822;;,
   4000;3;1.878306,125.679386,-13.050487;;,
   4160;3;1.781729,125.626906,-13.995683;;,
   4320;3;1.726385,125.644480,-14.961843;;,
   4480;3;1.702996,125.664333,-15.894426;;,
   4640;3;1.702285,125.659430,-16.738880;;,
   4800;3;1.714974,125.651712,-17.440653;;,
   4960;3;1.731786,125.641882,-17.945200;;,
   5120;3;1.750061,125.630579,-18.317040;;,
   5280;3;1.773127,125.618547,-18.654933;;,
   5440;3;1.800681,125.606426,-18.955690;;,
   5600;3;1.832423,125.594970,-19.216122;;,
   5760;3;1.868051,125.584819,-19.433045;;,
   5920;3;1.907264,125.576678,-19.603264;;,
   6080;3;1.949762,125.571238,-19.723590;;,
   6240;3;1.995243,125.569203,-19.790843;;,
   6400;3;2.043406,125.571226,-19.801827;;,
   6560;3;2.093950,125.578022,-19.753357;;,
   6720;3;2.146574,125.608243,-19.642240;;,
   6880;3;2.200635,125.668096,-19.402226;;,
   7040;3;2.257731,125.739520,-18.988958;;,
   7200;3;2.320925,125.804531,-18.432106;;,
   7360;3;2.393281,125.845082,-17.761336;;,
   7520;3;2.477858,125.843174,-17.006315;;,
   7680;3;2.577721,125.805248,-16.196710;;,
   7840;3;2.695932,125.751846,-15.362189;;,
   8000;3;2.827875,125.686016,-14.204758;;,
   8160;3;3.037480,125.610867,-12.696310;;,
   8320;3;3.430634,125.529485,-11.271334;;,
   8480;3;4.102362,125.444915,-10.002557;;,
   8640;3;4.958638,125.360269,-8.718430;;,
   8800;3;5.821754,125.278618,-7.487055;;,
   8960;3;6.514013,125.203034,-6.376523;;,
   9120;3;6.857709,125.136614,-5.454936;;,
   9280;3;6.895830,125.082406,-4.671035;;,
   9440;3;6.805332,125.145587,-3.932467;;,
   9600;3;6.609457,125.231565,-3.245674;;,
   9760;3;6.331450,125.150464,-2.617102;;,
   9920;3;5.994554,125.076672,-2.053194;;,
   10080;3;5.622013,125.113178,-1.560395;;,
   10240;3;5.237070,125.180262,-1.145149;;,
   10400;3;4.862969,125.253824,-0.813900;;,
   10560;3;4.487952,125.309722,-0.563785;;,
   10720;3;4.087449,125.323840,-0.380596;;,
   10880;3;3.665482,125.278438,-0.253768;;,
   11040;3;3.226078,125.189594,-0.172732;;,
   11200;3;2.773259,125.083930,-0.126921;;,
   11360;3;2.311045,124.988058,-0.105767;;,
   11520;3;1.843470,124.928589,-0.098704;;,
   11680;3;1.374554,124.921715,-0.095163;;,
   11840;3;0.908321,124.951296,-0.084577;;,
   12000;3;0.448795,124.995456,-0.056378;;,
   12160;3;0.000000,125.032333,0.000000;;;
  }
 }

 Animation {
  
  { Bip001_Pelvis }

  AnimationKey S {
   1;
   2;
   0;3;1.000000,1.000000,1.000000;;,
   12160;3;1.000000,1.000000,1.000000;;;
  }

  AnimationKey R {
   0;
   2;
   0;4;0.512687,-0.486983,-0.512686,-0.486983;;,
   12160;4;0.512687,-0.486983,-0.512686,-0.486984;;;
  }

  AnimationKey T {
   2;
   2;
   0;3;0.000000,0.000000,0.000000;;,
   12160;3;0.000000,0.000000,0.000000;;;
  }
 }

 Animation {
  
  { Bip001_Spine }

  AnimationKey S {
   1;
   2;
   0;3;1.000000,1.000000,1.000000;;,
   12160;3;1.000000,1.000000,1.000000;;;
  }

  AnimationKey R {
   0;
   74;
   0;4;0.999755,0.000552,0.022123,-0.000013;;,
   160;4;0.999794,0.000484,0.020277,0.000721;;,
   320;4;0.999830,0.000402,0.018375,0.001479;;,
   480;4;0.999862,0.000311,0.016434,0.002252;;,
   640;4;0.999891,0.000215,0.014475,0.003034;;,
   800;4;0.999914,0.000120,0.012516,0.003815;;,
   960;4;0.999934,0.000028,0.010575,0.004588;;,
   1120;4;0.999948,-0.000054,0.008672,0.005346;;,
   1280;4;0.999958,-0.000122,0.006826,0.006080;;,
   1440;4;0.999964,-0.000172,0.005056,0.006783;;,
   1600;4;0.999967,-0.000200,0.003380,0.007446;;,
   1760;4;0.999966,-0.000201,0.001817,0.008062;;,
   1920;4;0.999963,-0.000170,0.000387,0.008624;;,
   2080;4;0.999960,0.000033,-0.000375,0.008982;;,
   2240;4;0.999959,0.000446,-0.000287,0.009036;;,
   2400;4;0.999960,0.000926,0.000142,0.008851;;,
   2560;4;0.999963,0.001327,0.000401,0.008489;;,
   2720;4;0.999967,0.001653,0.000406,0.007918;;,
   2880;4;0.999973,0.001967,0.000412,0.007122;;,
   3040;4;0.999978,0.002215,0.000417,0.006184;;,
   3200;4;0.999984,0.002344,0.000421,0.005190;;,
   3360;4;0.999988,0.002379,0.000424,0.004185;;,
   3520;4;0.999992,0.002382,0.000426,0.003160;;,
   3680;4;0.999995,0.002358,0.000429,0.002114;;,
   3840;4;0.999997,0.002309,0.000431,0.001046;;,
   4000;4;0.999997,0.002240,0.000433,-0.000043;;,
   4160;4;0.999997,0.002154,0.000434,-0.001153;;,
   4320;4;0.999995,0.002055,0.000435,-0.002286;;,
   4480;4;0.999992,0.001947,0.000435,-0.003441;;,
   4640;4;0.999987,0.001760,0.000432,-0.004806;;,
   4800;4;0.999979,0.001481,0.000427,-0.006362;;,
   4960;4;0.999969,0.001198,0.000421,-0.007798;;,
   5120;4;0.999961,0.000998,0.000417,-0.008800;;,
   5280;4;0.999959,0.000953,0.000416,-0.008969;;,
   5440;4;0.999963,0.001004,0.000417,-0.008552;;,
   5600;4;0.999966,0.001038,0.000418,-0.008211;;,
   6240;4;0.999966,0.001024,0.000418,-0.008136;;,
   6400;4;0.999966,0.000910,0.000414,-0.008129;;,
   6560;4;0.999963,0.000850,0.000413,-0.008528;;,
   6720;4;0.999958,0.000771,0.000411,-0.009179;;,
   6880;4;0.999955,0.000704,0.000409,-0.009510;;,
   7040;4;0.999960,0.000677,0.000408,-0.008951;;,
   7200;4;0.999971,0.000694,0.000407,-0.007568;;,
   7360;4;0.999983,0.000731,0.000406,-0.005867;;,
   7520;4;0.999992,0.000780,0.000406,-0.003939;;,
   7680;4;0.999998,0.000836,0.000406,-0.001872;;,
   7840;4;1.000000,0.000891,0.000405,0.000244;;,
   8000;4;0.999997,0.000939,0.000405,0.002319;;,
   8160;4;0.999990,0.000972,0.000404,0.004264;;,
   8320;4;0.999982,0.000984,0.000404,0.005989;;,
   8480;4;0.999972,0.000967,0.000402,0.007404;;,
   8640;4;0.999965,0.000877,0.000400,0.008320;;,
   8800;4;0.999962,0.000705,0.000396,0.008709;;,
   8960;4;0.999962,0.000503,0.000392,0.008728;;,
   9120;4;0.999964,0.000324,0.000389,0.008535;;,
   9280;4;0.999966,0.000218,0.000387,0.008287;;,
   9440;4;0.999969,0.000180,0.000386,0.007928;;,
   9600;4;0.999973,0.000165,0.000386,0.007360;;,
   9760;4;0.999978,0.000171,0.000386,0.006678;;,
   9920;4;0.999982,0.000196,0.000387,0.005979;;,
   10080;4;0.999986,0.000235,0.000388,0.005357;;,
   10240;4;0.999988,0.000288,0.000389,0.004908;;,
   10400;4;0.999989,0.000350,0.000390,0.004728;;,
   10560;4;0.999988,0.000440,0.000150,0.004956;;,
   10720;4;0.999984,0.000567,-0.000411,0.005555;;,
   10880;4;0.999979,0.000713,-0.001053,0.006352;;,
   11040;4;0.999973,0.000861,-0.001534,0.007176;;,
   11200;4;0.999967,0.000993,-0.001611,0.007854;;,
   11360;4;0.999965,0.001093,-0.001045,0.008215;;,
   11520;4;0.999967,0.001142,0.000408,0.008087;;,
   11680;4;0.999968,0.001088,0.003894,0.006958;;,
   11840;4;0.999942,0.000930,0.009539,0.004834;;,
   12000;4;0.999868,0.000731,0.016047,0.002311;;,
   12160;4;0.999755,0.000552,0.022123,-0.000013;;;
  }

  AnimationKey T {
   2;
   11;
   0;3;14.243698,0.732907,-0.012830;;,
   320;3;14.243645,0.732907,-0.012832;;,
   480;3;14.243538,0.732912,-0.012836;;,
   960;3;14.243485,0.732913,-0.012837;;,
   1120;3;14.243347,0.732922,-0.012841;;,
   1600;3;14.243294,0.732923,-0.012841;;,
   1760;3;14.243179,0.732926,-0.012842;;,
   11680;3;14.243141,0.732926,-0.012842;;,
   11840;3;14.243363,0.732895,-0.012841;;,
   12000;3;14.243538,0.732902,-0.012836;;,
   12160;3;14.243698,0.732907,-0.012830;;;
  }
 }

 Animation {
  
  { Bip001_Spine1 }

  AnimationKey S {
   1;
   2;
   0;3;1.000000,1.000000,1.000000;;,
   12160;3;1.000000,1.000000,1.000000;;;
  }

  AnimationKey R {
   0;
   77;
   0;4;0.998812,-0.034556,-0.018780,-0.028763;;,
   160;4;0.998919,-0.032918,-0.016331,-0.028462;;,
   320;4;0.999024,-0.031167,-0.013812,-0.028103;;,
   480;4;0.999122,-0.029340,-0.011245,-0.027706;;,
   640;4;0.999212,-0.027474,-0.008656,-0.027290;;,
   800;4;0.999292,-0.025608,-0.006066,-0.026874;;,
   960;4;0.999360,-0.023780,-0.003499,-0.026476;;,
   1120;4;0.999416,-0.022027,-0.000979,-0.026116;;,
   1280;4;0.999458,-0.020388,0.001470,-0.025813;;,
   1440;4;0.999487,-0.018900,0.003826,-0.025586;;,
   1600;4;0.999503,-0.017602,0.006065,-0.025453;;,
   1760;4;0.999507,-0.016532,0.008163,-0.025433;;,
   1920;4;0.999499,-0.015727,0.010097,-0.025547;;,
   2080;4;0.999454,-0.016634,0.010877,-0.026409;;,
   2240;4;0.999359,-0.019498,0.010385,-0.028176;;,
   2400;4;0.999241,-0.022547,0.009906,-0.030182;;,
   2560;4;0.999150,-0.024012,0.010726,-0.031758;;,
   2720;4;0.999116,-0.023005,0.013006,-0.032694;;,
   2880;4;0.999101,-0.020606,0.016122,-0.033357;;,
   3040;4;0.999058,-0.018009,0.020175,-0.033944;;,
   3200;4;0.998945,-0.016404,0.025270,-0.034656;;,
   3360;4;0.998755,-0.015794,0.031203,-0.035571;;,
   3520;4;0.998504,-0.015370,0.037612,-0.036597;;,
   3680;4;0.998191,-0.015110,0.044362,-0.037674;;,
   3840;4;0.997818,-0.014991,0.051316,-0.038745;;,
   4000;4;0.997393,-0.014989,0.058339,-0.039750;;,
   4160;4;0.996925,-0.015081,0.065294,-0.040631;;,
   4320;4;0.996428,-0.015245,0.072046,-0.041331;;,
   4480;4;0.995921,-0.015457,0.078460,-0.041790;;,
   4640;4;0.995430,-0.016079,0.084472,-0.041532;;,
   4800;4;0.994963,-0.017195,0.090064,-0.040511;;,
   4960;4;0.994514,-0.018369,0.095175,-0.039319;;,
   5120;4;0.994082,-0.019162,0.099742,-0.038548;;,
   5280;4;0.993699,-0.019207,0.103470,-0.038561;;,
   5440;4;0.993394,-0.018835,0.106274,-0.038974;;,
   5600;4;0.993157,-0.018658,0.108401,-0.039256;;,
   5760;4;0.992950,-0.018963,0.110219,-0.039270;;,
   5920;4;0.992758,-0.019482,0.111860,-0.039233;;,
   6080;4;0.992596,-0.019999,0.113225,-0.039151;;,
   6240;4;0.992482,-0.020297,0.114211,-0.039030;;,
   6400;4;0.992432,-0.020160,0.114720,-0.038876;;,
   6560;4;0.992439,-0.019043,0.114935,-0.038624;;,
