xof 0303txt 0032
template Frame {
 <3d82ab46-62da-11cf-ab39-0020af71e433>
 [...]
}

template Matrix4x4 {
 <f6f23f45-7686-11cf-8f52-0040333594a3>
 array FLOAT matrix[16];
}

template FrameTransformMatrix {
 <f6f23f41-7686-11cf-8f52-0040333594a3>
 Matrix4x4 frameMatrix;
}

template Vector {
 <3d82ab5e-62da-11cf-ab39-0020af71e433>
 FLOAT x;
 FLOAT y;
 FLOAT z;
}

template MeshFace {
 <3d82ab5f-62da-11cf-ab39-0020af71e433>
 DWORD nFaceVertexIndices;
 array DWORD faceVertexIndices[nFaceVertexIndices];
}

template Mesh {
 <3d82ab44-62da-11cf-ab39-0020af71e433>
 DWORD nVertices;
 array Vector vertices[nVertices];
 DWORD nFaces;
 array MeshFace faces[nFaces];
 [...]
}

template VertexElement {
 <f752461c-1e23-48f6-b9f8-8350850f336f>
 DWORD Type;
 DWORD Method;
 DWORD Usage;
 DWORD UsageIndex;
}

template DeclData {
 <bf22e553-292c-4781-9fea-62bd554bdd93>
 DWORD nElements;
 array VertexElement Elements[nElements];
 DWORD nDWords;
 array DWORD data[nDWords];
}

template XSkinMeshHeader {
 <3cf169ce-ff7c-44ab-93c0-f78f62d172e2>
 WORD nMaxSkinWeightsPerVertex;
 WORD nMaxSkinWeightsPerFace;
 WORD nBones;
}

template SkinWeights {
 <6f0d123b-bad2-4167-a0d0-80224f25fabb>
 STRING transformNodeName;
 DWORD nWeights;
 array DWORD vertexIndices[nWeights];
 array FLOAT weights[nWeights];
 Matrix4x4 matrixOffset;
}

template AnimTicksPerSecond {
 <9e415a43-7ba6-4a73-8743-b73d47e88476>
 DWORD AnimTicksPerSecond;
}

template Animation {
 <3d82ab4f-62da-11cf-ab39-0020af71e433>
 [...]
}

template AnimationSet {
 <3d82ab50-62da-11cf-ab39-0020af71e433>
 [Animation <3d82ab4f-62da-11cf-ab39-0020af71e433>]
}

template FloatKeys {
 <10dd46a9-775b-11cf-8f52-0040333594a3>
 DWORD nValues;
 array FLOAT values[nValues];
}

template TimedFloatKeys {
 <f406b180-7b3b-11cf-8f52-0040333594a3>
 DWORD time;
 FloatKeys tfkeys;
}

template AnimationKey {
 <10dd46a8-775b-11cf-8f52-0040333594a3>
 DWORD keyType;
 DWORD nKeys;
 array TimedFloatKeys keys[nKeys];
}


Frame Bip001 {
 

 FrameTransformMatrix {
  -0.939041,-0.047524,-0.340505,0.000000,-0.058394,0.998057,0.021741,0.000000,0.338810,0.040299,-0.939991,0.000000,-5.827972,115.565645,15.387920,1.000000;;
 }

 Frame Bip001_Pelvis {
  

  FrameTransformMatrix {
   -0.000000,0.999979,0.006496,0.000000,-0.000001,-0.006496,0.999979,0.000000,1.000000,-0.000000,0.000001,0.000000,0.000000,0.000000,0.000000,1.000000;;
  }

  Frame Bip001_Spine {
   

   FrameTransformMatrix {
    0.999643,-0.026706,0.000796,0.000000,0.026707,0.999643,-0.000958,0.000000,-0.000770,0.000979,0.999999,0.000000,14.261680,-0.092655,-0.012835,1.000000;;
   }

   Frame Bip001_Spine1 {
    

    FrameTransformMatrix {
     1.000000,-0.000000,-0.000000,0.000000,0.000000,1.000000,0.000000,0.000000,0.000000,0.000000,1.000000,0.000000,16.122192,-0.000003,-0.012838,1.000000;;
    }

    Frame Bip001_Spine2 {
     

     FrameTransformMatrix {
      1.000000,-0.000000,-0.000000,0.000000,0.000000,1.000000,0.000000,0.000000,0.000000,0.000000,1.000000,0.000000,16.122238,0.000002,-0.012838,1.000000;;
     }

     Frame Bip001_Spine3 {
      

      FrameTransformMatrix {
       1.000000,-0.000000,-0.000000,0.000000,0.000000,1.000000,0.000000,0.000000,0.000000,0.000000,1.000000,0.000000,16.122208,0.000000,-0.012837,1.000000;;
      }

      Frame Bip001_Neck {
       

       FrameTransformMatrix {
        0.910827,-0.031704,0.411569,0.000000,0.084876,0.990126,-0.111563,0.000000,-0.403968,0.136546,0.904524,0.000000,16.125214,-0.001011,-0.006701,1.000000;;
       }

       Frame Bip001_L_Clavicle {
        

        FrameTransformMatrix {
         -0.417309,0.896957,0.146019,0.000000,0.814595,0.440434,-0.377428,0.000000,-0.402848,-0.038558,-0.914454,0.000000,-0.137634,4.297743,0.600090,1.000000;;
        }

        Frame Bip001_L_UpperArm {
         

         FrameTransformMatrix {
          0.704027,-0.434655,-0.561623,0.000000,0.617958,0.764649,0.182865,0.000000,0.349962,-0.475802,0.806932,0.000000,16.122219,0.000015,0.000000,1.000000;;
         }

         Frame Bip001_L_Forearm {
          

          FrameTransformMatrix {
           -0.240696,0.000000,-0.970601,0.000000,0.000000,1.000000,0.000000,0.000000,0.970601,0.000000,-0.240696,0.000000,44.136819,0.000008,0.000000,1.000000;;
          }

          Frame Bip001_L_Hand {
           

           FrameTransformMatrix {
            0.821034,-0.555015,-0.133650,0.000000,0.098349,-0.093100,0.990788,0.000000,-0.562344,-0.826614,-0.021853,0.000000,37.683373,-0.000008,-0.000004,1.000000;;
           }

           Frame Bip001_L_Finger0 {
            

            FrameTransformMatrix {
             0.780581,-0.239633,0.577294,0.000000,0.617586,0.438035,-0.653233,0.000000,-0.096339,0.866430,0.489916,0.000000,4.289871,-5.456856,2.394806,1.000000;;
            }

            Frame Bip001_L_Finger01 {
             

             FrameTransformMatrix {
              0.041518,0.159813,0.986274,0.000000,-0.060725,0.985704,-0.157165,0.000000,-0.997291,-0.053366,0.050629,0.000000,3.875532,0.000015,-0.000015,1.000000;;
             }

             Frame Bip001_L_Finger02 {
              

              FrameTransformMatrix {
               1.000000,0.000000,-0.000000,0.000000,0.000000,1.000000,-0.000000,0.000000,-0.000000,-0.000000,1.000000,0.000000,3.875549,0.000000,0.000002,1.000000;;
              }

              Frame Bip001_L_Finger0Nub {
               

               FrameTransformMatrix {
                1.000000,0.000000,-0.000000,0.000000,0.000000,1.000000,-0.000000,0.000000,-0.000000,-0.000000,1.000000,0.000000,3.875526,0.000000,0.000000,1.000000;;
               }
              }
             }
            }
           }

           Frame Bip001_L_Finger1 {
            

            FrameTransformMatrix {
             0.698976,-0.000569,0.715144,0.000000,0.000000,1.000000,0.000796,0.000000,-0.715145,-0.000557,0.698976,0.000000,11.734268,-5.461197,-0.417755,1.000000;;
            }

            Frame Bip001_L_Finger11 {
             

             FrameTransformMatrix {
              0.368318,0.000000,0.929700,0.000000,0.000000,1.000000,0.000000,0.000000,-0.929700,0.000000,0.368318,0.000000,4.650646,-0.000004,0.000000,1.000000;;
             }

             Frame Bip001_L_Finger12 {
              

              FrameTransformMatrix {
               0.876782,-0.000000,0.480888,0.000000,0.000000,1.000000,0.000000,0.000000,-0.480888,-0.000000,0.876782,0.000000,4.650650,0.000000,-0.000002,1.000000;;
              }

              Frame Bip001_L_Finger1Nub {
               

               FrameTransformMatrix {
                1.000000,0.000000,0.000000,0.000000,0.000000,1.000000,-0.000000,0.000000,-0.000000,0.000000,1.000000,0.000000,4.650635,-0.000004,0.000008,1.000000;;
               }
              }
             }
            }
           }

           Frame Bip001_L_Finger2 {
            

            FrameTransformMatrix {
             0.712053,0.024166,0.701710,0.000000,-0.054546,0.998291,0.020970,0.000000,-0.700004,-0.053207,0.712154,0.000000,11.686752,-1.501312,-0.364761,1.000000;;
            }

            Frame Bip001_L_Finger21 {
             

             FrameTransformMatrix {
              0.368318,-0.000000,0.929700,0.000000,0.000000,1.000000,-0.000000,0.000000,-0.929700,-0.000000,0.368318,0.000000,4.698433,-0.000008,-0.000015,1.000000;;
             }

             Frame Bip001_L_Finger22 {
              

              FrameTransformMatrix {
               0.986781,0.000000,0.162062,0.000000,0.000000,1.000000,-0.000000,0.000000,-0.162062,0.000000,0.986781,0.000000,5.425751,0.000000,0.000004,1.000000;;
              }

              Frame Bip001_L_Finger2Nub {
               

               FrameTransformMatrix {
                1.000000,0.000000,0.000000,0.000000,0.000000,1.000000,0.000000,0.000000,-0.000000,0.000000,1.000000,0.000000,5.425751,-0.000004,0.000002,1.000000;;
               }
              }
             }
            }
           }

           Frame Bip001_L_Finger3 {
            

            FrameTransformMatrix {
             0.661805,0.024606,0.749272,0.000000,-0.084190,0.995578,0.041667,0.000000,-0.744933,-0.090657,0.660951,0.000000,11.686188,1.606098,-0.362900,1.000000;;
            }

            Frame Bip001_L_Finger31 {
             

             FrameTransformMatrix {
              0.419515,0.000000,0.907749,0.000000,0.000000,1.000000,-0.000000,0.000000,-0.907749,0.000000,0.419515,0.000000,4.316544,0.000008,0.000000,1.000000;;
             }

             Frame Bip001_L_Finger32 {
              

              FrameTransformMatrix {
               0.955976,0.000000,0.293446,0.000000,-0.000000,1.000000,-0.000000,0.000000,-0.293446,-0.000000,0.955976,0.000000,4.650650,-0.000008,0.000000,1.000000;;
              }

              Frame Bip001_L_Finger3Nub {
               

               FrameTransformMatrix {
                1.000000,0.000000,0.000000,0.000000,0.000000,1.000000,-0.000000,0.000000,-0.000000,-0.000000,1.000000,0.000000,4.650635,-0.000004,0.000000,1.000000;;
               }
              }
             }
            }
           }

           Frame Bip001_L_Finger4 {
            

            FrameTransformMatrix {
             0.801057,0.075209,0.593844,0.000000,-0.078136,0.996725,-0.020832,0.000000,-0.593466,-0.029713,0.804310,0.000000,10.216782,4.386822,-0.631805,1.000000;;
            }

            Frame Bip001_L_Finger41 {
             

             FrameTransformMatrix {
              0.749323,0.043479,0.660776,0.000000,-0.032611,0.999054,-0.028757,0.000000,-0.661401,0.000000,0.750032,0.000000,3.003704,0.000000,0.000015,1.000000;;
             }

             Frame Bip001_L_Finger42 {
              

              FrameTransformMatrix {
               0.749323,0.043480,0.660776,0.000000,-0.032611,0.999054,-0.028757,0.000000,-0.661401,-0.000000,0.750033,0.000000,3.003708,0.000000,0.000000,1.000000;;
              }

              Frame Bip001_L_Finger4Nub {
               

               FrameTransformMatrix {
                1.000000,0.000000,0.000000,0.000000,0.000000,1.000000,0.000000,0.000000,0.000000,-0.000000,1.000000,0.000000,3.003708,-0.000008,-0.000002,1.000000;;
               }
              }
             }
            }
           }
          }
         }
        }
       }

       Frame Bip001_R_Clavicle {
        

        FrameTransformMatrix {
         -0.255768,-0.966198,-0.032312,0.000000,-0.874067,0.216841,0.434727,0.000000,-0.413026,0.139432,-0.899983,0.000000,0.137604,-4.297743,-0.585274,1.000000;;
        }

        Frame Bip001_R_UpperArm {
         

         FrameTransformMatrix {
          0.689690,0.653865,-0.311108,0.000000,-0.721785,0.655156,-0.223152,0.000000,0.057913,0.378459,0.923805,0.000000,16.122230,0.000015,-0.000000,1.000000;;
         }

         Frame Bip001_R_Forearm {
          

          FrameTransformMatrix {
           -0.392796,0.000000,-0.919626,0.000000,0.000000,1.000000,0.000000,0.000000,0.919626,-0.000000,-0.392796,0.000000,44.136819,0.000000,0.000000,1.000000;;
          }

          Frame Bip001_R_Hand {
           

           FrameTransformMatrix {
            0.702634,0.558389,-0.441031,0.000000,-0.445704,-0.137773,-0.884515,0.000000,-0.554665,0.818059,0.152072,0.000000,37.683366,0.000000,-0.000008,1.000000;;
           }

           Frame Bip001_R_Finger0 {
            

            FrameTransformMatrix {
             0.888746,0.388061,0.244007,0.000000,-0.456924,0.707259,0.539449,0.000000,0.036763,-0.590925,0.805888,0.000000,4.289879,5.456852,2.394791,1.000000;;
            }

            Frame Bip001_R_Finger01 {
             

             FrameTransformMatrix {
              0.413762,-0.163088,0.895658,0.000000,-0.165954,0.953828,0.250345,0.000000,-0.895132,-0.252221,0.367592,0.000000,3.875546,0.000000,0.000000,1.000000;;
             }

             Frame Bip001_R_Finger02 {
              

              FrameTransformMatrix {
               0.672143,-0.206361,0.711083,0.000000,0.320016,0.947008,-0.027664,0.000000,-0.667693,0.246152,0.702563,0.000000,3.875542,0.000000,0.000004,1.000000;;
              }

              Frame Bip001_R_Finger0Nub {
               

               FrameTransformMatrix {
                -1.000000,0.000000,0.000000,0.000000,-0.000000,1.000000,-0.000000,0.000000,-0.000000,-0.000000,-1.000000,0.000000,3.875534,0.000015,0.000004,1.000000;;
               }
              }
             }
            }
           }

           Frame Bip001_R_Finger1 {
            

            FrameTransformMatrix {
             0.698977,0.000570,0.715144,0.000000,0.000000,1.000000,-0.000796,0.000000,-0.715145,0.000557,0.698976,0.000000,11.734268,5.461197,-0.417755,1.000000;;
            }

            Frame Bip001_R_Finger11 {
             

             FrameTransformMatrix {
              0.368318,0.000000,0.929700,0.000000,-0.000000,1.000000,0.000000,0.000000,-0.929700,0.000000,0.368318,0.000000,4.650642,0.000008,0.000000,1.000000;;
             }

             Frame Bip001_R_Finger12 {
              

              FrameTransformMatrix {
               0.781203,-0.000000,0.624277,0.000000,0.000000,1.000000,0.000000,0.000000,-0.624277,0.000000,0.781203,0.000000,4.650650,0.000000,0.000000,1.000000;;
              }

              Frame Bip001_R_Finger1Nub {
               

               FrameTransformMatrix {
                -1.000000,0.000000,-0.000000,0.000000,0.000000,1.000000,0.000000,0.000000,0.000000,-0.000000,-1.000000,0.000000,4.650650,0.000000,0.000008,1.000000;;
               }
              }
             }
            }
           }

           Frame Bip001_R_Finger2 {
            

            FrameTransformMatrix {
             0.712053,-0.024166,0.701710,0.000000,0.054546,0.998291,-0.020970,0.000000,-0.700004,0.053207,0.712154,0.000000,11.686767,1.501312,-0.364792,1.000000;;
            }

            Frame Bip001_R_Finger21 {
             

             FrameTransformMatrix {
              0.368318,-0.000000,0.929700,0.000000,-0.000000,1.000000,0.000000,0.000000,-0.929700,0.000000,0.368318,0.000000,4.698437,0.000000,0.000015,1.000000;;
             }

             Frame Bip001_R_Finger22 {
              

              FrameTransformMatrix {
               0.814167,0.081360,0.574903,0.000000,-0.069947,0.996667,-0.041990,0.000000,-0.576403,-0.006026,0.817143,0.000000,5.425736,0.000000,-0.000002,1.000000;;
              }

              Frame Bip001_R_Finger2Nub {
               

               FrameTransformMatrix {
                -1.000000,-0.000000,0.000000,0.000000,0.000000,1.000000,0.000000,0.000000,0.000000,0.000000,-1.000000,0.000000,5.425736,0.000004,0.000000,1.000000;;
               }
              }
             }
            }
           }

           Frame Bip001_R_Finger3 {
            

            FrameTransformMatrix {
             0.616579,-0.019200,0.787059,0.000000,0.084190,0.995578,-0.041667,0.000000,-0.782779,0.091953,0.615469,0.000000,11.686195,-1.606098,-0.362930,1.000000;;
            }

            Frame Bip001_R_Finger31 {
             

             FrameTransformMatrix {
              0.368318,0.000000,0.929700,0.000000,-0.007145,0.999970,0.002831,0.000000,-0.929673,-0.007685,0.368307,0.000000,4.316544,-0.000004,0.000015,1.000000;;
             }

             Frame Bip001_R_Finger32 {
              

              FrameTransformMatrix {
               0.946400,0.000000,0.322996,0.000000,-0.000000,1.000000,-0.000000,0.000000,-0.322996,0.000000,0.946400,0.000000,4.650650,0.000000,-0.000001,1.000000;;
              }

              Frame Bip001_R_Finger3Nub {
               

               FrameTransformMatrix {
                -1.000000,0.000000,0.000000,0.000000,0.000000,1.000000,-0.000000,0.000000,0.000000,-0.000000,-1.000000,0.000000,4.650650,-0.000004,0.000000,1.000000;;
               }
              }
             }
            }
           }

           Frame Bip001_R_Finger4 {
            

            FrameTransformMatrix {
             0.732051,-0.089522,0.675343,0.000000,0.087627,0.995467,0.036972,0.000000,-0.675591,0.032113,0.736577,0.000000,10.216790,-4.386822,-0.631821,1.000000;;
            }

            Frame Bip001_R_Finger41 {
             

             FrameTransformMatrix {
              0.673121,-0.046251,0.738084,0.000000,0.052203,0.998524,0.014963,0.000000,-0.737687,0.028458,0.674543,0.000000,3.003708,0.000000,0.000000,1.000000;;
             }

             Frame Bip001_R_Finger42 {
              

              FrameTransformMatrix {
               0.673083,-0.047532,0.738038,0.000000,0.053024,0.998466,0.015947,0.000000,-0.737664,0.028400,0.674571,0.000000,3.003708,0.000004,0.000000,1.000000;;
              }

              Frame Bip001_R_Finger4Nub {
               

               FrameTransformMatrix {
                -1.000000,0.000000,0.000000,0.000000,0.000000,1.000000,0.000000,0.000000,0.000000,-0.000000,-1.000000,0.000000,3.003693,0.000000,0.000000,1.000000;;
               }
              }
             }
            }
           }
          }
         }
        }
       }

       Frame Bip001_Head {
        

        FrameTransformMatrix {
         0.998986,-0.029049,0.034400,0.000000,0.034371,0.985542,-0.165907,0.000000,-0.029083,0.166921,0.985541,0.000000,15.765366,-0.911516,-0.005135,1.000000;;
        }

        Frame Bip001_HeadNub {
         

         FrameTransformMatrix {
          1.000000,0.000000,-0.000000,0.000000,0.000000,1.000000,0.000000,0.000000,0.000000,0.000000,1.000000,0.000000,29.143997,0.000000,0.000000,1.000000;;
         }
        }
       }
      }
     }
    }
   }

   Frame Bip001_L_Thigh {
    

    FrameTransformMatrix {
     -0.818390,0.159903,0.551968,0.000000,-0.121111,-0.986927,0.106340,0.000000,0.561756,0.020178,0.827057,0.000000,-14.590301,12.109005,0.036076,1.000000;;
    }

    Frame Bip001_L_Calf {
     

     FrameTransformMatrix {
      0.295533,-0.000000,-0.955333,0.000000,-0.000000,1.000000,-0.000000,0.000000,0.955333,0.000000,0.295533,0.000000,54.040717,0.000000,0.000000,1.000000;;
     }

     Frame Bip001_L_Foot {
      

      FrameTransformMatrix {
       0.927935,0.320105,0.190968,0.000000,-0.334912,0.940912,0.050193,0.000000,-0.163618,-0.110533,0.980312,0.000000,58.826874,0.000000,0.000000,1.000000;;
      }

      Frame Bip001_L_Toe0 {
       

       FrameTransformMatrix {
        -0.385789,0.140416,0.911839,0.000000,0.028334,0.989687,-0.140416,0.000000,-0.922152,-0.028335,-0.385789,0.000000,14.261973,0.000000,18.354528,1.000000;;
       }

       Frame Bip001_L_Toe01 {
        

        FrameTransformMatrix {
         1.000000,-0.000000,0.000000,0.000000,-0.000000,1.000000,-0.000000,0.000000,-0.000000,0.000000,1.000000,0.000000,1.860257,0.000000,0.000000,1.000000;;
        }

        Frame Bip001_L_Toe02 {
         

         FrameTransformMatrix {
          1.000000,-0.000000,0.000000,0.000000,-0.000000,1.000000,-0.000000,0.000000,-0.000000,0.000000,1.000000,0.000000,1.860257,0.000001,-0.000000,1.000000;;
         }

         Frame Bip001_L_Toe0Nub {
          

          FrameTransformMatrix {
           -1.000000,-0.000000,-0.000000,0.000000,-0.000000,1.000000,0.000000,0.000000,0.000000,0.000000,-1.000000,0.000000,1.860257,-0.000001,0.000000,1.000000;;
          }
         }
        }
       }
      }
     }
    }
   }

   Frame Bip001_R_Thigh {
    

    FrameTransformMatrix {
     -0.961151,-0.138429,0.238801,0.000000,0.183795,-0.966431,0.179530,0.000000,0.205932,0.216446,0.954329,0.000000,-13.927850,-12.685554,0.011755,1.000000;;
    }

    Frame Bip001_R_Calf {
     

     FrameTransformMatrix {
      0.631098,0.000000,-0.775703,0.000000,0.000000,1.000000,-0.000000,0.000000,0.775703,0.000000,0.631098,0.000000,53.736064,0.000000,0.000001,1.000000;;
     }

     Frame Bip001_R_Foot {
      

      FrameTransformMatrix {
       0.791319,-0.473682,0.386574,0.000000,0.341000,0.866730,0.364004,0.000000,-0.507477,-0.156222,0.847385,0.000000,59.151968,0.000000,0.000004,1.000000;;
      }

      Frame Bip001_R_Toe0 {
       

       FrameTransformMatrix {
        -0.063874,-0.023247,0.997687,0.000000,-0.000743,0.999730,0.023247,0.000000,-0.997958,0.000743,-0.063874,0.000000,14.261973,-0.000004,18.354526,1.000000;;
       }

       Frame Bip001_R_Toe01 {
        

        FrameTransformMatrix {
         1.000000,0.000000,-0.000000,0.000000,-0.000000,1.000000,0.000000,0.000000,-0.000000,0.000000,1.000000,0.000000,1.860258,0.000000,0.000000,1.000000;;
        }

        Frame Bip001_R_Toe02 {
         

         FrameTransformMatrix {
          1.000000,0.000000,-0.000000,0.000000,-0.000000,1.000000,0.000000,0.000000,-0.000000,0.000000,1.000000,0.000000,1.860258,0.000000,0.000000,1.000000;;
         }

         Frame Bip001_R_Toe0Nub {
          

          FrameTransformMatrix {
           1.000000,0.000000,-0.000000,0.000000,-0.000000,1.000000,0.000000,0.000000,-0.000000,0.000000,1.000000,0.000000,1.860256,0.000000,0.000000,1.000000;;
          }
         }
        }
       }
      }
     }
    }
   }
  }
 }
}

Frame Box001 {
 

 FrameTransformMatrix {
  0.667112,0.000000,0.000000,0.000000,0.000000,0.696682,0.000000,0.000000,0.000000,0.000000,0.492662,0.000000,0.000000,0.000000,0.000000,1.000000;;
 }

 Mesh Box001 {
  24;
  -56.545024;25.082323;-26.910755;,
  -52.789178;24.120443;-29.702141;,
  -53.592752;24.108117;-25.801682;,
  -55.741446;25.094650;-30.811216;,
  -55.939795;26.900723;-26.670637;,
  -52.183952;25.938845;-29.462022;,
  -55.136224;26.913053;-30.571098;,
  -52.987526;25.926517;-25.561563;,
  -56.545024;25.082323;-26.910755;,
  -55.136224;26.913053;-30.571098;,
  -55.741446;25.094650;-30.811216;,
  -55.939795;26.900723;-26.670637;,
  -55.741446;25.094650;-30.811216;,
  -52.183952;25.938845;-29.462022;,
  -52.789178;24.120443;-29.702141;,
  -55.136224;26.913053;-30.571098;,
  -52.789178;24.120443;-29.702141;,
  -52.987526;25.926517;-25.561563;,
  -53.592752;24.108117;-25.801682;,
  -52.183952;25.938845;-29.462022;,
  -53.592752;24.108117;-25.801682;,
  -55.939795;26.900723;-26.670637;,
  -56.545024;25.082323;-26.910755;,
  -52.987526;25.926517;-25.561563;;
  12;
  3;0,1,2;,
  3;1,0,3;,
  3;4,5,6;,
  3;5,4,7;,
  3;8,9,10;,
  3;9,8,11;,
  3;12,13,14;,
  3;13,12,15;,
  3;16,17,18;,
  3;17,16,19;,
  3;20,21,22;,
  3;21,20,23;;

  DeclData {
   2;
   2;0;3;0;,
   1;0;5;0;;
   120;
   3197445738,
   3212074344,
   3179353875,
   1065353216,
   1065353216,
   3197445738,
   3212074344,
   3179353875,
   0,
   0,
   3197445738,
   3212074344,
   3179353875,
   1065353216,
   0,
   3197445738,
   3212074344,
   3179353875,
   0,
   1065353216,
   1049962089,
   1064590696,
   1031870228,
   0,
   1065353216,
   1049962089,
   1064590696,
   1031870228,
   1065353216,
   0,
   1049962090,
   1064590696,
   1031870227,
   1065353216,
   1065353216,
   1049962090,
   1064590696,
   1031870227,
   0,
   0,
   3211560281,
   1051344373,
   3191985688,
   0,
   1065353216,
   3211560281,
   1051344373,
   3191985688,
   1065353216,
   0,
   3211560281,
   1051344372,
   3191985687,
   1065353216,
   1065353216,
   3211560281,
   1051344372,
   3191985687,
   0,
   0,
   1052044675,
   1002551932,
   3211754117,
   0,
   1065353216,
   1052044675,
   1002551932,
   3211754117,
   1065353216,
   0,
   1052044675,
   1002551932,
   3211754117,
   1065353216,
   1065353216,
   1052044675,
   1002551932,
   3211754117,
   0,
   0,
   1064076633,
   3198828021,
   1044502038,
   0,
   1065353216,
   1064076633,
   3198828021,
   1044502038,
   1065353216,
   0,
   1064076633,
   3198828021,
   1044502039,
   1065353216,
   1065353216,
   1064076633,
   3198828021,
   1044502039,
   0,
   0,
   3199528322,
   3150035580,
   1064270469,
   0,
   1065353216,
   3199528322,
   3150035580,
   1064270469,
   1065353216,
   0,
   3199528323,
   3150035580,
   1064270469,
   1065353216,
   1065353216,
   3199528323,
   3150035580,
   1064270469,
   0,
   0;
  }

  XSkinMeshHeader {
   1;
   1;
   1;
  }

  SkinWeights {
   "Bip001_L_Toe0Nub";
   24;
   0,
   1,
   2,
   3,
   4,
   5,
   6,
   7,
   8,
   9,
   10,
   11,
   12,
   13,
   14,
   15,
   16,
   17,
   18,
   19,
   20,
   21,
   22,
   23;
   1.000000,
   1.000000,
   1.000000,
   1.000000,
   1.000000,
   1.000000,
   1.000000,
   1.000000,
   1.000000,
   1.000000,
   1.000000,
   1.000000,
   1.000000,
   1.000000,
   1.000000,
   1.000000,
   1.000000,
   1.000000,
   1.000000,
   1.000000,
   1.000000,
   1.000000,
   1.000000,
   1.000000;
   0.561608,-0.359084,0.026337,0.000000,0.070512,0.059634,-0.690534,0.000000,0.261178,0.413056,0.062340,0.000000,5.719806,13.615866,7.058074,1.000000;;
  }
 }
}

AnimTicksPerSecond  {
 4800;
}

AnimationSet Anim1 {
 

 Animation {
  
  { Bip001 }

  AnimationKey S {
   1;
   2;
   0;3;1.000000,1.000000,1.000000;;,
   4000;3;1.000000,1.000000,1.000000;;;
  }

  AnimationKey R {
   0;
   26;
   0;4;-0.172500,-0.026896,0.984516,0.015754;;,
   160;4;-0.172043,-0.046017,0.983922,0.013460;;,
   320;4;-0.230223,-0.058807,0.971187,0.018301;;,
   480;4;-0.368772,-0.049587,0.928196,-0.001011;;,
   640;4;-0.537037,-0.046859,0.842006,-0.020505;;,
   800;4;-0.630713,-0.047003,0.773794,-0.035142;;,
   960;4;-0.610868,-0.066927,0.787201,-0.051738;;,
   1120;4;-0.650292,-0.072452,0.753635,-0.062492;;,
   1280;4;-0.642279,-0.069558,0.761048,-0.058700;;,
   1440;4;-0.560451,-0.050289,0.825937,-0.034544;;,
   1600;4;-0.399576,-0.015546,0.916486,-0.012247;;,
   1760;4;-0.324682,-0.001047,0.945641,-0.018530;;,
   1920;4;-0.221279,-0.025693,0.974862,-0.004445;;,
   2080;4;-0.149109,-0.041473,0.987794,0.017620;;,
   2240;4;-0.174076,-0.050767,0.982626,0.039579;;,
   2400;4;-0.263246,-0.050274,0.962127,0.049854;;,
   2560;4;-0.350867,-0.022043,0.934547,0.055038;;,
   2720;4;-0.422503,0.000639,0.905690,0.034875;;,
   2880;4;-0.478714,0.001166,0.877860,0.013911;;,
   3040;4;-0.548850,-0.023545,0.835534,0.009573;;,
   3200;4;-0.604180,-0.024872,0.796452,0.003493;;,
   3360;4;-0.628530,-0.019735,0.777516,-0.005473;;,
   3520;4;-0.595344,-0.016907,0.803275,-0.005381;;,
   3680;4;-0.515488,-0.007427,0.856853,-0.004344;;,
   3840;4;-0.428172,-0.013244,0.903597,0.002330;;,
   4000;4;-0.334174,-0.035972,0.941363,0.029480;;;
  }

  AnimationKey T {
   2;
   26;
   0;3;-5.827972,115.565645,15.387920;;,
   160;3;-2.738179,117.375424,13.839718;;,
   320;3;-1.048780,118.386278,10.995257;;,
   480;3;-1.949378,115.907853,6.441224;;,
   640;3;-3.332627,113.519194,-1.031388;;,
   800;3;-3.375144,115.599654,-6.094634;;,
   960;3;-3.463116,117.251341,-8.398897;;,
   1120;3;-5.941280,118.039424,-11.201209;;,
   1280;3;-7.322989,117.029773,-12.323510;;,
   1440;3;-7.371273,115.986624,-12.632230;;,
   1600;3;-5.443260,117.980672,-11.144118;;,
   1760;3;-1.184213,119.246362,-6.332802;;,
   1920;3;2.378256,118.734144,-2.796422;;,
   2080;3;4.414920,117.963149,2.969539;;,
   2240;3;4.732833,118.273280,11.795506;;,
   2400;3;5.083995,120.060186,20.423774;;,
   2560;3;5.145248,122.298982,27.865069;;,
   2720;3;5.617418,123.472934,34.268762;;,
   2880;3;8.418792,121.583744,40.455933;;,
   3040;3;12.851062,116.030438,47.338653;;,
   3200;3;13.171075,114.670720,51.431654;;,
   3360;3;10.462525,116.257408,51.130736;;,
   3520;3;5.919644,116.963904,48.707619;;,
   3680;3;-0.555065,115.516864,44.403958;;,
   3840;3;-5.971949,114.452045,40.178198;;,
   4000;3;-7.587685,116.183206,34.527542;;;
  }
 }

 Animation {
  
  { Bip001_Pelvis }

  AnimationKey S {
   1;
   2;
   0;3;1.000000,1.000000,1.000000;;,
   4000;3;1.000000,1.000000,1.000000;;;
  }

  AnimationKey R {
   0;
   2;
   0;4;-0.498374,0.501621,0.498373,0.501622;;,
   4000;4;-0.498374,0.501621,0.498373,0.501622;;;
  }

  AnimationKey T {
   2;
   2;
   0;3;0.000000,0.000000,0.000000;;,
   4000;3;0.000000,0.000000,0.000000;;;
  }
 }

 Animation {
  
  { Bip001_Spine }

  AnimationKey S {
   1;
   2;
   0;3;1.000000,1.000000,1.000000;;,
   4000;3;1.000000,1.000000,1.000000;;;
  }

  AnimationKey R {
   0;
   26;
   0;4;0.999911,0.000484,0.000392,0.013355;;,
   160;4;0.999733,0.001719,0.000358,0.023044;;,
   320;4;0.999719,0.002165,0.000347,0.023595;;,
   480;4;0.999879,0.001165,0.000379,0.015530;;,
   640;4;0.999924,0.000914,0.000387,0.012255;;,
   800;4;0.999898,0.001296,0.000380,0.014208;;,
   960;4;0.999639,0.004015,0.000291,0.026557;;,
   1120;4;0.999759,0.003574,0.000320,0.021659;;,
   1280;4;0.999971,-0.001954,0.000387,-0.007337;;,
   1440;4;0.999417,-0.004584,0.000246,-0.033833;;,
   1600;4;0.999861,-0.000765,0.000386,-0.016625;;,
   1760;4;0.999968,-0.000169,0.000397,-0.007950;;,
   1920;4;0.999990,0.000075,0.000398,0.004401;;,
   2080;4;0.999930,0.000657,0.000391,0.011802;;,
   2240;4;0.999845,0.001244,0.000376,0.017585;;,
   2400;4;0.999734,0.001408,0.000366,0.023014;;,
   2560;4;0.999920,0.000042,0.000398,0.012634;;,
   2720;4;0.999760,-0.000574,0.000411,0.021913;;,
   2880;4;0.999517,-0.000411,0.000411,0.031083;;,
   3040;4;0.999589,0.000736,0.000377,0.028663;;,
   3200;4;0.999890,0.000415,0.000392,0.014828;;,
   3360;4;0.999678,0.000837,0.000377,0.025356;;,
   3520;4;0.999339,0.001114,0.000358,0.036327;;,
   3680;4;0.998948,0.000756,0.000364,0.045852;;,
   3840;4;0.999746,0.000440,0.000388,0.022534;;,
   4000;4;0.999960,0.000277,0.000396,0.008964;;;
  }

  AnimationKey T {
   2;
   4;
   0;3;14.261680,-0.092655,-0.012835;;,
   1280;3;14.261688,-0.092688,-0.012836;;,
   1440;3;14.261666,-0.092529,-0.012830;;,
   4000;3;14.261680,-0.092626,-0.012834;;;
  }
 }

 Animation {
  
  { Bip001_Spine1 }

  AnimationKey S {
   1;
   2;
   0;3;1.000000,1.000000,1.000000;;,
   4000;3;1.000000,1.000000,1.000000;;;
  }

  AnimationKey R {
   0;
   2;
   0;4;1.000000,0.000000,-0.000000,0.000000;;,
   4000;4;1.000000,-0.000000,-0.000000,0.000000;;;
  }

  AnimationKey T {
   2;
   2;
   0;3;16.122192,-0.000003,-0.012838;;,
   4000;3;16.122208,-0.000001,-0.012836;;;
  }
 }

 Animation {
  
  { Bip001_Spine2 }

  AnimationKey S {
   1;
   2;
   0;3;1.000000,1.000000,1.000000;;,
   4000;3;1.000000,1.000000,1.000000;;;
  }

  AnimationKey R {
   0;
   2;
   0;4;1.000000,0.000000,-0.000000,0.000000;;,
   4000;4;1.000000,-0.000000,-0.000000,0.000000;;;
  }

  AnimationKey T {
   2;
   2;
   0;3;16.122238,0.000002,-0.012838;;,
   4000;3;16.122208,0.000000,-0.012837;;;
  }
 }

 Animation {
  
  { Bip001_Spine3 }

  AnimationKey S {
   1;
   2;
   0;3;1.000000,1.000000,1.000000;;,
   4000;3;1.000000,1.000000,1.000000;;;
  }

  AnimationKey R {
   0;
   2;
   0;4;1.000000,0.000000,-0.000000,0.000000;;,
   4000;4;1.000000,-0.000000,-0.000000,0.000000;;;
  }

  AnimationKey T {
   2;
   2;
   0;3;16.122208,0.000000,-0.012837;;,
   4000;3;16.122238,0.000001,-0.012839;;;
  }
 }

 Animation {
  
  { Bip001_Neck }

  AnimationKey S {
   1;
   2;
   0;3;1.000000,1.000000,1.000000;;,
   4000;3;1.000000,1.000000,1.000000;;;
  }

  AnimationKey R {
   0;
   26;
   0;4;0.975382,0.063593,0.209030,0.029881;;,
   160;4;0.976296,0.076131,0.202506,0.006385;;,
   320;4;0.976973,0.090311,0.191894,-0.023332;;,
   480;4;0.980542,0.083792,0.175415,-0.027321;;,
   640;4;0.982698,0.037767,0.181269,0.004413;;,
   800;4;0.978955,-0.044977,0.165726,0.110271;;,
   960;4;0.978969,-0.056013,0.172943,0.092589;;,
   1120;4;0.975756,-0.084706,0.159888,0.123132;;,
   1280;4;0.966536,-0.113152,0.152881,0.172143;;,
   1440;4;0.965337,-0.103514,0.164960,0.173776;;,
   1600;4;0.972757,-0.032296,0.193352,0.123754;;,
   1760;4;0.973625,0.009804,0.204422,0.100849;;,
   1920;4;0.973830,0.049805,0.208021,0.076822;;,
   2080;4;0.977602,0.090198,0.187754,0.030119;;,
   2240;4;0.980392,0.076105,0.181211,0.014243;;,
   2400;4;0.979061,0.044540,0.198308,0.011370;;,
   2560;4;0.977263,0.029479,0.207102,0.034600;;,
   2720;4;0.975794,0.022936,0.212932,0.044267;;,
   2880;4;0.974245,0.013233,0.219775,0.048690;;,
   3040;4;0.977839,-0.002893,0.199576,0.063187;;,
   3200;4;0.978911,-0.037115,0.184519,0.079422;;,
   3360;4;0.975159,-0.055176,0.188244,0.102880;;,
   3520;4;0.974382,-0.050807,0.193082,0.103528;;,
   3680;4;0.973762,-0.027961,0.204512,0.095815;;,
   3840;4;0.978380,0.019219,0.198545,0.054625;;,
   4000;4;0.980093,0.048445,0.191218,0.022528;;;
  }

  AnimationKey T {
   2;
   26;
   0;3;16.125214,-0.001011,-0.006701;;,
   160;3;16.125122,-0.001122,-0.006715;;,
   320;3;16.125030,-0.001240,-0.006742;;,
   480;3;16.124818,-0.001145,-0.006849;;,
   640;3;16.124862,-0.000562,-0.006900;;,
   800;3;16.124710,0.000383,-0.006971;;,
   960;3;16.124802,0.000575,-0.006920;;,
   1120;3;16.124664,0.000933,-0.006922;;,
   1280;3;16.124710,0.001230,-0.006872;;,
   1440;3;16.124848,0.001058,-0.006845;;,
   1600;3;16.125061,0.000112,-0.006838;;,
   1760;3;16.125152,-0.000447,-0.006787;;,
   1920;3;16.125168,-0.000955,-0.006731;;,
   2080;3;16.124909,-0.001390,-0.006766;;,
   2240;3;16.124832,-0.001143,-0.006834;;,
   2400;3;16.125061,-0.000683,-0.006794;;,
   2560;3;16.125214,-0.000534,-0.006760;;,
   2720;3;16.125290,-0.000471,-0.006729;;,
   2880;3;16.125381,-0.000352,-0.006699;;,
   3040;3;16.125107,-0.000147,-0.006813;;,
   3200;3;16.124923,0.000320,-0.006882;;,
   3360;3;16.125016,0.000509,-0.006840;;,
   3520;3;16.125077,0.000436,-0.006817;;,
   3680;3;16.125229,0.000114,-0.006775;;,
   3840;3;16.125091,-0.000439,-0.006819;;,
   4000;3;16.124970,-0.000769,-0.006830;;;
  }
 }

 Animation {
  
  { Bip001_L_Clavicle }

  AnimationKey S {
   1;
   2;
   0;3;1.000000,1.000000,1.000000;;,
   4000;3;1.000000,1.000000,1.000000;;;
  }

  AnimationKey R {
   0;
   26;
   0;4;0.164826,0.513982,0.832496,-0.124922;;,
   160;4;0.167940,0.534774,0.820533,-0.111977;;,
   320;4;0.169011,0.560877,0.804803,-0.095629;;,
   480;4;0.151876,0.566923,0.804393,-0.092112;;,
   640;4;0.128720,0.539707,0.821401,-0.132088;;,
   800;4;0.062907,0.447941,0.872076,-0.186750;;,
   960;4;0.063740,0.461587,0.861752,-0.200643;;,
   1120;4;0.035075,0.434242,0.873954,-0.215425;;,
   1280;4;0.010627,0.387946,0.891877,-0.232253;;,
   1440;4;0.025943,0.385580,0.892920,-0.230973;;,
   1600;4;0.092205,0.432165,0.876520,-0.190904;;,
   1760;4;0.126404,0.452593,0.867438,-0.163500;;,
   1920;4;0.153370,0.473950,0.856734,-0.133625;;,
   2080;4;0.162177,0.517487,0.835220,-0.091176;;,
   2240;4;0.149732,0.531939,0.827426,-0.099938;;,
   2400;4;0.146277,0.531156,0.823465,-0.135581;;,
   2560;4;0.143665,0.509837,0.834490,-0.151836;;,
   2720;4;0.144240,0.500413,0.838559,-0.160002;;,
   2880;4;0.144202,0.495064,0.839456,-0.171557;;,
   3040;4;0.117442,0.485733,0.848714,-0.173076;;,
   3200;4;0.084729,0.472469,0.855962,-0.192154;;,
   3360;4;0.076325,0.450053,0.865105,-0.207893;;,
   3520;4;0.082758,0.448965,0.865307,-0.206944;;,
   3680;4;0.105532,0.455215,0.862365,-0.194858;;,
   3840;4;0.129550,0.494083,0.845677,-0.154690;;,
   4000;4;0.141899,0.523159,0.830538,-0.127971;;;
  }

  AnimationKey T {
   2;
   26;
   0;3;-0.137634,4.297743,0.600090;;,
   160;3;0.079712,4.289930,0.663872;;,
   320;3;0.348312,4.265069,0.734489;;,
   480;3;0.360168,4.273168,0.679062;;,
   640;3;0.021790,4.328049,0.336517;;,
   800;3;-1.001862,4.217472,-0.216187;;,
   960;3;-0.870987,4.238941,-0.329628;;,
   1120;3;-1.160599,4.146690,-0.539215;;,
   1280;3;-1.594574,3.972198,-0.713562;;,
   1440;3;-1.604523,3.985424,-0.611221;;,
   1600;3;-1.099274,4.198593,-0.057617;;,
   1760;3;-0.835007,4.251476,0.269218;;,
   1920;3;-0.559509,4.267838,0.567177;;,
   2080;3;-0.108582,4.262098,0.821976;;,
   2240;3;-0.001495,4.288559,0.677528;;,
   2400;3;-0.019958,4.322258,0.405533;;,
   2560;3;-0.240555,4.322666,0.319702;;,
   2720;3;-0.332596,4.319019,0.283516;;,
   2880;3;-0.386566,4.318500,0.212219;;,
   3040;3;-0.541397,4.305866,0.092316;;,
   3200;3;-0.734390,4.273880,-0.180801;;,
   3360;3;-0.961090,4.222286,-0.291573;;,
   3520;3;-0.960892,4.225140,-0.248840;;,
   3680;3;-0.859604,4.254108,-0.058868;;,
   3840;3;-0.430832,4.311485,0.264771;;,
   4000;3;-0.111267,4.315819,0.456978;;;
  }
 }

 Animation {
  
  { Bip001_L_UpperArm }

  AnimationKey S {
   1;
   2;
   0;3;1.000000,1.000000,1.000000;;,
   4000;3;1.000000,1.000000,1.000000;;;
  }

  AnimationKey R {
   0;
   26;
   0;4;0.904932,-0.181966,-0.251838,0.290799;;,
   160;4;0.900323,-0.199729,-0.248832,0.295989;;,
   320;4;0.907182,-0.260837,-0.168411,0.283941;;,
   480;4;0.906892,-0.302947,-0.108254,0.272123;;,
   640;4;0.904082,-0.319152,-0.089651,0.269705;;,
   800;4;0.876868,-0.382642,-0.000271,0.291012;;,
   960;4;0.803626,-0.444358,0.248152,0.308467;;,
   1120;4;0.739425,-0.458934,0.367515,0.327968;;,
   1280;4;0.711553,-0.408510,0.451146,0.351111;;,
   1440;4;0.682476,-0.428117,0.457757,0.376034;;,
   1600;4;0.752026,-0.557770,0.183118,0.299695;;,
   1760;4;0.751298,-0.492884,-0.421249,0.123153;;,
   1920;4;0.686715,-0.221889,-0.690021,0.055313;;,
   2080;4;0.730731,-0.037459,-0.645527,0.218917;;,
   2240;4;0.832746,0.029587,-0.446635,0.325848;;,
   2400;4;0.879637,-0.052668,-0.352142,0.315376;;,
   2560;4;0.869695,-0.121595,-0.359863,0.315188;;,
   2720;4;0.865452,-0.127099,-0.364091,0.319808;;,
   2880;4;0.863460,-0.121374,-0.355634,0.336497;;,
   3040;4;0.855912,-0.129875,-0.369646,0.337505;;,
   3200;4;0.865260,-0.112427,-0.334733,0.355863;;,
   3360;4;0.866108,-0.100190,-0.342837,0.349687;;,
   3520;4;0.855669,-0.121953,-0.365649,0.345339;;,
   3680;4;0.847423,-0.120452,-0.388448,0.341282;;,
   3840;4;0.848965,-0.129341,-0.397001,0.323912;;,
   4000;4;0.851641,-0.155148,-0.384278,0.320887;;;
  }

  AnimationKey T {
   2;
   2;
   0;3;16.122219,0.000015,0.000000;;,
   4000;3;16.122216,0.000015,0.000000;;;
  }
 }

 Animation {
  
  { Bip001_L_Forearm }

  AnimationKey S {
   1;
   2;
   0;3;1.000000,1.000000,1.000000;;,
   4000;3;1.000000,1.000000,1.000000;;;
  }

  AnimationKey R {
   0;
   26;
   0;4;0.616159,0.000000,-0.787622,-0.000000;;,
   160;4;0.621081,-0.000000,-0.783747,-0.000000;;,
   320;4;0.610868,0.000000,-0.791733,0.000000;;,
   480;4;0.589765,-0.000000,-0.807575,0.000000;;,
   640;4;0.570377,0.000000,-0.821383,0.000000;;,
   800;4;0.623943,-0.000000,-0.781470,0.000000;;,
   960;4;0.798448,-0.000000,-0.602064,-0.000000;;,
   1120;4;0.922792,0.000000,-0.385300,-0.000000;;,
   1280;4;0.952171,-0.000000,-0.305565,0.000000;;,
   1440;4;0.962593,-0.000000,-0.270951,-0.000000;;,
   1600;4;0.943570,-0.000000,-0.331173,-0.000000;;,
   1760;4;0.928282,-0.000000,-0.371876,0.000000;;,
   1920;4;0.903599,0.000000,-0.428378,0.000000;;,
   2080;4;0.842570,0.000000,-0.538586,0.000000;;,
   2240;4;0.771615,0.000000,-0.636090,-0.000000;;,
   2400;4;0.726897,0.000000,-0.686746,-0.000000;;,
   2560;4;0.663465,0.000000,-0.748207,-0.000000;;,
   2720;4;0.616218,0.000000,-0.787576,0.000000;;,
   2880;4;0.617418,0.000000,-0.786636,0.000000;;,
   3040;4;0.619279,0.000000,-0.785171,-0.000000;;,
   3200;4;0.623004,-0.000000,-0.782219,-0.000000;;,
   3360;4;0.626681,-0.000000,-0.779276,-0.000000;;,
   3520;4;0.624041,0.000000,-0.781391,-0.000000;;,
   3680;4;0.629415,0.000000,-0.777070,0.000000;;,
   3840;4;0.631705,0.000000,-0.775209,-0.000000;;,
   4000;4;0.641680,0.000000,-0.766973,0.000000;;;
  }

  AnimationKey T {
   2;
   2;
   0;3;44.136819,0.000008,0.000000;;,
   4000;3;44.136810,0.000000,0.000000;;;
  }
 }

 Animation {
  
  { Bip001_L_Hand }

  AnimationKey S {
   1;
   2;
   0;3;1.000000,1.000000,1.000000;;,
   4000;3;1.000000,1.000000,1.000000;;;
  }

  AnimationKey R {
   0;
   26;
   0;4;0.653085,-0.695699,0.164103,0.250106;;,
   160;4;0.657221,-0.698722,0.161519,0.231861;;,
   320;4;0.665578,-0.680037,0.164503,0.259799;;,
   480;4;0.667278,-0.666980,0.179815,0.278469;;,
   640;4;0.660395,-0.668115,0.173408,0.295686;;,
   800;4;0.664911,-0.656024,0.157802,0.320351;;,
   960;4;0.679041,-0.586139,0.135576,0.420670;;,
   1120;4;0.675265,-0.559413,0.143805,0.458688;;,
   1280;4;0.666533,-0.521379,0.140583,0.513940;;,
   1440;4;0.688602,-0.488369,0.106456,0.525347;;,
   1600;4;0.705480,-0.481748,0.091002,0.511797;;,
   1760;4;0.692993,-0.513996,0.134062,0.487439;;,
   1920;4;0.653524,-0.604519,0.195390,0.411444;;,
   2080;4;0.632226,-0.656337,0.243038,0.332333;;,
   2240;4;0.631989,-0.658986,0.234969,0.333343;;,
