xof 0303txt 0032
template Frame {
 <3d82ab46-62da-11cf-ab39-0020af71e433>
 [...]
}

template Matrix4x4 {
 <f6f23f45-7686-11cf-8f52-0040333594a3>
 array FLOAT matrix[16];
}

template FrameTransformMatrix {
 <f6f23f41-7686-11cf-8f52-0040333594a3>
 Matrix4x4 frameMatrix;
}

template Vector {
 <3d82ab5e-62da-11cf-ab39-0020af71e433>
 FLOAT x;
 FLOAT y;
 FLOAT z;
}

template MeshFace {
 <3d82ab5f-62da-11cf-ab39-0020af71e433>
 DWORD nFaceVertexIndices;
 array DWORD faceVertexIndices[nFaceVertexIndices];
}

template Mesh {
 <3d82ab44-62da-11cf-ab39-0020af71e433>
 DWORD nVertices;
 array Vector vertices[nVertices];
 DWORD nFaces;
 array MeshFace faces[nFaces];
 [...]
}

template ColorRGBA {
 <35ff44e0-6c7c-11cf-8f52-0040333594a3>
 FLOAT red;
 FLOAT green;
 FLOAT blue;
 FLOAT alpha;
}

template ColorRGB {
 <d3e16e81-7835-11cf-8f52-0040333594a3>
 FLOAT red;
 FLOAT green;
 FLOAT blue;
}

template Material {
 <3d82ab4d-62da-11cf-ab39-0020af71e433>
 ColorRGBA faceColor;
 FLOAT power;
 ColorRGB specularColor;
 ColorRGB emissiveColor;
 [...]
}

template MeshMaterialList {
 <f6f23f42-7686-11cf-8f52-0040333594a3>
 DWORD nMaterials;
 DWORD nFaceIndexes;
 array DWORD faceIndexes[nFaceIndexes];
 [Material <3d82ab4d-62da-11cf-ab39-0020af71e433>]
}

template VertexElement {
 <f752461c-1e23-48f6-b9f8-8350850f336f>
 DWORD Type;
 DWORD Method;
 DWORD Usage;
 DWORD UsageIndex;
}

template DeclData {
 <bf22e553-292c-4781-9fea-62bd554bdd93>
 DWORD nElements;
 array VertexElement Elements[nElements];
 DWORD nDWords;
 array DWORD data[nDWords];
}

template XSkinMeshHeader {
 <3cf169ce-ff7c-44ab-93c0-f78f62d172e2>
 WORD nMaxSkinWeightsPerVertex;
 WORD nMaxSkinWeightsPerFace;
 WORD nBones;
}

template SkinWeights {
 <6f0d123b-bad2-4167-a0d0-80224f25fabb>
 STRING transformNodeName;
 DWORD nWeights;
 array DWORD vertexIndices[nWeights];
 array FLOAT weights[nWeights];
 Matrix4x4 matrixOffset;
}

template AnimTicksPerSecond {
 <9e415a43-7ba6-4a73-8743-b73d47e88476>
 DWORD AnimTicksPerSecond;
}

template Animation {
 <3d82ab4f-62da-11cf-ab39-0020af71e433>
 [...]
}

template AnimationSet {
 <3d82ab50-62da-11cf-ab39-0020af71e433>
 [Animation <3d82ab4f-62da-11cf-ab39-0020af71e433>]
}

template FloatKeys {
 <10dd46a9-775b-11cf-8f52-0040333594a3>
 DWORD nValues;
 array FLOAT values[nValues];
}

template TimedFloatKeys {
 <f406b180-7b3b-11cf-8f52-0040333594a3>
 DWORD time;
 FloatKeys tfkeys;
}

template AnimationKey {
 <10dd46a8-775b-11cf-8f52-0040333594a3>
 DWORD keyType;
 DWORD nKeys;
 array TimedFloatKeys keys[nKeys];
}


Frame Bip001 {
 

 FrameTransformMatrix {
  -0.939041,-0.047524,-0.340505,0.000000,-0.058394,0.998057,0.021741,0.000000,0.338810,0.040299,-0.939991,0.000000,-5.827972,115.975603,15.387920,1.000000;;
 }

 Frame Bip001_Pelvis {
  

  FrameTransformMatrix {
   -0.000000,0.999979,0.006496,0.000000,-0.000001,-0.006496,0.999979,0.000000,1.000000,-0.000000,0.000001,0.000000,0.000000,0.000000,0.000000,1.000000;;
  }

  Frame Bip001_Spine {
   

   FrameTransformMatrix {
    0.999643,-0.026706,0.000796,0.000000,0.026707,0.999643,-0.000958,0.000000,-0.000770,0.000979,0.999999,0.000000,14.261666,-0.092656,-0.012835,1.000000;;
   }

   Frame Bip001_Spine1 {
    

    FrameTransformMatrix {
     1.000000,-0.000000,-0.000000,0.000000,0.000000,1.000000,0.000000,0.000000,0.000000,0.000000,1.000000,0.000000,16.122238,-0.000002,-0.012840,1.000000;;
    }

    Frame Bip001_Spine2 {
     

     FrameTransformMatrix {
      1.000000,-0.000000,-0.000000,0.000000,0.000000,1.000000,0.000000,0.000000,0.000000,0.000000,1.000000,0.000000,16.122208,0.000000,-0.012836,1.000000;;
     }

     Frame Bip001_Spine3 {
      

      FrameTransformMatrix {
       1.000000,-0.000000,-0.000000,0.000000,0.000000,1.000000,0.000000,0.000000,0.000000,0.000000,1.000000,0.000000,16.122208,-0.000001,-0.012838,1.000000;;
      }

      Frame Bip001_Neck {
       

       FrameTransformMatrix {
        0.910827,-0.031704,0.411569,0.000000,0.084876,0.990126,-0.111563,0.000000,-0.403968,0.136546,0.904524,0.000000,16.125214,-0.001008,-0.006701,1.000000;;
       }

       Frame Bip001_L_Clavicle {
        

        FrameTransformMatrix {
         -0.417309,0.896957,0.146019,0.000000,0.814595,0.440434,-0.377428,0.000000,-0.402848,-0.038558,-0.914454,0.000000,-0.137619,4.297739,0.600090,1.000000;;
        }

        Frame Bip001_L_UpperArm {
         

         FrameTransformMatrix {
          0.704027,-0.434655,-0.561623,0.000000,0.617958,0.764649,0.182865,0.000000,0.349962,-0.475802,0.806932,0.000000,16.122219,0.000000,0.000000,1.000000;;
         }

         Frame Bip001_L_Forearm {
          

          FrameTransformMatrix {
           -0.240696,0.000000,-0.970601,0.000000,0.000000,1.000000,0.000000,0.000000,0.970601,0.000000,-0.240696,0.000000,44.136819,0.000000,0.000000,1.000000;;
          }

          Frame Bip001_L_Hand {
           

           FrameTransformMatrix {
            0.821034,-0.555015,-0.133650,0.000000,0.098349,-0.093100,0.990788,0.000000,-0.562344,-0.826614,-0.021853,0.000000,37.683373,-0.000008,-0.000008,1.000000;;
           }

           Frame Bip001_L_Finger0 {
            

            FrameTransformMatrix {
             0.780581,-0.239633,0.577294,0.000000,0.617586,0.438035,-0.653233,0.000000,-0.096339,0.866430,0.489916,0.000000,4.289879,-5.456848,2.394806,1.000000;;
            }

            Frame Bip001_L_Finger01 {
             

             FrameTransformMatrix {
              0.041518,0.159813,0.986274,0.000000,-0.060725,0.985704,-0.157165,0.000000,-0.997291,-0.053366,0.050629,0.000000,3.875538,0.000000,-0.000015,1.000000;;
             }

             Frame Bip001_L_Finger02 {
              

              FrameTransformMatrix {
               1.000000,-0.000000,0.000000,0.000000,-0.000000,1.000000,0.000000,0.000000,0.000000,-0.000000,1.000000,0.000000,3.875549,0.000000,-0.000001,1.000000;;
              }

              Frame Bip001_L_Finger0Nub {
               

               FrameTransformMatrix {
                1.000000,-0.000000,0.000000,0.000000,-0.000000,1.000000,0.000000,0.000000,0.000000,-0.000000,1.000000,0.000000,3.875526,0.000000,0.000000,1.000000;;
               }
              }
             }
            }
           }

           Frame Bip001_L_Finger1 {
            

            FrameTransformMatrix {
             0.698976,-0.000569,0.715144,0.000000,0.000000,1.000000,0.000796,0.000000,-0.715145,-0.000557,0.698976,0.000000,11.734268,-5.461197,-0.417770,1.000000;;
            }

            Frame Bip001_L_Finger11 {
             

             FrameTransformMatrix {
              0.368318,0.000000,0.929700,0.000000,0.000000,1.000000,-0.000000,0.000000,-0.929700,-0.000000,0.368318,0.000000,4.650642,0.000004,0.000000,1.000000;;
             }

             Frame Bip001_L_Finger12 {
              

              FrameTransformMatrix {
               0.876782,-0.000000,0.480888,0.000000,0.000000,1.000000,0.000000,0.000000,-0.480888,-0.000000,0.876782,0.000000,4.650665,-0.000004,0.000005,1.000000;;
              }

              Frame Bip001_L_Finger1Nub {
               

               FrameTransformMatrix {
                1.000000,-0.000000,0.000000,0.000000,0.000000,1.000000,0.000000,0.000000,0.000000,-0.000000,1.000000,0.000000,4.650635,0.000000,0.000008,1.000000;;
               }
              }
             }
            }
           }

           Frame Bip001_L_Finger2 {
            

            FrameTransformMatrix {
             0.712053,0.024166,0.701710,0.000000,-0.054546,0.998291,0.020970,0.000000,-0.700004,-0.053207,0.712154,0.000000,11.686760,-1.501305,-0.364777,1.000000;;
            }

            Frame Bip001_L_Finger21 {
             

             FrameTransformMatrix {
              0.368318,0.000000,0.929700,0.000000,0.000000,1.000000,0.000000,0.000000,-0.929700,-0.000000,0.368318,0.000000,4.698440,0.000000,0.000000,1.000000;;
             }

             Frame Bip001_L_Finger22 {
              

              FrameTransformMatrix {
               0.986781,-0.000000,0.162062,0.000000,-0.000000,1.000000,-0.000000,0.000000,-0.162062,0.000000,0.986781,0.000000,5.425751,0.000000,0.000004,1.000000;;
              }

              Frame Bip001_L_Finger2Nub {
               

               FrameTransformMatrix {
                1.000000,0.000000,-0.000000,0.000000,0.000000,1.000000,-0.000000,0.000000,-0.000000,0.000000,1.000000,0.000000,5.425766,0.000000,-0.000002,1.000000;;
               }
              }
             }
            }
           }

           Frame Bip001_L_Finger3 {
            

            FrameTransformMatrix {
             0.661805,0.024606,0.749272,0.000000,-0.084190,0.995578,0.041667,0.000000,-0.744933,-0.090657,0.660951,0.000000,11.686195,1.606110,-0.362915,1.000000;;
            }

            Frame Bip001_L_Finger31 {
             

             FrameTransformMatrix {
              0.419515,0.000000,0.907749,0.000000,0.000000,1.000000,-0.000000,0.000000,-0.907749,-0.000000,0.419515,0.000000,4.316551,0.000000,0.000000,1.000000;;
             }

             Frame Bip001_L_Finger32 {
              

              FrameTransformMatrix {
               0.955975,0.000000,0.293446,0.000000,-0.000000,1.000000,-0.000000,0.000000,-0.293446,0.000000,0.955975,0.000000,4.650635,0.000000,0.000004,1.000000;;
              }

              Frame Bip001_L_Finger3Nub {
               

               FrameTransformMatrix {
                1.000000,0.000000,-0.000000,0.000000,0.000000,1.000000,0.000000,0.000000,0.000000,0.000000,1.000000,0.000000,4.650620,0.000000,0.000000,1.000000;;
               }
              }
             }
            }
           }

           Frame Bip001_L_Finger4 {
            

            FrameTransformMatrix {
             0.801057,0.075209,0.593844,0.000000,-0.078136,0.996725,-0.020832,0.000000,-0.593466,-0.029713,0.804310,0.000000,10.216790,4.386833,-0.631805,1.000000;;
            }

            Frame Bip001_L_Finger41 {
             

             FrameTransformMatrix {
              0.749323,0.043479,0.660776,0.000000,-0.032611,0.999054,-0.028757,0.000000,-0.661401,0.000000,0.750033,0.000000,3.003708,0.000000,-0.000015,1.000000;;
             }

             Frame Bip001_L_Finger42 {
              

              FrameTransformMatrix {
               0.749323,0.043480,0.660776,0.000000,-0.032611,0.999054,-0.028757,0.000000,-0.661401,0.000000,0.750032,0.000000,3.003708,0.000008,0.000008,1.000000;;
              }

              Frame Bip001_L_Finger4Nub {
               

               FrameTransformMatrix {
                1.000000,-0.000000,-0.000000,0.000000,0.000000,1.000000,0.000000,0.000000,-0.000000,-0.000000,1.000000,0.000000,3.003708,-0.000004,0.000000,1.000000;;
               }
              }
             }
            }
           }
          }
         }
        }
       }

       Frame Bip001_R_Clavicle {
        

        FrameTransformMatrix {
         -0.255768,-0.966198,-0.032312,0.000000,-0.874067,0.216841,0.434727,0.000000,-0.413026,0.139432,-0.899983,0.000000,0.137604,-4.297747,-0.585274,1.000000;;
        }

        Frame Bip001_R_UpperArm {
         

         FrameTransformMatrix {
          0.689690,0.653865,-0.311108,0.000000,-0.721785,0.655156,-0.223152,0.000000,0.057913,0.378459,0.923805,0.000000,16.122227,0.000000,0.000000,1.000000;;
         }

         Frame Bip001_R_Forearm {
          

          FrameTransformMatrix {
           -0.392796,0.000000,-0.919626,0.000000,0.000000,1.000000,0.000000,0.000000,0.919626,-0.000000,-0.392796,0.000000,44.136819,0.000008,0.000000,1.000000;;
          }

          Frame Bip001_R_Hand {
           

           FrameTransformMatrix {
            0.702634,0.558389,-0.441031,0.000000,-0.445704,-0.137773,-0.884515,0.000000,-0.554665,0.818059,0.152072,0.000000,37.683366,-0.000008,-0.000008,1.000000;;
           }

           Frame Bip001_R_Finger0 {
            

            FrameTransformMatrix {
             0.888746,0.388061,0.244007,0.000000,-0.456924,0.707259,0.539449,0.000000,0.036763,-0.590925,0.805888,0.000000,4.289879,5.456852,2.394806,1.000000;;
            }

            Frame Bip001_R_Finger01 {
             

             FrameTransformMatrix {
              0.413762,-0.163088,0.895658,0.000000,-0.165954,0.953828,0.250345,0.000000,-0.895132,-0.252221,0.367592,0.000000,3.875542,-0.000008,-0.000015,1.000000;;
             }

             Frame Bip001_R_Finger02 {
              

              FrameTransformMatrix {
               0.672143,-0.206361,0.711083,0.000000,0.320016,0.947008,-0.027664,0.000000,-0.667693,0.246152,0.702564,0.000000,3.875542,0.000000,0.000004,1.000000;;
              }

              Frame Bip001_R_Finger0Nub {
               

               FrameTransformMatrix {
                -1.000000,0.000000,0.000000,0.000000,-0.000000,1.000000,0.000000,0.000000,-0.000000,-0.000000,-1.000000,0.000000,3.875542,0.000015,-0.000002,1.000000;;
               }
              }
             }
            }
           }

           Frame Bip001_R_Finger1 {
            

            FrameTransformMatrix {
             0.698977,0.000569,0.715144,0.000000,0.000000,1.000000,-0.000796,0.000000,-0.715145,0.000557,0.698976,0.000000,11.734268,5.461197,-0.417755,1.000000;;
            }

            Frame Bip001_R_Finger11 {
             

             FrameTransformMatrix {
              0.368318,0.000000,0.929700,0.000000,-0.000000,1.000000,-0.000000,0.000000,-0.929700,0.000000,0.368318,0.000000,4.650650,0.000000,0.000000,1.000000;;
             }

             Frame Bip001_R_Finger12 {
              

              FrameTransformMatrix {
               0.781203,-0.000000,0.624277,0.000000,0.000000,1.000000,0.000000,0.000000,-0.624277,0.000000,0.781203,0.000000,4.650665,-0.000008,0.000004,1.000000;;
              }

              Frame Bip001_R_Finger1Nub {
               

               FrameTransformMatrix {
                -1.000000,0.000000,0.000000,0.000000,0.000000,1.000000,-0.000000,0.000000,0.000000,-0.000000,-1.000000,0.000000,4.650635,0.000004,0.000008,1.000000;;
               }
              }
             }
            }
           }

           Frame Bip001_R_Finger2 {
            

            FrameTransformMatrix {
             0.712053,-0.024166,0.701710,0.000000,0.054546,0.998291,-0.020970,0.000000,-0.700004,0.053207,0.712154,0.000000,11.686767,1.501320,-0.364792,1.000000;;
            }

            Frame Bip001_R_Finger21 {
             

             FrameTransformMatrix {
              0.368318,0.000000,0.929700,0.000000,-0.000000,1.000000,0.000000,0.000000,-0.929700,-0.000000,0.368318,0.000000,4.698437,0.000008,0.000000,1.000000;;
             }

             Frame Bip001_R_Finger22 {
              

              FrameTransformMatrix {
               0.814166,0.081360,0.574903,0.000000,-0.069947,0.996667,-0.041990,0.000000,-0.576403,-0.006026,0.817143,0.000000,5.425766,-0.000004,-0.000002,1.000000;;
              }

              Frame Bip001_R_Finger2Nub {
               

               FrameTransformMatrix {
                -1.000000,-0.000000,0.000000,0.000000,-0.000000,1.000000,0.000000,0.000000,0.000000,0.000000,-1.000000,0.000000,5.425751,0.000000,0.000008,1.000000;;
               }
              }
             }
            }
           }

           Frame Bip001_R_Finger3 {
            

            FrameTransformMatrix {
             0.616579,-0.019200,0.787059,0.000000,0.084190,0.995578,-0.041667,0.000000,-0.782779,0.091953,0.615469,0.000000,11.686195,-1.606098,-0.362915,1.000000;;
            }

            Frame Bip001_R_Finger31 {
             

             FrameTransformMatrix {
              0.368318,0.000000,0.929700,0.000000,-0.007145,0.999970,0.002831,0.000000,-0.929673,-0.007685,0.368307,0.000000,4.316544,-0.000004,0.000000,1.000000;;
             }

             Frame Bip001_R_Finger32 {
              

              FrameTransformMatrix {
               0.946400,0.000000,0.322996,0.000000,0.000000,1.000000,0.000000,0.000000,-0.322996,-0.000000,0.946400,0.000000,4.650635,0.000000,0.000000,1.000000;;
              }

              Frame Bip001_R_Finger3Nub {
               

               FrameTransformMatrix {
                -1.000000,-0.000000,0.000000,0.000000,0.000000,1.000000,-0.000000,0.000000,0.000000,-0.000000,-1.000000,0.000000,4.650635,-0.000004,0.000008,1.000000;;
               }
              }
             }
            }
           }

           Frame Bip001_R_Finger4 {
            

            FrameTransformMatrix {
             0.732051,-0.089522,0.675343,0.000000,0.087627,0.995467,0.036972,0.000000,-0.675591,0.032113,0.736577,0.000000,10.216782,-4.386822,-0.631805,1.000000;;
            }

            Frame Bip001_R_Finger41 {
             

             FrameTransformMatrix {
              0.673121,-0.046251,0.738084,0.000000,0.052203,0.998524,0.014963,0.000000,-0.737687,0.028458,0.674543,0.000000,3.003712,0.000004,-0.000015,1.000000;;
             }

             Frame Bip001_R_Finger42 {
              

              FrameTransformMatrix {
               0.673083,-0.047532,0.738038,0.000000,0.053024,0.998466,0.015947,0.000000,-0.737664,0.028400,0.674571,0.000000,3.003708,0.000004,0.000000,1.000000;;
              }

              Frame Bip001_R_Finger4Nub {
               

               FrameTransformMatrix {
                -1.000000,0.000000,-0.000000,0.000000,0.000000,1.000000,0.000000,0.000000,-0.000000,0.000000,-1.000000,0.000000,3.003708,0.000004,0.000000,1.000000;;
               }
              }
             }
            }
           }
          }
         }
        }
       }

       Frame Bip001_Head {
        

        FrameTransformMatrix {
         0.998986,-0.029049,0.034400,0.000000,0.034371,0.985542,-0.165907,0.000000,-0.029083,0.166921,0.985541,0.000000,15.765366,-0.911514,-0.005150,1.000000;;
        }

        Frame Bip001_HeadNub {
         

         FrameTransformMatrix {
          1.000000,0.000000,-0.000000,0.000000,0.000000,1.000000,0.000000,0.000000,0.000000,0.000000,1.000000,0.000000,29.144013,-0.000002,0.000000,1.000000;;
         }
        }
       }
      }
     }
    }
   }

   Frame Bip001_L_Thigh {
    

    FrameTransformMatrix {
     -0.818390,0.159903,0.551968,0.000000,-0.121111,-0.986927,0.106340,0.000000,0.561756,0.020178,0.827057,0.000000,-14.590278,12.109006,0.036075,1.000000;;
    }

    Frame Bip001_L_Calf {
     

     FrameTransformMatrix {
      0.295533,-0.000000,-0.955333,0.000000,0.000000,1.000000,-0.000000,0.000000,0.955333,0.000000,0.295532,0.000000,54.040717,-0.000002,-0.000004,1.000000;;
     }

     Frame Bip001_L_Foot {
      

      FrameTransformMatrix {
       0.927935,0.320105,0.190968,0.000000,-0.334912,0.940912,0.050193,0.000000,-0.163618,-0.110533,0.980312,0.000000,58.826874,0.000000,-0.000002,1.000000;;
      }

      Frame Bip001_L_Toe0 {
       

       FrameTransformMatrix {
        -0.385789,0.140416,0.911839,0.000000,0.028334,0.989687,-0.140416,0.000000,-0.922152,-0.028335,-0.385789,0.000000,14.261973,0.000002,18.354526,1.000000;;
       }

       Frame Bip001_L_Toe01 {
        

        FrameTransformMatrix {
         1.000000,-0.000000,0.000000,0.000000,-0.000000,1.000000,-0.000000,0.000000,-0.000000,0.000000,1.000000,0.000000,1.860257,-0.000001,0.000000,1.000000;;
        }

        Frame Bip001_L_Toe02 {
         

         FrameTransformMatrix {
          1.000000,-0.000000,0.000000,0.000000,-0.000000,1.000000,-0.000000,0.000000,-0.000000,0.000000,1.000000,0.000000,1.860257,0.000001,-0.000001,1.000000;;
         }

         Frame Bip001_L_Toe0Nub {
          

          FrameTransformMatrix {
           -1.000000,-0.000000,-0.000000,0.000000,-0.000000,1.000000,0.000000,0.000000,0.000000,0.000000,-1.000000,0.000000,1.860257,0.000001,0.000001,1.000000;;
          }
         }
        }
       }
      }
     }
    }
   }

   Frame Bip001_R_Thigh {
    

    FrameTransformMatrix {
     -0.961151,-0.138429,0.238801,0.000000,0.183795,-0.966431,0.179530,0.000000,0.205932,0.216446,0.954329,0.000000,-13.927826,-12.685553,0.011754,1.000000;;
    }

    Frame Bip001_R_Calf {
     

     FrameTransformMatrix {
      0.631098,0.000000,-0.775703,0.000000,0.000000,1.000000,-0.000000,0.000000,0.775703,0.000000,0.631098,0.000000,53.736064,0.000000,0.000000,1.000000;;
     }

     Frame Bip001_R_Foot {
      

      FrameTransformMatrix {
       0.791319,-0.473682,0.386574,0.000000,0.341000,0.866730,0.364004,0.000000,-0.507477,-0.156222,0.847385,0.000000,59.151968,0.000000,0.000004,1.000000;;
      }

      Frame Bip001_R_Toe0 {
       

       FrameTransformMatrix {
        -0.063874,-0.023247,0.997687,0.000000,-0.000743,0.999730,0.023247,0.000000,-0.997958,0.000743,-0.063874,0.000000,14.261973,-0.000004,18.354528,1.000000;;
       }

       Frame Bip001_R_Toe01 {
        

        FrameTransformMatrix {
         1.000000,0.000000,-0.000000,0.000000,-0.000000,1.000000,0.000000,0.000000,-0.000000,0.000000,1.000000,0.000000,1.860258,0.000000,0.000000,1.000000;;
        }

        Frame Bip001_R_Toe02 {
         

         FrameTransformMatrix {
          1.000000,0.000000,-0.000000,0.000000,-0.000000,1.000000,0.000000,0.000000,-0.000000,0.000000,1.000000,0.000000,1.860258,0.000002,0.000000,1.000000;;
         }

         Frame Bip001_R_Toe0Nub {
          

          FrameTransformMatrix {
           1.000000,0.000000,-0.000000,0.000000,-0.000000,1.000000,0.000000,0.000000,-0.000000,0.000000,1.000000,0.000000,1.860256,-0.000002,0.000000,1.000000;;
          }
         }
        }
       }
      }
     }
    }
   }
  }
 }
}

Frame Box001 {
 

 FrameTransformMatrix {
  0.667112,0.000000,0.000000,0.000000,0.000000,0.696682,0.000000,0.000000,0.000000,0.000000,0.492662,0.000000,0.000000,0.000000,0.000000,1.000000;;
 }

 Mesh Box001 {
  24;
  -56.545030;25.670765;-26.910762;,
  -52.789187;24.708885;-29.702147;,
  -53.592762;24.696558;-25.801690;,
  -55.741459;25.683093;-30.811222;,
  -55.939808;27.489165;-26.670645;,
  -52.183965;26.527286;-29.462032;,
  -55.136237;27.501494;-30.571104;,
  -52.987536;26.514960;-25.561571;,
  -56.545030;25.670765;-26.910762;,
  -55.136237;27.501494;-30.571104;,
  -55.741459;25.683093;-30.811222;,
  -55.939808;27.489165;-26.670645;,
  -55.741459;25.683093;-30.811222;,
  -52.183965;26.527286;-29.462032;,
  -52.789187;24.708885;-29.702147;,
  -55.136237;27.501494;-30.571104;,
  -52.789187;24.708885;-29.702147;,
  -52.987536;26.514960;-25.561571;,
  -53.592762;24.696558;-25.801690;,
  -52.183965;26.527286;-29.462032;,
  -53.592762;24.696558;-25.801690;,
  -55.939808;27.489165;-26.670645;,
  -56.545030;25.670765;-26.910762;,
  -52.987536;26.514960;-25.561571;;
  12;
  3;0,1,2;,
  3;1,0,3;,
  3;4,5,6;,
  3;5,4,7;,
  3;8,9,10;,
  3;9,8,11;,
  3;12,13,14;,
  3;13,12,15;,
  3;16,17,18;,
  3;17,16,19;,
  3;20,21,22;,
  3;21,20,23;;

  MeshMaterialList {
   1;
   12;
   0,
   0,
   0,
   0,
   0,
   0,
   0,
   0,
   0,
   0,
   0,
   0;

   Material  {
    0.529412;0.231373;0.031373;1.000000;;
    0.000000;
    0.000000;0.000000;0.000000;;
    0.000000;0.000000;0.000000;;
   }
  }

  DeclData {
   2;
   2;0;3;0;,
   1;0;5;0;;
   120;
   3197445738,
   3212074344,
   3179353875,
   1065353216,
   1065353216,
   3197445738,
   3212074344,
   3179353875,
   0,
   0,
   3197445738,
   3212074344,
   3179353875,
   1065353216,
   0,
   3197445738,
   3212074344,
   3179353875,
   0,
   1065353216,
   1049962089,
   1064590696,
   1031870228,
   0,
   1065353216,
   1049962089,
   1064590696,
   1031870228,
   1065353216,
   0,
   1049962090,
   1064590696,
   1031870227,
   1065353216,
   1065353216,
   1049962090,
   1064590696,
   1031870227,
   0,
   0,
   3211560281,
   1051344373,
   3191985688,
   0,
   1065353216,
   3211560281,
   1051344373,
   3191985688,
   1065353216,
   0,
   3211560281,
   1051344372,
   3191985687,
   1065353216,
   1065353216,
   3211560281,
   1051344372,
   3191985687,
   0,
   0,
   1052044675,
   1002551932,
   3211754117,
   0,
   1065353216,
   1052044675,
   1002551932,
   3211754117,
   1065353216,
   0,
   1052044675,
   1002551932,
   3211754117,
   1065353216,
   1065353216,
   1052044675,
   1002551932,
   3211754117,
   0,
   0,
   1064076633,
   3198828021,
   1044502038,
   0,
   1065353216,
   1064076633,
   3198828021,
   1044502038,
   1065353216,
   0,
   1064076633,
   3198828021,
   1044502039,
   1065353216,
   1065353216,
   1064076633,
   3198828021,
   1044502039,
   0,
   0,
   3199528322,
   3150035580,
   1064270469,
   0,
   1065353216,
   3199528322,
   3150035580,
   1064270469,
   1065353216,
   0,
   3199528323,
   3150035580,
   1064270469,
   1065353216,
   1065353216,
   3199528323,
   3150035580,
   1064270469,
   0,
   0;
  }

  XSkinMeshHeader {
   1;
   1;
   1;
  }

  SkinWeights {
   "Bip001_L_Toe0Nub";
   24;
   0,
   1,
   2,
   3,
   4,
   5,
   6,
   7,
   8,
   9,
   10,
   11,
   12,
   13,
   14,
   15,
   16,
   17,
   18,
   19,
   20,
   21,
   22,
   23;
   1.000000,
   1.000000,
   1.000000,
   1.000000,
   1.000000,
   1.000000,
   1.000000,
   1.000000,
   1.000000,
   1.000000,
   1.000000,
   1.000000,
   1.000000,
   1.000000,
   1.000000,
   1.000000,
   1.000000,
   1.000000,
   1.000000,
   1.000000,
   1.000000,
   1.000000,
   1.000000,
   1.000000;
   0.561608,-0.359084,0.026337,0.000000,0.070512,0.059634,-0.690534,0.000000,0.261178,0.413056,0.062340,0.000000,5.678322,13.580773,7.464414,1.000000;;
  }
 }
}

AnimTicksPerSecond  {
 4800;
}

AnimationSet Anim1 {
 

 Animation {
  
  { Bip001 }

  AnimationKey S {
   1;
   2;
   0;3;1.000000,1.000000,1.000000;;,
   11680;3;1.000000,1.000000,1.000000;;;
  }

  AnimationKey R {
   0;
   74;
   0;4;-0.172500,-0.026896,0.984516,0.015754;;,
   160;4;-0.166143,-0.033567,0.985428,0.014216;;,
   320;4;-0.166694,-0.039377,0.985132,0.013338;;,
   480;4;-0.172487,-0.046837,0.983807,0.013377;;,
   640;4;-0.186821,-0.050532,0.980967,0.015759;;,
   800;4;-0.205052,-0.055745,0.976993,0.018187;;,
   960;4;-0.236133,-0.059446,0.969718,0.018830;;,
   1120;4;-0.276912,-0.059042,0.958987,0.013355;;,
   1280;4;-0.329875,-0.053962,0.942468,0.005006;;,
   1440;4;-0.379546,-0.051553,0.923723,-0.004830;;,
   1600;4;-0.437721,-0.042747,0.898045,-0.009414;;,
   1760;4;-0.498919,-0.046456,0.865260,-0.015681;;,
   1920;4;-0.556679,-0.046572,0.829084,-0.023653;;,
   2080;4;-0.594111,-0.046375,0.802546,-0.028313;;,
   2240;4;-0.623193,-0.045273,0.780078,-0.032541;;,
   2400;4;-0.631673,-0.048641,0.772832,-0.036792;;,
   2560;4;-0.619796,-0.053044,0.781930,-0.040311;;,
   2720;4;-0.609101,-0.060461,0.789408,-0.046651;;,
   2880;4;-0.614099,-0.070419,0.784145,-0.055149;;,
   3040;4;-0.635207,-0.072573,0.766570,-0.060137;;,
   3200;4;-0.646966,-0.071960,0.756618,-0.061531;;,
   3360;4;-0.652634,-0.072175,0.751620,-0.062670;;,
   3520;4;-0.654173,-0.072228,0.750249,-0.062979;;,
   3680;4;-0.646915,-0.071242,0.756781,-0.060899;;,
   3840;4;-0.630673,-0.066394,0.771295,-0.054289;;,
   4000;4;-0.607091,-0.060052,0.791018,-0.046089;;,
   4160;4;-0.572322,-0.053014,0.817472,-0.037115;;,
   4320;4;-0.524250,-0.041596,0.850118,-0.027034;;,
   4480;4;-0.468943,-0.030136,0.882502,-0.019356;;,
   4640;4;-0.410307,-0.017802,0.911679,-0.013130;;,
   4800;4;-0.361423,-0.007627,0.932315,-0.010184;;,
   4960;4;-0.332065,-0.002544,0.943172,-0.012389;;,
   5120;4;-0.324710,-0.000710,0.945625,-0.018878;;,
   5280;4;-0.309255,-0.005388,0.950809,-0.017184;;,
   5440;4;-0.267882,-0.016130,0.963271,-0.009409;;,
   5600;4;-0.216888,-0.024774,0.975872,-0.004480;;,
   5760;4;-0.188171,-0.033287,0.981572,0.000842;;,
   5920;4;-0.171957,-0.037911,0.984335,0.008837;;,
   6080;4;-0.145073,-0.042180,0.988372,0.017166;;,
   6240;4;-0.134544,-0.044431,0.989518,0.027890;;,
   6400;4;-0.149701,-0.049055,0.986856,0.036031;;,
   6560;4;-0.180235,-0.050676,0.981507,0.039886;;,
   6720;4;-0.205251,-0.051403,0.976512,0.040668;;,
   6880;4;-0.242389,-0.050998,0.967805,0.044726;;,
   7040;4;-0.268359,-0.049402,0.960696,0.051044;;,
   7200;4;-0.295788,-0.039456,0.952816,0.055626;;,
   7360;4;-0.328214,-0.030379,0.942385,0.057121;;,
   7520;4;-0.359262,-0.019264,0.931479,0.053921;;,
   7680;4;-0.385578,-0.009593,0.921474,0.046082;;,
   7840;4;-0.408235,-0.002779,0.912040,0.038997;;,
   8000;4;-0.430142,0.001478,0.902166,0.032744;;,
   8160;4;-0.448938,0.005819,0.893197,0.024918;;,
   8320;4;-0.466390,0.003395,0.884388,0.018052;;,
   8480;4;-0.488409,-0.001273,0.872528,0.012268;;,
   8640;4;-0.513590,-0.009512,0.857963,0.005954;;,
   8800;4;-0.537791,-0.019900,0.842805,0.008034;;,
   8960;4;-0.559901,-0.027996,0.827962,0.014338;;,
   9120;4;-0.582168,-0.028566,0.812486,0.011447;;,
   9280;4;-0.598385,-0.025332,0.800794,0.004878;;,
   9440;4;-0.611884,-0.024331,0.790571,0.001961;;,
   9600;4;-0.621205,-0.021225,0.783358,-0.001895;;,
   9760;4;-0.628891,-0.021485,0.777179,-0.005213;;,
   9920;4;-0.626389,-0.018831,0.779257,-0.006396;;,
   10080;4;-0.615906,-0.020476,0.787519,-0.007359;;,
   10240;4;-0.599387,-0.017546,0.800247,-0.005729;;,
   10400;4;-0.578647,-0.014008,0.815447,-0.004216;;,
   10560;4;-0.551984,-0.010841,0.833772,-0.004426;;,
   10720;4;-0.519492,-0.007974,0.854424,-0.004848;;,
   10880;4;-0.488252,-0.005890,0.872676,-0.003295;;,
   11040;4;-0.461290,-0.008789,0.887204,-0.001977;;,
   11200;4;-0.430833,-0.013036,0.902336,0.001779;;,
   11360;4;-0.394741,-0.017041,0.918571,0.010813;;,
   11520;4;-0.362471,-0.025047,0.931495,0.017461;;,
   11680;4;-0.334174,-0.035972,0.941363,0.029480;;;
  }

  AnimationKey T {
   2;
   74;
   0;3;-5.827972,115.975603,15.387920;;,
   160;3;-4.709221,116.451814,15.173634;;,
   320;3;-3.685737,117.078106,14.566832;;,
   480;3;-2.675168,117.827878,13.794400;;,
   640;3;-1.789821,118.531878,12.696606;;,
   800;3;-1.210163,118.929920,11.739178;;,
   960;3;-1.003598,118.747149,10.853695;;,
   1120;3;-1.196251,118.151488,9.633874;;,
   1280;3;-1.513944,117.252109,7.965145;;,
   1440;3;-2.064924,115.924416,6.061584;;,
   1600;3;-2.749387,114.818048,3.415550;;,
   1760;3;-3.146052,114.036326,0.691205;;,
   1920;3;-3.400049,113.921114,-1.823729;;,
   2080;3;-3.488979,114.683085,-4.001330;;,
   2240;3;-3.456507,115.571238,-5.513648;;,
   2400;3;-3.304168,116.276915,-6.419034;;,
   2560;3;-3.092289,116.896448,-7.204677;;,
   2720;3;-3.265209,117.435366,-7.875088;;,
   2880;3;-3.738694,117.860326,-8.848854;;,
   3040;3;-4.590968,118.214899,-9.898243;;,
   3200;3;-5.595270,118.471859,-10.874738;;,
   3360;3;-6.392158,118.416870,-11.591146;;,
   3520;3;-6.925730,118.157786,-11.994206;;,
   3680;3;-7.253496,117.732339,-12.270454;;,
   3840;3;-7.376417,116.931571,-12.398876;;,
   4000;3;-7.500416,116.454374,-12.510690;;,
   4160;3;-7.428226,116.321510,-12.624544;;,
   4320;3;-7.172862,116.753485,-12.617428;;,
   4480;3;-6.555715,117.488819,-12.273026;;,
   4640;3;-5.672214,118.247206,-11.400966;;,
   4800;3;-4.387345,118.937382,-9.903528;;,
   4960;3;-2.956687,119.563597,-8.242586;;,
   5120;3;-1.388448,119.660672,-6.494722;;,
   5280;3;0.116765,119.591654,-5.147482;;,
   5440;3;1.342292,119.408000,-4.148041;;,
   5600;3;2.251961,119.189261,-2.907380;;,
   5760;3;3.239689,118.866291,-1.234098;;,
   5920;3;4.018570,118.633754,0.713024;;,
   6080;3;4.439586,118.356531,3.112012;;,
   6240;3;4.593162,118.205606,5.805904;;,
   6400;3;4.717567,118.354445,8.914538;;,
   6560;3;4.742084,118.757427,12.231581;;,
   6720;3;4.617988,119.282138,15.557550;;,
   6880;3;4.831512,119.845146,18.221202;;,
   7040;3;5.130269,120.641613,20.968970;;,
   7200;3;5.197127,121.570035,23.627563;;,
   7360;3;5.274526,122.284083,26.184048;;,
   7520;3;5.135714,122.868250,28.519328;;,
   7680;3;5.118044,123.371699,30.819149;;,
   7840;3;5.325861,123.852429,32.936192;;,
   8000;3;5.841087,123.829338,35.034410;;,
   8160;3;6.537905,123.688179,37.008714;;,
   8320;3;7.608551,122.883418,39.161862;;,
   8480;3;9.090908,121.188954,41.487888;;,
   8640;3;10.810550,119.083213,43.952672;;,
   8800;3;12.374994,117.157299,46.276147;;,
   8960;3;13.177318,115.702643,48.553859;;,
   9120;3;13.507509,115.086938,50.176586;;,
   9280;3;13.310465,115.000102,51.202861;;,
   9440;3;12.850573,115.296896,51.612624;;,
   9600;3;11.856461,115.812902,51.595283;;,
   9760;3;10.905086,116.446234,51.295776;;,
   9920;3;9.566634,117.035776,50.741821;;,
   10080;3;8.164331,117.357146,50.064976;;,
   10240;3;6.332966,117.476979,48.980403;;,
   10400;3;4.366928,117.158963,47.693299;;,
   10560;3;2.166319,116.664346,46.206458;;,
   10720;3;-0.186624,115.995699,44.639069;;,
   10880;3;-2.489533,115.435123,43.090490;;,
   11040;3;-4.489344,114.926720,41.761331;;,
   11200;3;-5.884460,114.874304,40.303645;;,
   11360;3;-6.749835,114.973107,38.542634;;,
   11520;3;-7.312896,115.707354,36.740365;;,
   11680;3;-7.587685,116.593165,34.527542;;;
  }
 }

 Animation {
  
  { Bip001_Pelvis }

  AnimationKey S {
   1;
   2;
   0;3;1.000000,1.000000,1.000000;;,
   11680;3;1.000000,1.000000,1.000000;;;
  }

  AnimationKey R {
   0;
   2;
   0;4;-0.498374,0.501621,0.498373,0.501622;;,
   11680;4;-0.498374,0.501621,0.498373,0.501622;;;
  }

  AnimationKey T {
   2;
   2;
   0;3;0.000000,0.000000,0.000000;;,
   11680;3;0.000000,0.000000,0.000000;;;
  }
 }

 Animation {
  
  { Bip001_Spine }

  AnimationKey S {
   1;
   2;
   0;3;1.000000,1.000000,1.000000;;,
   11680;3;1.000000,1.000000,1.000000;;;
  }

  AnimationKey R {
   0;
   74;
   0;4;0.999911,0.000484,0.000392,0.013355;;,
   160;4;0.999851,0.000867,0.000383,0.017248;;,
   320;4;0.999785,0.001288,0.000372,0.020718;;,
   480;4;0.999733,0.001745,0.000358,0.023019;;,
   640;4;0.999675,0.002086,0.000345,0.025415;;,
   800;4;0.999690,0.002211,0.000343,0.024817;;,
   960;4;0.999733,0.002125,0.000349,0.023010;;,
   1120;4;0.999771,0.001930,0.000357,0.021292;;,
   1280;4;0.999821,0.001549,0.000369,0.018842;;,
   1440;4;0.999910,0.001007,0.000385,0.013341;;,
   1600;4;0.999935,0.000699,0.000390,0.011408;;,
   1760;4;0.999922,0.000891,0.000387,0.012456;;,
   1920;4;0.999935,0.000849,0.000388,0.011382;;,
   2080;4;0.999917,0.001049,0.000385,0.012869;;,
   2240;4;0.999921,0.001043,0.000385,0.012547;;,
   2400;4;0.999872,0.001556,0.000373,0.015909;;,
   2560;4;0.999760,0.002488,0.000344,0.021759;;,
   2720;4;0.999723,0.003099,0.000326,0.023323;;,
   2880;4;0.999603,0.004456,0.000274,0.027823;;,
   3040;4;0.999547,0.005055,0.000248,0.029673;;,
   3200;4;0.999675,0.004208,0.000292,0.025139;;,
   3360;4;0.999861,0.002565,0.000356,0.016460;;,
   3520;4;0.999986,0.000411,0.000396,0.005360;;,
   3680;4;0.999987,-0.001547,0.000391,-0.004873;;,
   3840;4;0.999924,-0.002654,0.000366,-0.012017;;,
   4000;4;0.999766,-0.003756,0.000318,-0.021291;;,
   4160;4;0.999451,-0.004704,0.000244,-0.032791;;,
   4320;4;0.999351,-0.003900,0.000259,-0.035815;;,
   4480;4;0.999575,-0.002323,0.000331,-0.029074;;,
   4640;4;0.999829,-0.000948,0.000381,-0.018446;;,
   4800;4;0.999942,-0.000308,0.000395,-0.010741;;,
   4960;4;0.999961,-0.000163,0.000397,-0.008852;;,
   5120;4;0.999964,-0.000165,0.000397,-0.008443;;,
   5280;4;0.999986,-0.000183,0.000397,-0.005287;;,
   5440;4;1.000000,-0.000126,0.000398,-0.000178;;,
   5600;4;0.999992,0.000040,0.000398,0.004053;;,
   5760;4;0.999968,0.000313,0.000396,0.008028;;,
   5920;4;0.999943,0.000535,0.000392,0.010675;;,
   6080;4;0.999934,0.000651,0.000391,0.011493;;,
   6240;4;0.999917,0.000779,0.000388,0.012843;;,
   6400;4;0.999897,0.000962,0.000384,0.014310;;,
   6560;4;0.999829,0.001309,0.000374,0.018444;;,
   6720;4;0.999765,0.001558,0.000364,0.021636;;,
   6880;4;0.999710,0.001622,0.000359,0.024018;;,
   7040;4;0.999747,0.001317,0.000369,0.022467;;,
   7200;4;0.999834,0.000644,0.000386,0.018209;;,
   7360;4;0.999924,0.000184,0.000396,0.012327;;,
   7520;4;0.999921,-0.000024,0.000398,0.012577;;,
   7680;4;0.999893,-0.000200,0.000401,0.014624;;,
   7840;4;0.999815,-0.000424,0.000406,0.019245;;,
   8000;4;0.999724,-0.000618,0.000413,0.023477;;,
   8160;4;0.999617,-0.000791,0.000420,0.027649;;,
   8320;4;0.999543,-0.000606,0.000417,0.030208;;,
   8480;4;0.999506,-0.000265,0.000407,0.031427;;,
   8640;4;0.999498,0.000301,0.000389,0.031683;;,
   8800;4;0.999516,0.000704,0.000376,0.031096;;,
   8960;4;0.999684,0.000672,0.000381,0.025123;;,
   9120;4;0.999857,0.000458,0.000390,0.016919;;,
   9280;4;0.999901,0.000380,0.000393,0.014066;;,
   9440;4;0.999855,0.000503,0.000390,0.017045;;,
   9600;4;0.999795,0.000611,0.000386,0.020230;;,
   9760;4;0.999676,0.000895,0.000375,0.025445;;,
   9920;4;0.999625,0.000910,0.000373,0.027376;;,
   10080;4;0.999488,0.001198,0.000360,0.031975;;,
   10240;4;0.999390,0.001118,0.000359,0.034912;;,
   10400;4;0.999232,0.001009,0.000359,0.039181;;,
   10560;4;0.999082,0.000922,0.000359,0.042819;;,
   10720;4;0.998894,0.000832,0.000359,0.047015;;,
   10880;4;0.999017,0.000569,0.000373,0.044332;;,
   11040;4;0.999524,0.000491,0.000383,0.030850;;,
   11200;4;0.999735,0.000442,0.000388,0.023032;;,
   11360;4;0.999788,0.000401,0.000390,0.020599;;,
   11520;4;0.999896,0.000384,0.000393,0.014423;;,
   11680;4;0.999960,0.000277,0.000396,0.008964;;;
  }

  AnimationKey T {
   2;
   8;
   0;3;14.261666,-0.092656,-0.012835;;,
   2880;3;14.261680,-0.092666,-0.012836;;,
   3040;3;14.261666,-0.092779,-0.012829;;,
   3520;3;14.261680,-0.092756,-0.012835;;,
   3680;3;14.261696,-0.092609,-0.012836;;,
   6560;3;14.261674,-0.092580,-0.012831;;,
   6720;3;14.261680,-0.092684,-0.012838;;,
   11680;3;14.261688,-0.092686,-0.012835;;;
  }
 }

 Animation {
  
  { Bip001_Spine1 }

  AnimationKey S {
   1;
   2;
   0;3;1.000000,1.000000,1.000000;;,
   11680;3;1.000000,1.000000,1.000000;;;
  }

  AnimationKey R {
   0;
   2;
   0;4;1.000000,0.000000,-0.000000,0.000000;;,
   11680;4;1.000000,0.000000,-0.000000,-0.000000;;;
  }

  AnimationKey T {
   2;
   2;
   0;3;16.122238,-0.000002,-0.012840;;,
   11680;3;16.122222,0.000000,-0.012838;;;
  }
 }

 Animation {
  
  { Bip001_Spine2 }

  AnimationKey S {
   1;
   2;
   0;3;1.000000,1.000000,1.000000;;,
   11680;3;1.000000,1.000000,1.000000;;;
  }

  AnimationKey R {
   0;
   2;
   0;4;1.000000,0.000000,-0.000000,0.000000;;,
   11680;4;1.000000,0.000000,-0.000000,0.000000;;;
  }

  AnimationKey T {
   2;
   2;
   0;3;16.122208,0.000000,-0.012836;;,
   11680;3;16.122208,0.000001,-0.012836;;;
  }
 }

 Animation {
  
  { Bip001_Spine3 }

  AnimationKey S {
   1;
   2;
   0;3;1.000000,1.000000,1.000000;;,
   11680;3;1.000000,1.000000,1.000000;;;
  }

  AnimationKey R {
   0;
   2;
   0;4;1.000000,0.000000,-0.000000,0.000000;;,
   11680;4;1.000000,0.000000,-0.000000,0.000000;;;
  }

  AnimationKey T {
   2;
   2;
   0;3;16.122208,-0.000001,-0.012838;;,
   11680;3;16.122208,-0.000004,-0.012838;;;
  }
 }

 Animation {
  
  { Bip001_Neck }

  AnimationKey S {
   1;
   2;
   0;3;1.000000,1.000000,1.000000;;,
   11680;3;1.000000,1.000000,1.000000;;;
  }

  AnimationKey R {
   0;
   74;
   0;4;0.975382,0.063593,0.209030,0.029881;;,
   160;4;0.976044,0.070028,0.204847,0.021737;;,
   320;4;0.976639,0.074194,0.201463,0.009135;;,
   480;4;0.976271,0.076388,0.202550,0.005759;;,
   640;4;0.976338,0.079003,0.201271,-0.003531;;,
   800;4;0.976356,0.083265,0.198808,-0.016488;;,
   960;4;0.977076,0.091959,0.190701,-0.022348;;,
   1120;4;0.978102,0.094647,0.182728,-0.031115;;,
   1280;4;0.979339,0.090148,0.178626,-0.029354;;,
   1440;4;0.981470,0.081631,0.171688,-0.024001;;,
   1600;4;0.981883,0.068474,0.175380,-0.021405;;,
   1760;4;0.981675,0.055022,0.181892,-0.014196;;,
   1920;4;0.983113,0.029083,0.180178,0.013403;;,
   2080;4;0.982799,-0.010220,0.171406,0.067986;;,
   2240;4;0.980463,-0.037646,0.164113,0.101701;;,
   2400;4;0.978278,-0.047613,0.167479,0.112496;;,
   2560;4;0.978171,-0.050441,0.169290,0.109442;;,
   2720;4;0.978858,-0.052456,0.171979,0.097509;;,
   2880;4;0.979053,-0.059156,0.172253,0.091025;;,
   3040;4;0.979118,-0.068081,0.163770,0.099360;;,
   3200;4;0.976507,-0.078487,0.163754,0.116011;;,
   3360;4;0.974011,-0.091805,0.158066,0.133749;;,
   3520;4;0.969921,-0.103260,0.156354,0.155384;;,
   3680;4;0.967304,-0.112612,0.151592,0.169296;;,
