xof 0303txt 0032
template Frame {
 <3d82ab46-62da-11cf-ab39-0020af71e433>
 [...]
}

template Matrix4x4 {
 <f6f23f45-7686-11cf-8f52-0040333594a3>
 array FLOAT matrix[16];
}

template FrameTransformMatrix {
 <f6f23f41-7686-11cf-8f52-0040333594a3>
 Matrix4x4 frameMatrix;
}

template Vector {
 <3d82ab5e-62da-11cf-ab39-0020af71e433>
 FLOAT x;
 FLOAT y;
 FLOAT z;
}

template MeshFace {
 <3d82ab5f-62da-11cf-ab39-0020af71e433>
 DWORD nFaceVertexIndices;
 array DWORD faceVertexIndices[nFaceVertexIndices];
}

template Mesh {
 <3d82ab44-62da-11cf-ab39-0020af71e433>
 DWORD nVertices;
 array Vector vertices[nVertices];
 DWORD nFaces;
 array MeshFace faces[nFaces];
 [...]
}

template VertexElement {
 <f752461c-1e23-48f6-b9f8-8350850f336f>
 DWORD Type;
 DWORD Method;
 DWORD Usage;
 DWORD UsageIndex;
}

template DeclData {
 <bf22e553-292c-4781-9fea-62bd554bdd93>
 DWORD nElements;
 array VertexElement Elements[nElements];
 DWORD nDWords;
 array DWORD data[nDWords];
}

template XSkinMeshHeader {
 <3cf169ce-ff7c-44ab-93c0-f78f62d172e2>
 WORD nMaxSkinWeightsPerVertex;
 WORD nMaxSkinWeightsPerFace;
 WORD nBones;
}

template SkinWeights {
 <6f0d123b-bad2-4167-a0d0-80224f25fabb>
 STRING transformNodeName;
 DWORD nWeights;
 array DWORD vertexIndices[nWeights];
 array FLOAT weights[nWeights];
 Matrix4x4 matrixOffset;
}

template AnimTicksPerSecond {
 <9e415a43-7ba6-4a73-8743-b73d47e88476>
 DWORD AnimTicksPerSecond;
}

template Animation {
 <3d82ab4f-62da-11cf-ab39-0020af71e433>
 [...]
}

template AnimationSet {
 <3d82ab50-62da-11cf-ab39-0020af71e433>
 [Animation <3d82ab4f-62da-11cf-ab39-0020af71e433>]
}

template FloatKeys {
 <10dd46a9-775b-11cf-8f52-0040333594a3>
 DWORD nValues;
 array FLOAT values[nValues];
}

template TimedFloatKeys {
 <f406b180-7b3b-11cf-8f52-0040333594a3>
 DWORD time;
 FloatKeys tfkeys;
}

template AnimationKey {
 <10dd46a8-775b-11cf-8f52-0040333594a3>
 DWORD keyType;
 DWORD nKeys;
 array TimedFloatKeys keys[nKeys];
}


Frame Bip001 {
 

 FrameTransformMatrix {
  -0.568829,-0.072442,-0.819259,0.000000,-0.076719,0.996444,-0.034842,0.000000,0.818870,0.043034,-0.572364,0.000000,0.000000,119.175155,0.000000,1.000000;;
 }

 Frame Bip001_Pelvis {
  

  FrameTransformMatrix {
   0.000000,0.999687,-0.025021,0.000000,-0.000001,0.025021,0.999687,0.000000,1.000000,0.000000,0.000001,0.000000,0.000000,0.000000,0.000000,1.000000;;
  }

  Frame Bip001_Spine {
   

   FrameTransformMatrix {
    1.000000,0.000003,0.000796,0.000000,-0.000001,0.999998,-0.001815,0.000000,-0.000796,0.001815,0.999998,0.000000,14.257507,0.356829,-0.012833,1.000000;;
   }

   Frame Bip001_Spine1 {
    

    FrameTransformMatrix {
     1.000000,0.000000,0.000000,0.000000,0.000000,1.000000,-0.000000,0.000000,0.000000,0.000000,1.000000,0.000000,16.122222,0.000001,-0.012837,1.000000;;
    }

    Frame Bip001_Spine2 {
     

     FrameTransformMatrix {
      1.000000,0.000000,0.000000,0.000000,0.000000,1.000000,-0.000000,0.000000,0.000000,0.000000,1.000000,0.000000,16.122208,0.000000,-0.012837,1.000000;;
     }

     Frame Bip001_Spine3 {
      

      FrameTransformMatrix {
       1.000000,0.000000,0.000000,0.000000,0.000000,1.000000,-0.000000,0.000000,0.000000,0.000000,1.000000,0.000000,16.122238,-0.000001,-0.012839,1.000000;;
      }

      Frame Bip001_Neck {
       

       FrameTransformMatrix {
        0.932183,-0.108713,0.345276,0.000000,0.095149,0.993884,0.056049,0.000000,-0.349258,-0.019395,0.936826,0.000000,16.124786,0.000145,-0.006939,1.000000;;
       }

       Frame Bip001_L_Clavicle {
        

        FrameTransformMatrix {
         -0.486743,0.873268,-0.022017,0.000000,0.810535,0.442091,-0.384174,0.000000,-0.325753,-0.204839,-0.922998,0.000000,-0.471878,4.314049,-0.076790,1.000000;;
        }

        Frame Bip001_L_UpperArm {
         

         FrameTransformMatrix {
          0.744450,-0.551683,-0.376086,0.000000,0.560412,0.822490,-0.097198,0.000000,0.362950,-0.138404,0.921472,0.000000,16.122222,-0.000015,0.000000,1.000000;;
         }

         Frame Bip001_L_Forearm {
          

          FrameTransformMatrix {
           -0.145110,-0.000000,-0.989416,0.000000,0.000000,1.000000,-0.000000,0.000000,0.989416,-0.000000,-0.145110,0.000000,44.136819,-0.000015,0.000000,1.000000;;
          }

          Frame Bip001_L_Hand {
           

           FrameTransformMatrix {
            0.852548,-0.506339,-0.129550,0.000000,0.175645,0.044117,0.983465,0.000000,-0.492251,-0.861205,0.126548,0.000000,37.683376,0.000031,-0.000008,1.000000;;
           }

           Frame Bip001_L_Finger0 {
            

            FrameTransformMatrix {
             0.857716,-0.473979,0.199168,0.000000,0.441042,0.479254,-0.758813,0.000000,0.264210,0.738687,0.620108,0.000000,4.289877,-5.456856,2.394806,1.000000;;
            }

            Frame Bip001_L_Finger01 {
             

             FrameTransformMatrix {
              0.129463,0.349730,0.927862,0.000000,0.013623,0.935022,-0.354329,0.000000,-0.991491,0.058513,0.116286,0.000000,3.875540,0.000000,0.000000,1.000000;;
             }

             Frame Bip001_L_Finger02 {
              

              FrameTransformMatrix {
               0.910317,0.349730,0.221387,0.000000,-0.324402,0.935021,-0.143171,0.000000,-0.257073,0.058513,0.964619,0.000000,3.875534,0.000000,0.000004,1.000000;;
              }

              Frame Bip001_L_Finger0Nub {
               

               FrameTransformMatrix {
                1.000000,0.000000,-0.000000,0.000000,0.000000,1.000000,-0.000000,0.000000,-0.000000,0.000000,1.000000,0.000000,3.875538,-0.000015,0.000000,1.000000;;
               }
              }
             }
            }
           }

           Frame Bip001_L_Finger1 {
            

            FrameTransformMatrix {
             0.866798,-0.000397,0.498659,0.000000,-0.000000,1.000000,0.000796,0.000000,-0.498659,-0.000690,0.866798,0.000000,11.734268,-5.461182,-0.417755,1.000000;;
            }

            Frame Bip001_L_Finger11 {
             

             FrameTransformMatrix {
              0.401645,-0.001723,0.915794,0.000000,0.044314,0.998863,-0.017556,0.000000,-0.914723,0.047634,0.401265,0.000000,4.650631,0.000000,-0.000015,1.000000;;
             }

             Frame Bip001_L_Finger12 {
              

              FrameTransformMatrix {
               0.731034,0.032524,0.681565,0.000000,-0.000000,0.998863,-0.047665,0.000000,-0.682341,0.034845,0.730203,0.000000,4.650650,0.000000,0.000000,1.000000;;
              }

              Frame Bip001_L_Finger1Nub {
               

               FrameTransformMatrix {
                1.000000,0.000000,-0.000000,0.000000,0.000000,1.000000,0.000000,0.000000,0.000000,0.000000,1.000000,0.000000,4.650635,0.000008,0.000000,1.000000;;
               }
              }
             }
            }
           }

           Frame Bip001_L_Finger2 {
            

            FrameTransformMatrix {
             0.863902,0.036651,0.502325,0.000000,-0.054546,0.998291,0.020970,0.000000,-0.500698,-0.045516,0.864424,0.000000,11.686762,-1.501312,-0.364777,1.000000;;
            }

            Frame Bip001_L_Finger21 {
             

             FrameTransformMatrix {
              -0.025200,0.000000,0.999682,0.000000,0.000000,1.000000,-0.000000,0.000000,-0.999682,0.000000,-0.025200,0.000000,4.698433,0.000000,0.000000,1.000000;;
             }

             Frame Bip001_L_Finger22 {
              

              FrameTransformMatrix {
               0.960193,-0.000000,0.279338,0.000000,-0.000000,1.000000,-0.000000,0.000000,-0.279338,0.000000,0.960193,0.000000,5.425766,-0.000008,-0.000004,1.000000;;
              }

              Frame Bip001_L_Finger2Nub {
               

               FrameTransformMatrix {
                1.000000,0.000000,-0.000000,0.000000,0.000000,1.000000,0.000000,0.000000,0.000000,0.000000,1.000000,0.000000,5.425743,-0.000015,0.000000,1.000000;;
               }
              }
             }
            }
           }

           Frame Bip001_L_Finger3 {
            

            FrameTransformMatrix {
             0.852566,0.050325,0.520190,0.000000,-0.084190,0.995578,0.041667,0.000000,-0.515793,-0.079319,0.853033,0.000000,11.686195,1.606094,-0.362915,1.000000;;
            }

            Frame Bip001_L_Finger31 {
             

             FrameTransformMatrix {
              0.104638,-0.000000,0.994510,0.000000,-0.000000,1.000000,0.000000,0.000000,-0.994510,-0.000000,0.104638,0.000000,4.316544,0.000000,0.000000,1.000000;;
             }

             Frame Bip001_L_Finger32 {
              

              FrameTransformMatrix {
               0.963137,0.000000,0.269013,0.000000,0.000000,1.000000,-0.000000,0.000000,-0.269013,0.000000,0.963136,0.000000,4.650635,0.000000,0.000000,1.000000;;
              }

              Frame Bip001_L_Finger3Nub {
               

               FrameTransformMatrix {
                1.000000,0.000000,0.000000,0.000000,0.000000,1.000000,0.000000,0.000000,-0.000000,0.000000,1.000000,0.000000,4.650635,0.000008,0.000000,1.000000;;
               }
              }
             }
            }
           }

           Frame Bip001_L_Finger4 {
            

            FrameTransformMatrix {
             0.863685,0.034854,0.502825,0.000000,-0.043233,0.999052,0.005008,0.000000,-0.502174,-0.026064,0.864374,0.000000,10.216782,4.386841,-0.631805,1.000000;;
            }

            Frame Bip001_L_Finger41 {
             

             FrameTransformMatrix {
              0.817759,0.000000,0.575562,0.000000,0.000000,1.000000,0.000000,0.000000,-0.575562,-0.000000,0.817759,0.000000,3.003708,0.000000,-0.000015,1.000000;;
             }

             Frame Bip001_L_Finger42 {
              

              FrameTransformMatrix {
               0.817758,0.000000,0.575562,0.000000,-0.000000,1.000000,0.000000,0.000000,-0.575562,0.000000,0.817759,0.000000,3.003708,0.000004,0.000000,1.000000;;
              }

              Frame Bip001_L_Finger4Nub {
               

               FrameTransformMatrix {
                1.000000,-0.000000,-0.000000,0.000000,0.000000,1.000000,-0.000000,0.000000,0.000000,0.000000,1.000000,0.000000,3.003723,0.000008,0.000002,1.000000;;
               }
              }
             }
            }
           }
          }
         }
        }
       }

       Frame Bip001_R_Clavicle {
        

        FrameTransformMatrix {
         -0.187059,-0.977356,0.098914,0.000000,-0.918282,0.209739,0.335810,0.000000,-0.348952,-0.028015,-0.936722,0.000000,0.471909,-4.314051,0.091599,1.000000;;
        }

        Frame Bip001_R_UpperArm {
         

         FrameTransformMatrix {
          0.677188,0.733534,-0.057831,0.000000,-0.735310,0.677533,-0.016423,0.000000,0.027136,0.053645,0.998191,0.000000,16.122230,0.000015,0.000002,1.000000;;
         }

         Frame Bip001_R_Forearm {
          

          FrameTransformMatrix {
           -0.304426,0.000000,-0.952536,0.000000,0.000000,1.000000,0.000000,0.000000,0.952536,0.000000,-0.304426,0.000000,44.136803,0.000000,-0.000001,1.000000;;
          }

          Frame Bip001_R_Hand {
           

           FrameTransformMatrix {
            0.835127,0.430917,-0.341868,0.000000,-0.365737,-0.029214,-0.930260,0.000000,-0.410852,0.901918,0.133205,0.000000,37.683366,0.000000,0.000015,1.000000;;
           }

           Frame Bip001_R_Finger0 {
            

            FrameTransformMatrix {
             0.785036,0.587616,0.196027,0.000000,-0.512024,0.437437,0.739243,0.000000,0.348642,-0.680703,0.644277,0.000000,4.289879,5.456864,2.394806,1.000000;;
            }

            Frame Bip001_R_Finger01 {
             

             FrameTransformMatrix {
              0.175304,-0.320084,0.931029,0.000000,0.059228,0.947389,0.314556,0.000000,-0.982731,-0.000000,0.185038,0.000000,3.875534,0.000015,0.000000,1.000000;;
             }

             Frame Bip001_R_Finger02 {
              

              FrameTransformMatrix {
               0.731446,0.018494,0.681648,0.000000,-0.025275,0.999681,-0.000000,0.000000,-0.681431,-0.017229,0.731680,0.000000,3.875526,0.000000,-0.000015,1.000000;;
              }

              Frame Bip001_R_Finger0Nub {
               

               FrameTransformMatrix {
                -1.000000,0.000000,-0.000000,0.000000,0.000000,1.000000,-0.000000,0.000000,0.000000,0.000000,-1.000000,0.000000,3.875549,0.000000,0.000004,1.000000;;
               }
              }
             }
            }
           }

           Frame Bip001_R_Finger1 {
            

            FrameTransformMatrix {
             0.914395,0.000322,0.404822,0.000000,0.000000,1.000000,-0.000796,0.000000,-0.404822,0.000728,0.914395,0.000000,11.734276,5.461204,-0.417755,1.000000;;
            }

            Frame Bip001_R_Finger11 {
             

             FrameTransformMatrix {
              0.277767,0.000000,0.960649,0.000000,0.000000,1.000000,0.000000,0.000000,-0.960649,-0.000000,0.277767,0.000000,4.650644,0.000008,0.000000,1.000000;;
             }

             Frame Bip001_R_Finger12 {
              

              FrameTransformMatrix {
               0.945962,-0.000000,0.324279,0.000000,-0.000000,1.000000,0.000000,0.000000,-0.324279,0.000000,0.945961,0.000000,4.650650,-0.000015,0.000008,1.000000;;
              }

              Frame Bip001_R_Finger1Nub {
               

               FrameTransformMatrix {
                -1.000000,0.000000,-0.000000,0.000000,0.000000,1.000000,0.000000,0.000000,-0.000000,-0.000000,-1.000000,0.000000,4.650635,0.000000,0.000000,1.000000;;
               }
              }
             }
            }
           }

           Frame Bip001_R_Finger2 {
            

            FrameTransformMatrix {
             0.882190,-0.038344,0.469331,0.000000,0.054546,0.998291,-0.020970,0.000000,-0.467724,0.044099,0.882773,0.000000,11.686760,1.501328,-0.364777,1.000000;;
            }

            Frame Bip001_R_Finger21 {
             

             FrameTransformMatrix {
              0.368317,0.000000,0.929700,0.000000,-0.000000,1.000000,0.000000,0.000000,-0.929700,0.000000,0.368317,0.000000,4.698437,0.000000,0.000000,1.000000;;
             }

             Frame Bip001_R_Finger22 {
              

              FrameTransformMatrix {
               0.779929,-0.000000,0.625868,0.000000,0.000000,1.000000,0.000000,0.000000,-0.625868,0.000000,0.779929,0.000000,5.425751,-0.000015,0.000004,1.000000;;
              }

              Frame Bip001_R_Finger2Nub {
               

               FrameTransformMatrix {
                -1.000000,-0.000000,0.000000,0.000000,-0.000000,1.000000,0.000000,0.000000,-0.000000,0.000000,-1.000000,0.000000,5.425751,0.000008,-0.000004,1.000000;;
               }
              }
             }
            }
           }

           Frame Bip001_R_Finger3 {
            

            FrameTransformMatrix {
             0.670129,-0.025623,0.741802,0.000000,0.084190,0.995578,-0.041667,0.000000,-0.737454,0.090375,0.669323,0.000000,11.686195,-1.606094,-0.362915,1.000000;;
            }

            Frame Bip001_R_Finger31 {
             

             FrameTransformMatrix {
              0.641458,0.000000,0.767158,0.000000,-0.000000,1.000000,-0.000000,0.000000,-0.767158,0.000000,0.641458,0.000000,4.316544,0.000008,0.000000,1.000000;;
             }

             Frame Bip001_R_Finger32 {
              

              FrameTransformMatrix {
               0.592255,0.000000,0.805751,0.000000,0.000000,1.000000,-0.000000,0.000000,-0.805751,0.000000,0.592255,0.000000,4.650635,0.000000,-0.000004,1.000000;;
              }

              Frame Bip001_R_Finger3Nub {
               

               FrameTransformMatrix {
                -1.000000,0.000000,-0.000000,0.000000,0.000000,1.000000,0.000000,0.000000,0.000000,0.000000,-1.000000,0.000000,4.650642,0.000000,0.000000,1.000000;;
               }
              }
             }
            }
           }

           Frame Bip001_R_Finger4 {
            

            FrameTransformMatrix {
             0.783412,-0.135045,0.606653,0.000000,0.125457,0.990376,0.058454,0.000000,-0.608708,0.030315,0.792815,0.000000,10.216782,-4.386826,-0.631805,1.000000;;
            }

            Frame Bip001_R_Finger41 {
             

             FrameTransformMatrix {
              0.733259,-0.104086,0.671936,0.000000,0.076739,0.994568,0.070321,0.000000,-0.675606,-0.000000,0.737263,0.000000,3.003706,0.000000,0.000000,1.000000;;
             }

             Frame Bip001_R_Finger42 {
              

              FrameTransformMatrix {
               0.643365,-0.103275,0.758561,0.000000,0.076739,0.994568,0.070321,0.000000,-0.761704,0.012969,0.647796,0.000000,3.003700,0.000000,0.000008,1.000000;;
              }

              Frame Bip001_R_Finger4Nub {
               

               FrameTransformMatrix {
                -1.000000,0.000000,-0.000000,0.000000,-0.000000,1.000000,0.000000,0.000000,0.000000,0.000000,-1.000000,0.000000,3.003693,0.000004,0.000000,1.000000;;
               }
              }
             }
            }
           }
          }
         }
        }
       }

       Frame Bip001_Head {
        

        FrameTransformMatrix {
         0.998740,0.044040,0.024063,0.000000,-0.044044,0.999030,-0.000365,0.000000,-0.024055,-0.000695,0.999711,0.000000,15.765381,-0.911514,-0.005157,1.000000;;
        }

        Frame Bip001_HeadNub {
         

         FrameTransformMatrix {
          1.000000,0.000000,0.000000,0.000000,-0.000000,1.000000,-0.000000,0.000000,0.000000,0.000000,1.000000,0.000000,29.143997,0.000000,-0.000008,1.000000;;
         }
        }
       }
      }
     }
    }
   }

   Frame Bip001_L_Thigh {
    

    FrameTransformMatrix {
     -0.974413,-0.051541,0.218776,0.000000,0.054716,-0.998466,0.008471,0.000000,0.218004,0.020225,0.975738,0.000000,-14.257485,12.044862,0.046066,1.000000;;
    }

    Frame Bip001_L_Calf {
     

     FrameTransformMatrix {
      0.747112,-0.000000,-0.664698,0.000000,0.000000,1.000000,0.000000,0.000000,0.664698,-0.000000,0.747112,0.000000,54.040717,-0.000002,0.000002,1.000000;;
     }

     Frame Bip001_L_Foot {
      

      FrameTransformMatrix {
       0.832671,0.345662,0.432640,0.000000,-0.305149,0.938354,-0.162409,0.000000,-0.462108,0.003214,0.886818,0.000000,58.826861,-0.000001,-0.000008,1.000000;;
      }

      Frame Bip001_L_Toe0 {
       

       FrameTransformMatrix {
        -0.167138,0.060833,0.984055,0.000000,0.005125,0.998135,-0.060832,0.000000,-0.985920,-0.005124,-0.167138,0.000000,14.261973,0.000001,18.354528,1.000000;;
       }

       Frame Bip001_L_Toe01 {
        

        FrameTransformMatrix {
         1.000000,-0.000000,0.000000,0.000000,0.000000,1.000000,0.000000,0.000000,0.000000,0.000000,1.000000,0.000000,1.860257,-0.000002,0.000000,1.000000;;
        }

        Frame Bip001_L_Toe02 {
         

         FrameTransformMatrix {
          1.000000,-0.000000,0.000000,0.000000,0.000000,1.000000,0.000000,0.000000,0.000000,0.000000,1.000000,0.000000,1.860259,0.000001,-0.000000,1.000000;;
         }

         Frame Bip001_L_Toe0Nub {
          

          FrameTransformMatrix {
           -1.000000,0.000000,-0.000000,0.000000,0.000000,1.000000,0.000000,0.000000,0.000000,-0.000000,-1.000000,0.000000,1.860257,0.000000,0.000000,1.000000;;
          }
         }
        }
       }
      }
     }
    }
   }

   Frame Bip001_R_Thigh {
    

    FrameTransformMatrix {
     -0.774892,-0.188076,0.603465,0.000000,0.251961,-0.967487,0.022008,0.000000,0.579706,0.169103,0.797085,0.000000,-14.257523,-12.758518,0.001019,1.000000;;
    }

    Frame Bip001_R_Calf {
     

     FrameTransformMatrix {
      0.645823,-0.000000,-0.763487,0.000000,-0.000000,1.000000,0.000000,0.000000,0.763487,-0.000000,0.645823,0.000000,53.736070,0.000000,0.000000,1.000000;;
     }

     Frame Bip001_R_Foot {
      

      FrameTransformMatrix {
       0.906558,-0.332370,0.260160,0.000000,0.324710,0.942976,0.073218,0.000000,-0.269660,0.018100,0.962785,0.000000,59.151968,0.000000,0.000001,1.000000;;
      }

      Frame Bip001_R_Toe0 {
       

       FrameTransformMatrix {
        -0.193559,-0.070449,0.978556,0.000000,-0.006893,0.997492,0.070449,0.000000,-0.981064,0.006891,-0.193559,0.000000,14.261971,0.000006,18.354528,1.000000;;
       }

       Frame Bip001_R_Toe01 {
        

        FrameTransformMatrix {
         1.000000,0.000000,0.000000,0.000000,-0.000000,1.000000,0.000000,0.000000,-0.000000,0.000000,1.000000,0.000000,1.860258,0.000002,0.000000,1.000000;;
        }

        Frame Bip001_R_Toe02 {
         

         FrameTransformMatrix {
          1.000000,0.000000,0.000000,0.000000,-0.000000,1.000000,0.000000,0.000000,-0.000000,0.000000,1.000000,0.000000,1.860254,-0.000002,-0.000000,1.000000;;
         }

         Frame Bip001_R_Toe0Nub {
          

          FrameTransformMatrix {
           1.000000,0.000000,0.000000,0.000000,-0.000000,1.000000,0.000000,0.000000,-0.000000,0.000000,1.000000,0.000000,1.860260,0.000000,0.000000,1.000000;;
          }
         }
        }
       }
      }
     }
    }
   }
  }
 }
}

Frame Box001 {
 

 FrameTransformMatrix {
  0.667112,0.000000,0.000000,0.000000,0.000000,0.696682,0.000000,0.000000,0.000000,0.000000,0.492662,0.000000,0.000000,0.000000,0.000000,1.000000;;
 }

 Mesh Box001 {
  24;
  -35.308714;36.980634;-35.884605;,
  -31.553168;34.818166;-36.427574;,
  -33.354947;35.346179;-33.283082;,
  -33.506931;36.452618;-39.029098;,
  -34.267574;38.568118;-35.323818;,
  -30.512032;36.405651;-35.866787;,
  -32.465798;38.040102;-38.468307;,
  -32.313808;36.933670;-32.722298;,
  -35.308714;36.980634;-35.884605;,
  -32.465798;38.040102;-38.468307;,
  -33.506931;36.452618;-39.029098;,
  -34.267574;38.568118;-35.323818;,
  -33.506931;36.452618;-39.029098;,
  -30.512032;36.405651;-35.866787;,
  -31.553168;34.818166;-36.427574;,
  -32.465798;38.040102;-38.468307;,
  -31.553168;34.818166;-36.427574;,
  -32.313808;36.933670;-32.722298;,
  -33.354947;35.346179;-33.283082;,
  -30.512032;36.405651;-35.866787;,
  -33.354947;35.346179;-33.283082;,
  -34.267574;38.568118;-35.323818;,
  -35.308714;36.980634;-35.884605;,
  -32.313808;36.933670;-32.722298;;
  12;
  3;0,1,2;,
  3;1,0,3;,
  3;4,5,6;,
  3;5,4,7;,
  3;8,9,10;,
  3;9,8,11;,
  3;12,13,14;,
  3;13,12,15;,
  3;16,17,18;,
  3;17,16,19;,
  3;20,21,22;,
  3;21,20,23;;

  DeclData {
   2;
   2;0;3;0;,
   1;0;5;0;;
   120;
   3204608279,
   3210275468,
   3189327410,
   1065353216,
   1065353216,
   3204608279,
   3210275468,
   3189327410,
   0,
   0,
   3204608279,
   3210275468,
   3189327410,
   1065353216,
   0,
   3204608279,
   3210275468,
   3189327410,
   0,
   1065353216,
   1057124637,
   1062791819,
   1041843713,
   0,
   1065353216,
   1057124637,
   1062791819,
   1041843712,
   1065353216,
   0,
   1057124637,
   1062791817,
   1041843749,
   1065353216,
   1065353216,
   1057124637,
   1062791820,
   1041843677,
   0,
   0,
   3206981171,
   1058540508,
   3203533434,
   0,
   1065353216,
   3206981171,
   1058540507,
   3203533437,
   1065353216,
   0,
   3206981172,
   1058540505,
   3203533439,
   1065353216,
   1065353216,
   3206981171,
   1058540510,
   3203533430,
   0,
   0,
   1060415378,
   3194418178,
   3207328452,
   0,
   1065353216,
   1060415376,
   3194418214,
   3207328451,
   1065353216,
   0,
   1060415375,
   3194418248,
   3207328449,
   1065353216,
   1065353216,
   1060415379,
   3194418145,
   3207328453,
   0,
   0,
   1059497534,
   3206024136,
   1056049807,
   0,
   1065353216,
   1059497538,
   3206024133,
   1056049804,
   1065353216,
   0,
   1059497542,
   3206024130,
   1056049802,
   1065353216,
   1065353216,
   1059497530,
   3206024139,
   1056049809,
   0,
   0,
   3207899006,
   1046934702,
   1059844810,
   0,
   1065353216,
   3207899009,
   1046934689,
   1059844808,
   1065353216,
   0,
   3207899012,
   1046934679,
   1059844806,
   1065353216,
   1065353216,
   3207899002,
   1046934712,
   1059844813,
   0,
   0;
  }

  XSkinMeshHeader {
   1;
   1;
   1;
  }

  SkinWeights {
   "Bip001_L_Toe0Nub";
   24;
   0,
   1,
   2,
   3,
   4,
   5,
   6,
   7,
   8,
   9,
   10,
   11,
   12,
   13,
   14,
   15,
   16,
   17,
   18,
   19,
   20,
   21,
   22,
   23;
   1.000000,
   1.000000,
   1.000000,
   1.000000,
   1.000000,
   1.000000,
   1.000000,
   1.000000,
   1.000000,
   1.000000,
   1.000000,
   1.000000,
   1.000000,
   1.000000,
   1.000000,
   1.000000,
   1.000000,
   1.000000,
   1.000000,
   1.000000,
   1.000000,
   1.000000,
   1.000000,
   1.000000;
   0.376138,-0.508850,-0.211257,0.000000,-0.055368,0.230982,-0.654941,0.000000,0.404996,0.273534,0.062231,0.000000,-1.434584,7.607329,5.565039,1.000000;;
  }
 }
}

AnimTicksPerSecond  {
 4800;
}

AnimationSet Anim1 {
 

 Animation {
  
  { Bip001 }

  AnimationKey S {
   1;
   2;
   0;3;1.000000,1.000000,1.000000;;,
   5440;3;1.000000,1.000000,1.000000;;;
  }

  AnimationKey R {
   0;
   35;
   0;4;-0.462399,-0.042104,0.885669,0.002313;;,
   160;4;-0.494928,-0.037265,0.868135,-0.000590;;,
   320;4;-0.567823,-0.034421,0.822348,-0.011695;;,
   480;4;-0.653955,-0.036038,0.755310,-0.023475;;,
   640;4;-0.711909,-0.030122,0.701378,-0.018651;;,
   800;4;-0.734687,-0.020612,0.678076,-0.004895;;,
   960;4;-0.763809,-0.015092,0.645264,-0.001492;;,
   1120;4;-0.807117,-0.007721,0.590322,-0.004666;;,
   1280;4;-0.822656,-0.005473,0.568463,-0.007538;;,
   1440;4;-0.822755,-0.006937,0.568265,-0.010038;;,
   1600;4;-0.803181,-0.009724,0.595511,-0.013119;;,
   1760;4;-0.772808,-0.010103,0.634441,-0.012291;;,
   1920;4;-0.733131,-0.016571,0.679756,-0.013284;;,
   2080;4;-0.701763,-0.022807,0.711902,-0.014277;;,
   2240;4;-0.688174,-0.028369,0.724656,-0.022046;;,
   2400;4;-0.686081,-0.033606,0.726207,-0.028060;;,
   2560;4;-0.681540,-0.040772,0.729734,-0.036458;;,
   2720;4;-0.645311,-0.047427,0.761605,-0.035819;;,
   2880;4;-0.590896,-0.046140,0.804833,-0.030947;;,
   3040;4;-0.532564,-0.039973,0.845111,-0.023749;;,
   3200;4;-0.485236,-0.030398,0.873701,-0.016375;;,
   3360;4;-0.452481,-0.023233,0.891398,-0.011397;;,
   3520;4;-0.405444,-0.021789,0.913809,-0.009668;;,
   3680;4;-0.391105,-0.020543,0.920075,-0.008732;;,
   3840;4;-0.445894,-0.019461,0.894821,-0.009697;;,
   4000;4;-0.536766,-0.018766,0.843476,-0.008878;;,
   4160;4;-0.610389,-0.029774,0.791485,0.009533;;,
   4320;4;-0.660125,-0.036518,0.749718,0.028721;;,
   4480;4;-0.724247,-0.028372,0.688532,0.024180;;,
   4640;4;-0.760399,-0.020845,0.648974,0.013833;;,
   4800;4;-0.767462,-0.018592,0.640820,0.002683;;,
   4960;4;-0.770034,-0.020378,0.637591,-0.010493;;,
   5120;4;-0.760764,-0.024258,0.648344,-0.017324;;,
   5280;4;-0.726851,-0.025636,0.686083,-0.017874;;,
   5440;4;-0.672984,-0.032450,0.738730,-0.017825;;;
  }

  AnimationKey T {
   2;
   35;
   0;3;0.000000,119.175155,0.000000;;,
   160;3;0.000000,118.666125,0.000000;;,
   320;3;0.000000,118.786931,0.000000;;,
   480;3;0.000000,120.526182,0.000000;;,
   640;3;0.000000,122.661773,0.000000;;,
   800;3;0.000000,123.263245,0.000000;;,
   960;3;0.000000,123.348634,0.000000;;,
   1120;3;0.000000,123.716723,0.000000;;,
   1280;3;0.000000,123.456998,0.000000;;,
   1440;3;0.000000,122.352077,0.000000;;,
   1600;3;0.000000,120.591693,0.000000;;,
   1760;3;0.000000,118.964749,0.000000;;,
   1920;3;0.000000,118.590976,0.000000;;,
   2080;3;0.000000,119.230566,0.000000;;,
   2240;3;0.000000,120.009267,0.000000;;,
   2400;3;0.000000,120.213350,0.000000;;,
   2560;3;0.000000,119.677120,0.000000;;,
   2720;3;0.000000,118.987315,0.000000;;,
   2880;3;0.000000,119.192691,0.000000;;,
   3040;3;0.000000,120.100262,0.000000;;,
   3200;3;0.000000,120.574387,0.000000;;,
   3360;3;0.000000,119.909350,0.000000;;,
   3520;3;0.000000,118.472410,0.000000;;,
   3680;3;0.000000,117.163021,0.000000;;,
   3840;3;0.000000,117.332352,0.000000;;,
   4000;3;0.000000,119.227789,0.000000;;,
   4160;3;0.000000,120.622950,0.000000;;,
   4320;3;0.000000,120.813555,0.000000;;,
   4480;3;0.000000,119.903398,0.000000;;,
   4640;3;0.000000,118.628480,0.000000;;,
   4800;3;0.000000,117.305805,0.000000;;,
   4960;3;0.000000,116.908890,0.000000;;,
   5120;3;0.000000,117.360422,0.000000;;,
   5280;3;0.000000,117.361882,0.000000;;,
   5440;3;0.000000,117.657024,0.000000;;;
  }
 }

 Animation {
  
  { Bip001_Pelvis }

  AnimationKey S {
   1;
   2;
   0;3;1.000000,1.000000,1.000000;;,
   5440;3;1.000000,1.000000,1.000000;;;
  }

  AnimationKey R {
   0;
   35;
   0;4;0.506217,-0.493705,-0.506216,-0.493706;;,
   160;4;0.506131,-0.493793,-0.506130,-0.493794;;,
   320;4;0.506335,-0.493583,-0.506335,-0.493584;;,
   480;4;0.506476,-0.493440,-0.506475,-0.493440;;,
   640;4;0.506187,-0.493736,-0.506186,-0.493736;;,
   800;4;0.505779,-0.494153,-0.505779,-0.494154;;,
   960;4;0.504692,-0.495264,-0.504691,-0.495265;;,
   1120;4;0.501608,-0.498387,-0.501608,-0.498387;;,
   1280;4;0.500365,-0.499635,-0.500364,-0.499635;;,
   1440;4;0.499053,-0.500945,-0.499052,-0.500946;;,
   1600;4;0.502931,-0.497052,-0.502931,-0.497052;;,
   1760;4;0.509389,-0.490431,-0.509389,-0.490432;;,
   1920;4;0.508126,-0.491740,-0.508125,-0.491741;;,
   2080;4;0.506980,-0.492921,-0.506980,-0.492922;;,
   2240;4;0.504678,-0.495278,-0.504678,-0.495278;;,
   2400;4;0.504283,-0.495680,-0.504282,-0.495681;;,
   2560;4;0.501850,-0.498143,-0.501849,-0.498144;;,
   2720;4;0.504359,-0.495603,-0.504358,-0.495603;;,
   2880;4;0.503957,-0.496011,-0.503956,-0.496012;;,
   3040;4;0.505230,-0.494715,-0.505229,-0.494715;;,
   3200;4;0.507739,-0.492139,-0.507738,-0.492140;;,
   3360;4;0.513049,-0.486602,-0.513048,-0.486602;;,
   3520;4;0.517413,-0.481959,-0.517412,-0.481959;;,
   3680;4;0.527344,-0.471071,-0.527343,-0.471072;;,
   3840;4;0.524721,-0.473992,-0.524720,-0.473992;;,
   4000;4;0.521744,-0.477267,-0.521743,-0.477267;;,
   4160;4;0.514920,-0.484621,-0.514920,-0.484621;;,
   4320;4;0.503531,-0.496444,-0.503530,-0.496445;;,
   4480;4;0.499904,-0.500096,-0.499904,-0.500096;;,
   4640;4;0.500109,-0.499891,-0.500108,-0.499892;;,
   4800;4;0.503115,-0.496865,-0.503114,-0.496866;;,
   4960;4;0.505966,-0.493962,-0.505966,-0.493962;;,
   5120;4;0.507057,-0.492842,-0.507056,-0.492843;;,
   5280;4;0.506260,-0.493661,-0.506260,-0.493661;;,
   5440;4;0.504977,-0.494973,-0.504976,-0.494974;;;
  }

  AnimationKey T {
   2;
   2;
   0;3;0.000000,0.000000,0.000000;;,
   5440;3;0.000000,0.000000,0.000000;;;
  }
 }

 Animation {
  
  { Bip001_Spine }

  AnimationKey S {
   1;
   2;
   0;3;1.000000,1.000000,1.000000;;,
   5440;3;1.000000,1.000000,1.000000;;;
  }

  AnimationKey R {
   0;
   30;
   0;4;1.000000,0.000907,0.000398,-0.000001;;,
   160;4;1.000000,0.000805,0.000398,-0.000001;;,
   320;4;1.000000,0.000892,0.000398,-0.000001;;,
   480;4;0.999999,0.001114,0.000398,-0.000001;;,
   640;4;1.000000,0.000857,0.000398,-0.000001;;,
   800;4;1.000000,0.000401,0.000398,-0.000001;;,
   960;4;1.000000,0.000200,0.000398,-0.000001;;,
   1120;4;1.000000,0.000050,0.000398,-0.000001;;,
   1440;4;1.000000,0.000011,0.000398,-0.000001;;,
   1600;4;1.000000,0.000189,0.000398,-0.000001;;,
   1760;4;1.000000,0.000601,0.000398,-0.000001;;,
   2400;4;1.000000,0.000687,0.000398,-0.000001;;,
   2560;4;1.000000,0.000400,0.000398,-0.000001;;,
   2720;4;0.999999,0.001041,0.000398,-0.000001;;,
   2880;4;1.000000,0.000882,0.000398,-0.000001;;,
   3040;4;1.000000,0.000978,0.000398,-0.000001;;,
   3200;4;0.999999,0.001079,0.000398,-0.000001;;,
   3360;4;0.999999,0.001368,0.000398,-0.000001;;,
   3520;4;0.999999,0.001688,0.000398,-0.000001;;,
   3680;4;0.999997,0.002508,0.000398,-0.000002;;,
   3840;4;0.999998,0.002203,0.000398,-0.000002;;,
   4000;4;0.999998,0.001829,0.000398,-0.000001;;,
   4160;4;0.999999,0.001072,0.000398,-0.000001;;,
   4320;4;1.000000,0.000140,0.000398,-0.000001;;,
   4480;4;1.000000,-0.000004,0.000398,-0.000001;;,
   4640;4;1.000000,-0.000002,0.000398,-0.000001;;,
   4800;4;1.000000,0.000121,0.000398,-0.000001;;,
   4960;4;1.000000,0.000503,0.000398,-0.000001;;,
   5120;4;1.000000,0.000820,0.000398,-0.000001;;,
   5440;4;1.000000,0.000770,0.000398,-0.000001;;;
  }

  AnimationKey T {
   2;
   35;
   0;3;14.257507,0.356829,-0.012833;;,
   160;3;14.257622,0.351854,-0.012832;;,
   320;3;14.257331,0.363662,-0.012833;;,
   480;3;14.257133,0.371761,-0.012832;;,
   640;3;14.257546,0.355092,-0.012831;;,
   800;3;14.258133,0.331572,-0.012833;;,
   960;3;14.259422,0.268873,-0.012831;;,
   1120;3;14.261704,0.091877,-0.012832;;,
   1280;3;14.261947,0.020813,-0.012832;;,
   1440;3;14.261864,-0.053998,-0.012833;;,
   1600;3;14.260979,0.167681,-0.012831;;,
   1760;3;14.251725,0.540631,-0.012831;;,
   1920;3;14.254302,0.467271,-0.012830;;,
   2080;3;14.256325,0.400955,-0.012831;;,
   2240;3;14.259453,0.268096,-0.012832;;,
   2400;3;14.259866,0.245353,-0.012831;;,
   2560;3;14.261574,0.105710,-0.012831;;,
   2720;3;14.259803,0.249717,-0.012832;;,
   2880;3;14.260186,0.226593,-0.012834;;,
   3040;3;14.258805,0.299878,-0.012832;;,
   3200;3;14.255051,0.444870,-0.012833;;,
   3360;3;14.242035,0.754056,-0.012833;;,
   3520;3;14.226112,1.010593,-0.012831;;,
   3680;3;14.171646,1.602494,-0.012830;;,
   3840;3;14.188568,1.445065,-0.012830;;,
   4000;3;14.205550,1.267341,-0.012829;;,
   4160;3;14.235802,0.863830,-0.012831;;,
   4320;3;14.260544,0.202127,-0.012832;;,
   4480;3;14.261978,-0.005482,-0.012832;;,
   4640;3;14.261986,0.006178,-0.012832;;,
   4800;3;14.260856,0.178238,-0.012832;;,
   4960;3;14.257888,0.342371,-0.012832;;,
   5120;3;14.256234,0.405387,-0.012832;;,
   5280;3;14.257438,0.359325,-0.012831;;,
   5440;3;14.259125,0.285297,-0.012831;;;
  }
 }

 Animation {
  
  { Bip001_Spine1 }

  AnimationKey S {
   1;
   2;
   0;3;1.000000,1.000000,1.000000;;,
   5440;3;1.000000,1.000000,1.000000;;;
  }

  AnimationKey R {
   0;
   2;
   0;4;1.000000,0.000000,0.000000,0.000000;;,
   5440;4;1.000000,-0.000000,0.000000,-0.000000;;;
  }

  AnimationKey T {
   2;
   2;
   0;3;16.122222,0.000001,-0.012837;;,
   5440;3;16.122222,-0.000000,-0.012838;;;
  }
 }

 Animation {
  
  { Bip001_Spine2 }

  AnimationKey S {
   1;
   2;
   0;3;1.000000,1.000000,1.000000;;,
   5440;3;1.000000,1.000000,1.000000;;;
  }

  AnimationKey R {
   0;
   2;
   0;4;1.000000,0.000000,0.000000,0.000000;;,
   5440;4;1.000000,-0.000000,0.000000,-0.000000;;;
  }

  AnimationKey T {
   2;
   2;
   0;3;16.122208,0.000000,-0.012837;;,
   5440;3;16.122208,0.000000,-0.012837;;;
  }
 }

 Animation {
  
  { Bip001_Spine3 }

  AnimationKey S {
   1;
   2;
   0;3;1.000000,1.000000,1.000000;;,
   5440;3;1.000000,1.000000,1.000000;;;
  }

  AnimationKey R {
   0;
   2;
   0;4;1.000000,0.000000,0.000000,0.000000;;,
   5440;4;1.000000,-0.000000,0.000000,-0.000000;;;
  }

  AnimationKey T {
   2;
   2;
   0;3;16.122238,-0.000001,-0.012839;;,
   5440;3;16.122238,0.000000,-0.012839;;;
  }
 }

 Animation {
  
  { Bip001_Neck }

  AnimationKey S {
   1;
   2;
   0;3;1.000000,1.000000,1.000000;;,
   5440;3;1.000000,1.000000,1.000000;;;
  }

  AnimationKey R {
   0;
   35;
   0;4;0.982712,-0.019193,0.176688,0.051862;;,
   160;4;0.981647,-0.017125,0.182377,0.053048;;,
   320;4;0.980682,-0.028618,0.182695,0.063774;;,
   480;4;0.978834,-0.052831,0.181629,0.078132;;,
   640;4;0.976109,-0.083287,0.173778,0.100382;;,
   800;4;0.975242,-0.093865,0.175901,0.095664;;,
   960;4;0.968541,-0.122407,0.192726,0.099006;;,
   1120;4;0.967544,-0.129307,0.182602,0.117449;;,
   1280;4;0.968563,-0.119316,0.189490,0.108364;;,
   1440;4;0.970466,-0.110051,0.190276,0.099400;;,
   1600;4;0.976781,-0.088074,0.180237,0.075213;;,
   1760;4;0.980006,-0.071082,0.174502,0.063913;;,
   1920;4;0.978749,-0.064998,0.177206,0.080148;;,
   2080;4;0.977373,-0.067205,0.176685,0.094910;;,
   2240;4;0.976513,-0.070728,0.177696,0.099214;;,
   2400;4;0.975072,-0.076395,0.175682,0.111953;;,
   2560;4;0.973513,-0.085557,0.169097,0.127899;;,
   2720;4;0.973876,-0.088427,0.161705,0.132657;;,
   2880;4;0.975768,-0.071431,0.163541,0.126602;;,
   3040;4;0.976575,-0.045652,0.176765,0.113895;;,
   3200;4;0.976648,-0.018938,0.188145,0.101990;;,
   3360;4;0.976089,0.011672,0.201837,0.079852;;,
   3520;4;0.976524,0.048044,0.203663,0.051125;;,
   3680;4;0.977929,0.056962,0.198693,0.030521;;,
   3840;4;0.979028,0.046192,0.195687,0.032832;;,
   4000;4;0.980189,0.005720,0.188059,0.061887;;,
   4160;4;0.981873,-0.037871,0.167754,0.079683;;,
   4320;4;0.979425,-0.061268,0.169829,0.090167;;,
   4480;4;0.975230,-0.094768,0.163599,0.114812;;,
   4640;4;0.974135,-0.095315,0.161721,0.125789;;,
   4800;4;0.975935,-0.089671,0.159329,0.118845;;,
   4960;4;0.977945,-0.077711,0.163119,0.104769;;,
   5120;4;0.979125,-0.065268,0.167568,0.094734;;,
   5280;4;0.981600,-0.066356,0.153907,0.091498;;,
   5440;4;0.979129,-0.062861,0.168771,0.094192;;;
  }

  AnimationKey T {
   2;
   32;
   0;3;16.124786,0.000145,-0.006939;;,
   160;3;16.124878,0.000106,-0.006909;;,
   320;3;16.124893,0.000243,-0.006900;;,
   480;3;16.124909,0.000557,-0.006872;;,
   640;3;16.124862,0.000948,-0.006857;;,
   800;3;16.124909,0.001108,-0.006820;;,
   960;3;16.125152,0.001474,-0.006635;;,
   1120;3;16.125061,0.001536,-0.006665;;,
   1280;3;16.125138,0.001409,-0.006666;;,
   1440;3;16.125107,0.001303,-0.006692;;,
   1600;3;16.124923,0.001074,-0.006811;;,
   1760;3;16.124832,0.000866,-0.006882;;,
   1920;3;16.124862,0.000732,-0.006881;;,
   2400;3;16.124862,0.000725,-0.006879;;,
   2560;3;16.124832,0.000914,-0.006877;;,
   2720;3;16.124725,0.000958,-0.006906;;,
   2880;3;16.124710,0.000727,-0.006935;;,
   3040;3;16.124848,0.000361,-0.006912;;,
   3200;3;16.124970,-0.000010,-0.006878;;,
   3360;3;16.125138,-0.000406,-0.006801;;,
   3520;3;16.125122,-0.000849,-0.006759;;,
   3680;3;16.125091,-0.000914,-0.006774;;,
   3840;3;16.125016,-0.000765,-0.006809;;,
   4000;3;16.124939,-0.000257,-0.006882;;,
   4160;3;16.124710,0.000356,-0.006968;;,
   4320;3;16.124755,0.000661,-0.006925;;,
   4480;3;16.124725,0.001089,-0.006877;;,
   4800;3;16.124725,0.001075,-0.006884;;,
   4960;3;16.124694,0.000873,-0.006923;;,
   5120;3;16.124741,0.000711,-0.006928;;,
   5280;3;16.124526,0.000757,-0.006991;;,
   5440;3;16.124755,0.000678,-0.006925;;;
  }
 }

 Animation {
  
  { Bip001_L_Clavicle }

  AnimationKey S {
   1;
   2;
   0;3;1.000000,1.000000,1.000000;;,
   5440;3;1.000000,1.000000,1.000000;;;
  }

  AnimationKey R {
   0;
   35;
   0;4;0.089930,0.498539,0.844368,-0.174395;;,
   160;4;0.095748,0.496696,0.844528,-0.175778;;,
   320;4;0.088912,0.486818,0.849066,-0.184904;;,
   480;4;0.073589,0.473004,0.854069,-0.203514;;,
   640;4;0.048712,0.452360,0.862116,-0.223057;;,
   800;4;0.044838,0.455177,0.858176,-0.233103;;,
   960;4;0.042698,0.446400,0.853469,-0.265507;;,
   1120;4;0.029371,0.430998,0.862171,-0.264649;;,
   1280;4;0.041188,0.439041,0.858811,-0.260748;;,
   1440;4;0.047529,0.447833,0.855943,-0.254061;;,
   1600;4;0.052877,0.472851,0.848478,-0.231736;;,
   1760;4;0.058289,0.485043,0.845591,-0.215199;;,
   1920;4;0.062978,0.471059,0.854188,-0.210949;;,
   2080;4;0.060444,0.458073,0.861203,-0.211764;;,
   2240;4;0.059061,0.453834,0.862741,-0.214997;;,
   2400;4;0.053480,0.442424,0.868286,-0.217901;;,
   2560;4;0.041973,0.428445,0.875127,-0.220967;;,
   2720;4;0.033961,0.425073,0.877612,-0.218991;;,
   2880;4;0.045336,0.431725,0.876900,-0.206408;;,
   3040;4;0.071489,0.442901,0.872580,-0.193217;;,
   3200;4;0.096631,0.453159,0.868088,-0.178139;;,
   3360;4;0.126534,0.471504,0.857657,-0.161547;;,
   3520;4;0.150283,0.496817,0.844196,-0.133875;;,
   3680;4;0.152437,0.515254,0.834103,-0.124693;;,
   3840;4;0.143711,0.513703,0.835509,-0.131838;;,
   4000;4;0.112791,0.489209,0.849969,-0.159706;;,
   4160;4;0.070362,0.474935,0.857792,-0.183515;;,
   4320;4;0.058352,0.463811,0.860305,-0.203347;;,
   4480;4;0.033008,0.440138,0.868367,-0.226114;;,
   4640;4;0.030516,0.430581,0.873530,-0.224976;;,
   4800;4;0.032080,0.437697,0.871356,-0.219389;;,
   4960;4;0.042726,0.450683,0.865995,-0.212397;;,
   5120;4;0.053967,0.459855,0.862283,-0.205155;;,
   5280;4;0.042207,0.464718,0.861854,-0.198654;;,
   5440;4;0.056345,0.460329,0.862182,-0.203875;;;
  }

  AnimationKey T {
   2;
   35;
   0;3;-0.471878,4.314049,-0.076790;;,
   160;3;-0.479187,4.313624,-0.054550;;,
