xof 0303txt 0032
template Frame {
 <3d82ab46-62da-11cf-ab39-0020af71e433>
 [...]
}

template Matrix4x4 {
 <f6f23f45-7686-11cf-8f52-0040333594a3>
 array FLOAT matrix[16];
}

template FrameTransformMatrix {
 <f6f23f41-7686-11cf-8f52-0040333594a3>
 Matrix4x4 frameMatrix;
}

template Vector {
 <3d82ab5e-62da-11cf-ab39-0020af71e433>
 FLOAT x;
 FLOAT y;
 FLOAT z;
}

template MeshFace {
 <3d82ab5f-62da-11cf-ab39-0020af71e433>
 DWORD nFaceVertexIndices;
 array DWORD faceVertexIndices[nFaceVertexIndices];
}

template Mesh {
 <3d82ab44-62da-11cf-ab39-0020af71e433>
 DWORD nVertices;
 array Vector vertices[nVertices];
 DWORD nFaces;
 array MeshFace faces[nFaces];
 [...]
}

template VertexElement {
 <f752461c-1e23-48f6-b9f8-8350850f336f>
 DWORD Type;
 DWORD Method;
 DWORD Usage;
 DWORD UsageIndex;
}

template DeclData {
 <bf22e553-292c-4781-9fea-62bd554bdd93>
 DWORD nElements;
 array VertexElement Elements[nElements];
 DWORD nDWords;
 array DWORD data[nDWords];
}

template XSkinMeshHeader {
 <3cf169ce-ff7c-44ab-93c0-f78f62d172e2>
 WORD nMaxSkinWeightsPerVertex;
 WORD nMaxSkinWeightsPerFace;
 WORD nBones;
}

template SkinWeights {
 <6f0d123b-bad2-4167-a0d0-80224f25fabb>
 STRING transformNodeName;
 DWORD nWeights;
 array DWORD vertexIndices[nWeights];
 array FLOAT weights[nWeights];
 Matrix4x4 matrixOffset;
}

template AnimTicksPerSecond {
 <9e415a43-7ba6-4a73-8743-b73d47e88476>
 DWORD AnimTicksPerSecond;
}

template Animation {
 <3d82ab4f-62da-11cf-ab39-0020af71e433>
 [...]
}

template AnimationSet {
 <3d82ab50-62da-11cf-ab39-0020af71e433>
 [Animation <3d82ab4f-62da-11cf-ab39-0020af71e433>]
}

template FloatKeys {
 <10dd46a9-775b-11cf-8f52-0040333594a3>
 DWORD nValues;
 array FLOAT values[nValues];
}

template TimedFloatKeys {
 <f406b180-7b3b-11cf-8f52-0040333594a3>
 DWORD time;
 FloatKeys tfkeys;
}

template AnimationKey {
 <10dd46a8-775b-11cf-8f52-0040333594a3>
 DWORD keyType;
 DWORD nKeys;
 array TimedFloatKeys keys[nKeys];
}


Frame Bip001 {
 

 FrameTransformMatrix {
  -0.555162,-0.046241,-0.830456,0.000000,-0.032026,0.998901,-0.034211,0.000000,0.831126,0.007604,-0.556032,0.000000,0.000000,112.617062,0.000000,1.000000;;
 }

 Frame Bip001_Pelvis {
  

  FrameTransformMatrix {
   -0.000000,0.999901,-0.014067,0.000000,-0.000001,0.014067,0.999901,0.000000,1.000000,0.000000,0.000001,0.000000,0.000000,0.000000,0.000000,1.000000;;
  }

  Frame Bip001_Spine {
   

   FrameTransformMatrix {
    0.999994,0.003274,0.000796,0.000000,-0.003274,0.999995,-0.000495,0.000000,-0.000798,0.000493,1.000000,0.000000,14.260566,0.200617,-0.012834,1.000000;;
   }

   Frame Bip001_Spine1 {
    

    FrameTransformMatrix {
     1.000000,0.000000,0.000000,0.000000,-0.000000,1.000000,0.000000,0.000000,0.000000,0.000000,1.000000,0.000000,16.122208,0.000000,-0.012837,1.000000;;
    }

    Frame Bip001_Spine2 {
     

     FrameTransformMatrix {
      1.000000,0.000000,0.000000,0.000000,-0.000000,1.000000,0.000000,0.000000,0.000000,0.000000,1.000000,0.000000,16.122222,-0.000001,-0.012837,1.000000;;
     }

     Frame Bip001_Spine3 {
      

      FrameTransformMatrix {
       1.000000,0.000000,0.000000,0.000000,-0.000000,1.000000,0.000000,0.000000,0.000000,0.000000,1.000000,0.000000,16.122222,0.000000,-0.012838,1.000000;;
      }

      Frame Bip001_Neck {
       

       FrameTransformMatrix {
        0.931494,-0.128781,0.340198,0.000000,0.127377,0.991499,0.026559,0.000000,-0.340726,0.018594,0.939979,0.000000,16.124755,-0.000138,-0.006962,1.000000;;
       }

       Frame Bip001_L_Clavicle {
        

        FrameTransformMatrix {
         -0.504271,0.863494,0.009444,0.000000,0.802974,0.472896,-0.362770,0.000000,-0.317716,-0.175351,-0.931831,0.000000,-0.558991,4.303700,0.088112,1.000000;;
        }

        Frame Bip001_L_UpperArm {
         

         FrameTransformMatrix {
          0.589301,-0.564709,-0.577778,0.000000,0.649630,0.756374,-0.076679,0.000000,0.480318,-0.330155,0.812584,0.000000,16.122227,0.000000,0.000000,1.000000;;
         }

         Frame Bip001_L_Forearm {
          

          FrameTransformMatrix {
           -0.197394,-0.000000,-0.980324,0.000000,0.000000,1.000000,-0.000000,0.000000,0.980324,-0.000000,-0.197394,0.000000,44.136810,0.000000,-0.000008,1.000000;;
          }

          Frame Bip001_L_Hand {
           

           FrameTransformMatrix {
            0.858041,-0.512948,-0.025490,0.000000,-0.009200,-0.064975,0.997845,0.000000,-0.513499,-0.855957,-0.060470,0.000000,37.683366,-0.000008,0.000000,1.000000;;
           }

           Frame Bip001_L_Finger0 {
            

            FrameTransformMatrix {
             0.749785,-0.647519,0.136165,0.000000,0.512024,0.437437,-0.739243,0.000000,0.419111,0.623993,0.659529,0.000000,4.289871,-5.456840,2.394806,1.000000;;
            }

            Frame Bip001_L_Finger01 {
             

             FrameTransformMatrix {
              -0.147649,-0.000000,0.989040,0.000000,-0.043682,0.999024,-0.006521,0.000000,-0.988075,-0.044167,-0.147504,0.000000,3.875542,0.000008,-0.000023,1.000000;;
             }

             Frame Bip001_L_Finger02 {
              

              FrameTransformMatrix {
               0.883867,0.001709,0.467736,0.000000,-0.022152,0.999024,0.038210,0.000000,-0.467214,-0.044133,0.883042,0.000000,3.875534,0.000000,0.000008,1.000000;;
              }

              Frame Bip001_L_Finger0Nub {
               

               FrameTransformMatrix {
                1.000000,0.000000,-0.000000,0.000000,0.000000,1.000000,0.000000,0.000000,0.000000,0.000000,1.000000,0.000000,3.875534,0.000000,0.000001,1.000000;;
               }
              }
             }
            }
           }

           Frame Bip001_L_Finger1 {
            

            FrameTransformMatrix {
             0.698976,-0.000569,0.715144,0.000000,0.000000,1.000000,0.000796,0.000000,-0.715145,-0.000557,0.698976,0.000000,11.734268,-5.461189,-0.417770,1.000000;;
            }

            Frame Bip001_L_Finger11 {
             

             FrameTransformMatrix {
              0.368318,0.000000,0.929700,0.000000,0.000000,1.000000,0.000000,0.000000,-0.929700,0.000000,0.368318,0.000000,4.650642,0.000008,0.000000,1.000000;;
             }

             Frame Bip001_L_Finger12 {
              

              FrameTransformMatrix {
               1.000000,0.000000,0.000000,0.000000,0.000000,1.000000,0.000000,0.000000,-0.000000,0.000000,1.000000,0.000000,4.650635,-0.000008,0.000001,1.000000;;
              }

              Frame Bip001_L_Finger1Nub {
               

               FrameTransformMatrix {
                1.000000,0.000000,0.000000,0.000000,0.000000,1.000000,0.000000,0.000000,-0.000000,0.000000,1.000000,0.000000,4.650650,0.000000,0.000003,1.000000;;
               }
              }
             }
            }
           }

           Frame Bip001_L_Finger2 {
            

            FrameTransformMatrix {
             0.712052,0.024166,0.701710,0.000000,-0.054546,0.998291,0.020970,0.000000,-0.700004,-0.053207,0.712154,0.000000,11.686760,-1.501312,-0.364792,1.000000;;
            }

            Frame Bip001_L_Finger21 {
             

             FrameTransformMatrix {
              0.368318,0.000000,0.929700,0.000000,0.000000,1.000000,0.000000,0.000000,-0.929700,-0.000000,0.368318,0.000000,4.698433,0.000000,0.000000,1.000000;;
             }

             Frame Bip001_L_Finger22 {
              

              FrameTransformMatrix {
               1.000000,0.000000,0.000000,0.000000,0.000000,1.000000,-0.000000,0.000000,-0.000000,0.000000,1.000000,0.000000,5.425751,0.000008,0.000001,1.000000;;
              }

              Frame Bip001_L_Finger2Nub {
               

               FrameTransformMatrix {
                1.000000,0.000000,0.000000,0.000000,0.000000,1.000000,-0.000000,0.000000,-0.000000,0.000000,1.000000,0.000000,5.425751,0.000008,-0.000002,1.000000;;
               }
              }
             }
            }
           }

           Frame Bip001_L_Finger3 {
            

            FrameTransformMatrix {
             0.167991,-0.027036,0.985418,0.000000,-0.084190,0.995578,0.041667,0.000000,-0.982187,-0.089962,0.164972,0.000000,11.686188,1.606110,-0.362915,1.000000;;
            }

            Frame Bip001_L_Finger31 {
             

             FrameTransformMatrix {
              0.368318,0.000000,0.929700,0.000000,-0.000000,1.000000,0.000000,0.000000,-0.929700,0.000000,0.368318,0.000000,4.316559,0.000000,0.000000,1.000000;;
             }

             Frame Bip001_L_Finger32 {
              

              FrameTransformMatrix {
               1.000000,0.000000,-0.000000,0.000000,-0.000000,1.000000,0.000000,0.000000,-0.000000,-0.000000,1.000000,0.000000,4.650635,0.000000,0.000008,1.000000;;
              }

              Frame Bip001_L_Finger3Nub {
               

               FrameTransformMatrix {
                1.000000,0.000000,-0.000000,0.000000,-0.000000,1.000000,0.000000,0.000000,-0.000000,-0.000000,1.000000,0.000000,4.650650,0.000000,-0.000008,1.000000;;
               }
              }
             }
            }
           }

           Frame Bip001_L_Finger4 {
            

            FrameTransformMatrix {
             0.815660,0.032401,0.577623,0.000000,-0.043233,0.999052,0.005008,0.000000,-0.576914,-0.029057,0.816288,0.000000,10.216774,4.386826,-0.631805,1.000000;;
            }

            Frame Bip001_L_Finger41 {
             

             FrameTransformMatrix {
              0.763396,0.000000,0.645931,0.000000,-0.000000,1.000000,0.000000,0.000000,-0.645931,0.000000,0.763396,0.000000,3.003706,-0.000015,0.000000,1.000000;;
             }

             Frame Bip001_L_Finger42 {
              

              FrameTransformMatrix {
               0.763396,-0.000000,0.645931,0.000000,-0.000000,1.000000,0.000000,0.000000,-0.645931,0.000000,0.763396,0.000000,3.003708,0.000000,0.000000,1.000000;;
              }

              Frame Bip001_L_Finger4Nub {
               

               FrameTransformMatrix {
                1.000000,0.000000,-0.000000,0.000000,-0.000000,1.000000,-0.000000,0.000000,-0.000000,-0.000000,1.000000,0.000000,3.003708,0.000000,0.000000,1.000000;;
               }
              }
             }
            }
           }
          }
         }
        }
       }

       Frame Bip001_R_Clavicle {
        

        FrameTransformMatrix {
         -0.167592,-0.984026,0.060052,0.000000,-0.923727,0.178020,0.339170,0.000000,-0.344443,0.001371,-0.938806,0.000000,0.558991,-4.303700,-0.073288,1.000000;;
        }

        Frame Bip001_R_UpperArm {
         

         FrameTransformMatrix {
          0.761480,0.643390,-0.078721,0.000000,-0.610732,0.671479,-0.419669,0.000000,-0.217152,0.367647,0.904257,0.000000,16.122219,-0.000015,-0.000001,1.000000;;
         }

         Frame Bip001_R_Forearm {
          

          FrameTransformMatrix {
           -0.458426,0.000000,-0.888733,0.000000,0.000000,1.000000,-0.000000,0.000000,0.888733,-0.000000,-0.458426,0.000000,44.136810,-0.000008,0.000000,1.000000;;
          }

          Frame Bip001_R_Hand {
           

           FrameTransformMatrix {
            0.707296,0.489243,-0.510269,0.000000,-0.576976,-0.017535,-0.816573,0.000000,-0.408450,0.871972,0.269878,0.000000,37.683373,0.000000,0.000008,1.000000;;
           }

           Frame Bip001_R_Finger0 {
            

            FrameTransformMatrix {
             0.614817,0.788309,-0.023870,0.000000,-0.492975,0.407753,0.768579,0.000000,0.615610,-0.460768,0.639310,0.000000,4.289864,5.456844,2.394791,1.000000;;
            }

            Frame Bip001_R_Finger01 {
             

             FrameTransformMatrix {
              0.068423,0.277770,0.958208,0.000000,-0.358211,0.903253,-0.236261,0.000000,-0.931130,-0.327075,0.161304,0.000000,3.875546,-0.000015,-0.000004,1.000000;;
             }

             Frame Bip001_R_Finger02 {
              

              FrameTransformMatrix {
               0.741602,0.108354,0.662032,0.000000,-0.351587,0.903253,0.246010,0.000000,-0.571326,-0.415203,0.707950,0.000000,3.875542,0.000015,0.000008,1.000000;;
              }

              Frame Bip001_R_Finger0Nub {
               

               FrameTransformMatrix {
                -1.000000,0.000000,0.000000,0.000000,-0.000000,1.000000,-0.000000,0.000000,0.000000,-0.000000,-1.000000,0.000000,3.875542,0.000008,0.000000,1.000000;;
               }
              }
             }
            }
           }

           Frame Bip001_R_Finger1 {
            

            FrameTransformMatrix {
             0.698977,0.000569,0.715144,0.000000,-0.000000,1.000000,-0.000796,0.000000,-0.715145,0.000557,0.698976,0.000000,11.734268,5.461197,-0.417755,1.000000;;
            }

            Frame Bip001_R_Finger11 {
             

             FrameTransformMatrix {
              0.368318,0.000000,0.929700,0.000000,0.000000,1.000000,0.000000,0.000000,-0.929700,-0.000000,0.368318,0.000000,4.650646,0.000000,0.000015,1.000000;;
             }

             Frame Bip001_R_Finger12 {
              

              FrameTransformMatrix {
               0.910602,0.000000,0.413285,0.000000,0.000000,1.000000,0.000000,0.000000,-0.413285,-0.000000,0.910602,0.000000,4.650620,0.000008,-0.000004,1.000000;;
              }

              Frame Bip001_R_Finger1Nub {
               

               FrameTransformMatrix {
                -1.000000,-0.000000,0.000000,0.000000,0.000000,1.000000,-0.000000,0.000000,0.000000,-0.000000,-1.000000,0.000000,4.650650,-0.000004,0.000000,1.000000;;
               }
              }
             }
            }
           }

           Frame Bip001_R_Finger2 {
            

            FrameTransformMatrix {
             0.712053,-0.024166,0.701710,0.000000,0.054546,0.998291,-0.020970,0.000000,-0.700004,0.053207,0.712154,0.000000,11.686752,1.501305,-0.364792,1.000000;;
            }

            Frame Bip001_R_Finger21 {
             

             FrameTransformMatrix {
              0.368318,0.000000,0.929700,0.000000,-0.000000,1.000000,0.000000,0.000000,-0.929700,-0.000000,0.368318,0.000000,4.698437,0.000000,0.000000,1.000000;;
             }

             Frame Bip001_R_Finger22 {
              

              FrameTransformMatrix {
               0.790469,0.009625,0.612427,0.000000,-0.000000,0.999877,-0.015715,0.000000,-0.612502,0.012422,0.790371,0.000000,5.425736,0.000000,0.000000,1.000000;;
              }

              Frame Bip001_R_Finger2Nub {
               

               FrameTransformMatrix {
                -1.000000,0.000000,-0.000000,0.000000,0.000000,1.000000,0.000000,0.000000,0.000000,-0.000000,-1.000000,0.000000,5.425766,-0.000004,-0.000008,1.000000;;
               }
              }
             }
            }
           }

           Frame Bip001_R_Finger3 {
            

            FrameTransformMatrix {
             0.167991,0.027036,0.985418,0.000000,0.084190,0.995578,-0.041667,0.000000,-0.982187,0.089962,0.164972,0.000000,11.686188,-1.606106,-0.362915,1.000000;;
            }

            Frame Bip001_R_Finger31 {
             

             FrameTransformMatrix {
              0.368318,-0.000000,0.929700,0.000000,0.000000,1.000000,0.000000,0.000000,-0.929700,0.000000,0.368318,0.000000,4.316528,0.000004,-0.000015,1.000000;;
             }

             Frame Bip001_R_Finger32 {
              

              FrameTransformMatrix {
               1.000000,-0.000000,-0.000000,0.000000,0.000000,1.000000,0.000000,0.000000,0.000000,-0.000000,1.000000,0.000000,4.650650,0.000004,-0.000008,1.000000;;
              }

              Frame Bip001_R_Finger3Nub {
               

               FrameTransformMatrix {
                -1.000000,-0.000000,0.000000,0.000000,0.000000,1.000000,-0.000000,0.000000,-0.000000,-0.000000,-1.000000,0.000000,4.650650,-0.000008,0.000000,1.000000;;
               }
              }
             }
            }
           }

           Frame Bip001_R_Finger4 {
            

            FrameTransformMatrix {
             0.558893,-0.020030,0.828998,0.000000,0.043233,0.999053,-0.005008,0.000000,-0.828112,0.038639,0.559230,0.000000,10.216774,-4.386833,-0.631821,1.000000;;
            }

            Frame Bip001_R_Finger41 {
             

             FrameTransformMatrix {
              0.485596,0.000000,0.874183,0.000000,-0.000000,1.000000,-0.000000,0.000000,-0.874183,-0.000000,0.485596,0.000000,3.003716,0.000000,0.000015,1.000000;;
             }

             Frame Bip001_R_Finger42 {
              

              FrameTransformMatrix {
               0.485596,0.000000,0.874183,0.000000,0.000000,1.000000,0.000000,0.000000,-0.874183,-0.000000,0.485596,0.000000,3.003693,0.000000,-0.000003,1.000000;;
              }

              Frame Bip001_R_Finger4Nub {
               

               FrameTransformMatrix {
                -1.000000,-0.000000,0.000000,0.000000,-0.000000,1.000000,0.000000,0.000000,-0.000000,-0.000000,-1.000000,0.000000,3.003723,-0.000004,-0.000015,1.000000;;
               }
              }
             }
            }
           }
          }
         }
        }
       }

       Frame Bip001_Head {
        

        FrameTransformMatrix {
         0.991262,0.131876,-0.002771,0.000000,-0.131882,0.990479,-0.039472,0.000000,-0.002461,0.039493,0.999217,0.000000,15.765366,-0.911512,-0.005150,1.000000;;
        }

        Frame Bip001_HeadNub {
         

         FrameTransformMatrix {
          1.000000,-0.000000,0.000000,0.000000,0.000000,1.000000,-0.000000,0.000000,0.000000,0.000000,1.000000,0.000000,29.144013,0.000000,0.000000,1.000000;;
         }
        }
       }
      }
     }
    }
   }

   Frame Bip001_L_Thigh {
    

    FrameTransformMatrix {
     -0.820612,0.214901,0.529541,0.000000,-0.283605,-0.957590,-0.050879,0.000000,0.496150,-0.191933,0.846757,0.000000,-14.220542,12.247702,0.030247,1.000000;;
    }

    Frame Bip001_L_Calf {
     

     FrameTransformMatrix {
      0.582878,-0.000000,-0.812560,0.000000,0.000000,1.000000,0.000000,0.000000,0.812560,-0.000000,0.582878,0.000000,54.040717,-0.000008,0.000004,1.000000;;
     }

     Frame Bip001_L_Foot {
      

      FrameTransformMatrix {
       0.860074,0.411082,0.302134,0.000000,-0.342675,0.904236,-0.254816,0.000000,-0.377950,0.115627,0.918577,0.000000,58.826861,0.000004,-0.000005,1.000000;;
      }

      Frame Bip001_L_Toe0 {
       

       FrameTransformMatrix {
        -0.442366,0.161008,0.882263,0.000000,0.037840,0.986227,-0.161008,0.000000,-0.896036,-0.037839,-0.442367,0.000000,14.261971,0.000004,18.354523,1.000000;;
       }

       Frame Bip001_L_Toe01 {
        

        FrameTransformMatrix {
         1.000000,0.000000,-0.000000,0.000000,0.000000,1.000000,-0.000000,0.000000,0.000000,-0.000000,1.000000,0.000000,1.860256,0.000000,-0.000000,1.000000;;
        }

        Frame Bip001_L_Toe02 {
         

         FrameTransformMatrix {
          1.000000,0.000000,-0.000000,0.000000,0.000000,1.000000,-0.000000,0.000000,0.000000,-0.000000,1.000000,0.000000,1.860259,0.000000,-0.000000,1.000000;;
         }

         Frame Bip001_L_Toe0Nub {
          

          FrameTransformMatrix {
           -1.000000,-0.000000,0.000000,0.000000,-0.000000,1.000000,0.000000,0.000000,0.000000,0.000000,-1.000000,0.000000,1.860256,0.000000,-0.000000,1.000000;;
          }
         }
        }
       }
      }
     }
    }
   }

   Frame Bip001_R_Thigh {
    

    FrameTransformMatrix {
     -0.943966,-0.271272,0.187990,0.000000,0.256069,-0.961327,-0.101390,0.000000,0.208224,-0.047571,0.976924,0.000000,-14.301720,-12.555578,0.017989,1.000000;;
    }

    Frame Bip001_R_Calf {
     

     FrameTransformMatrix {
      0.439461,0.000000,-0.898262,0.000000,0.000000,1.000000,0.000000,0.000000,0.898262,0.000000,0.439461,0.000000,53.736058,0.000000,0.000002,1.000000;;
     }

     Frame Bip001_R_Foot {
      

      FrameTransformMatrix {
       0.898854,-0.336659,0.280574,0.000000,0.325527,0.941533,0.086872,0.000000,-0.293416,0.013249,0.955893,0.000000,59.151955,0.000000,0.000000,1.000000;;
      }

      Frame Bip001_R_Toe0 {
       

       FrameTransformMatrix {
        -0.475191,-0.172955,0.862717,0.000000,-0.044121,0.983941,0.172955,0.000000,-0.878776,0.044123,-0.475191,0.000000,14.261974,-0.000004,18.354530,1.000000;;
       }

       Frame Bip001_R_Toe01 {
        

        FrameTransformMatrix {
         1.000000,0.000000,0.000000,0.000000,-0.000000,1.000000,0.000000,0.000000,0.000000,0.000000,1.000000,0.000000,1.860258,0.000004,0.000000,1.000000;;
        }

        Frame Bip001_R_Toe02 {
         

         FrameTransformMatrix {
          1.000000,0.000000,0.000000,0.000000,-0.000000,1.000000,0.000000,0.000000,0.000000,0.000000,1.000000,0.000000,1.860258,-0.000004,-0.000001,1.000000;;
         }

         Frame Bip001_R_Toe0Nub {
          

          FrameTransformMatrix {
           1.000000,0.000000,0.000000,0.000000,-0.000000,1.000000,0.000000,0.000000,0.000000,0.000000,1.000000,0.000000,1.860256,0.000000,0.000000,1.000000;;
          }
         }
        }
       }
      }
     }
    }
   }
  }
 }
}

Frame Box001 {
 

 FrameTransformMatrix {
  0.667112,0.000000,0.000000,0.000000,0.000000,0.696682,0.000000,0.000000,0.000000,0.000000,0.492662,0.000000,0.000000,0.000000,0.000000,1.000000;;
 }

 Mesh Box001 {
  24;
  -22.178854;42.968093;-76.044877;,
  -18.745848;41.092774;-78.664947;,
  -20.028277;40.776192;-75.034253;,
  -20.896426;43.284675;-79.675565;,
  -20.957888;44.302483;-75.021440;,
  -17.524882;42.427162;-77.641498;,
  -19.675454;44.619066;-78.652128;,
  -18.807310;42.110579;-74.010816;,
  -22.178854;42.968093;-76.044877;,
  -19.675454;44.619066;-78.652128;,
  -20.896426;43.284675;-79.675565;,
  -20.957888;44.302483;-75.021440;,
  -20.896426;43.284675;-79.675565;,
  -17.524882;42.427162;-77.641498;,
  -18.745848;41.092774;-78.664947;,
  -19.675454;44.619066;-78.652128;,
  -18.745848;41.092774;-78.664947;,
  -18.807310;42.110579;-74.010816;,
  -20.028277;40.776192;-75.034253;,
  -17.524882;42.427162;-77.641498;,
  -20.028277;40.776192;-75.034253;,
  -20.957888;44.302483;-75.021440;,
  -22.178854;42.968093;-76.044877;,
  -18.807310;42.110579;-74.010816;;
  12;
  3;0,1,2;,
  3;1,0,3;,
  3;4,5,6;,
  3;5,4,7;,
  3;8,9,10;,
  3;9,8,11;,
  3;12,13,14;,
  3;13,12,15;,
  3;16,17,18;,
  3;17,16,19;,
  3;20,21,22;,
  3;21,20,23;;

  DeclData {
   2;
   2;0;3;0;,
   1;0;5;0;;
   120;
   3206405571,
   3208391209,
   3197130315,
   1065353216,
   1065353216,
   3206405571,
   3208391209,
   3197130315,
   0,
   0,
   3206405571,
   3208391209,
   3197130315,
   1065353216,
   0,
   3206405571,
   3208391209,
   3197130315,
   0,
   1065353216,
   1058921913,
   1060907564,
   1049646693,
   0,
   1065353216,
   1058921912,
   1060907565,
   1049646691,
   1065353216,
   0,
   1058921911,
   1060907567,
   1049646682,
   1065353216,
   1065353216,
   1058921914,
   1060907561,
   1049646702,
   0,
   0,
   3207119141,
   1060869423,
   3190620400,
   0,
   1065353216,
   3207119137,
   1060869428,
   3190620376,
   1065353216,
   0,
   3207119134,
   1060869432,
   3190620357,
   1065353216,
   1065353216,
   3207119143,
   1060869420,
   3190620420,
   0,
   0,
   1057600025,
   1041517013,
   3209993032,
   0,
   1065353216,
   1057600029,
   1041517165,
   3209993023,
   1065353216,
   0,
   1057600035,
   1041517377,
   3209993010,
   1065353216,
   1065353216,
   1057600020,
   1041516800,
   3209993045,
   0,
   0,
   1059635488,
   3208353076,
   1043136742,
   0,
   1065353216,
   1059635494,
   3208353071,
   1043136738,
   1065353216,
   0,
   1059635500,
   3208353065,
   1043136733,
   1065353216,
   1065353216,
   1059635481,
   3208353082,
   1043136747,
   0,
   0,
   3205083630,
   3189000727,
   1062509409,
   0,
   1065353216,
   3205083630,
   3189000727,
   1062509409,
   1065353216,
   0,
   3205083630,
   3189000727,
   1062509409,
   1065353216,
   1065353216,
   3205083630,
   3189000727,
   1062509409,
   0,
   0;
  }

  XSkinMeshHeader {
   1;
   1;
   1;
  }

  SkinWeights {
   "Bip001_L_Toe0Nub";
   24;
   0,
   1,
   2,
   3,
   4,
   5,
   6,
   7,
   8,
   9,
   10,
   11,
   12,
   13,
   14,
   15,
   16,
   17,
   18,
   19,
   20,
   21,
   22,
   23;
   1.000000,
   1.000000,
   1.000000,
   1.000000,
   1.000000,
   1.000000,
   1.000000,
   1.000000,
   1.000000,
   1.000000,
   1.000000,
   1.000000,
   1.000000,
   1.000000,
   1.000000,
   1.000000,
   1.000000,
   1.000000,
   1.000000,
   1.000000,
   1.000000,
   1.000000,
   1.000000,
   1.000000;
   0.468365,-0.411476,-0.237402,0.000000,-0.259930,0.074571,-0.642060,0.000000,0.298816,0.384181,-0.076352,0.000000,12.983757,41.185101,3.087587,1.000000;;
  }
 }
}

AnimTicksPerSecond  {
 4800;
}

AnimationSet Anim1 {
 

 Animation {
  
  { Bip001 }

  AnimationKey S {
   1;
   2;
   0;3;1.000000,1.000000,1.000000;;,
   4160;3;1.000000,1.000000,1.000000;;;
  }

  AnimationKey R {
   0;
   27;
   0;4;-0.471091,-0.022190,0.881773,-0.007543;;,
   160;4;-0.466503,-0.027240,0.884045,-0.009899;;,
   320;4;-0.441712,-0.028947,0.896613,-0.011716;;,
   480;4;-0.400216,-0.023838,0.916037,-0.011631;;,
   640;4;-0.355995,-0.011180,0.934291,-0.015575;;,
   800;4;-0.318121,-0.000476,0.947964,-0.012801;;,
   960;4;-0.268615,0.004822,0.963195,-0.008794;;,
   1120;4;-0.218052,0.005754,0.975901,-0.006093;;,
   1280;4;-0.172767,0.003000,0.984958,0.000424;;,
   1440;4;-0.140624,-0.007057,0.989991,0.009625;;,
   1600;4;-0.110896,-0.015969,0.993540,0.018062;;,
   1760;4;-0.068549,-0.029086,0.996974,0.022336;;,
   1920;4;-0.024253,-0.035851,0.998827,0.021719;;,
   2080;4;-0.012165,-0.028508,0.999307,0.020635;;,
   2240;4;-0.040285,-0.010756,0.999081,0.009960;;,
   2400;4;-0.113917,-0.010854,0.993327,-0.014376;;,
   2560;4;-0.253360,-0.015970,0.966952,-0.023630;;,
   2720;4;-0.361870,-0.036992,0.930867,-0.034182;;,
   2880;4;-0.409997,-0.063244,0.908985,-0.040611;;,
   3040;4;-0.466146,-0.071240,0.880858,-0.041492;;,
   3200;4;-0.517167,-0.076685,0.850745,-0.053765;;,
   3360;4;-0.511403,-0.075404,0.854212,-0.055703;;,
   3520;4;-0.499145,-0.066261,0.862174,-0.055855;;,
   3680;4;-0.491918,-0.047523,0.867072,-0.062807;;,
   3840;4;-0.475851,-0.025168,0.876718,-0.065556;;,
   4000;4;-0.439249,-0.009799,0.896721,-0.053445;;,
   4160;4;-0.398586,0.000898,0.916315,-0.038675;;;
  }

  AnimationKey T {
   2;
   27;
   0;3;0.000000,112.617062,0.000000;;,
   160;3;0.000000,112.897843,0.000000;;,
   320;3;0.000000,114.650778,0.000000;;,
   480;3;0.000000,116.892275,0.000000;;,
   640;3;0.000000,118.830016,0.000000;;,
   800;3;0.000000,119.579174,0.000000;;,
   960;3;0.000000,118.989056,0.000000;;,
   1120;3;0.000000,117.834330,0.000000;;,
   1280;3;0.000000,116.500749,0.000000;;,
   1440;3;0.000000,116.186842,0.000000;;,
   1600;3;0.000000,116.970202,0.000000;;,
   1760;3;0.000000,118.068890,0.000000;;,
   1920;3;0.000000,119.104704,0.000000;;,
   2080;3;0.000000,118.185946,0.000000;;,
   2240;3;0.000000,115.686784,0.000000;;,
   2400;3;0.000000,112.958387,0.000000;;,
   2560;3;0.000000,111.834957,0.000000;;,
   2720;3;0.000000,111.728525,0.000000;;,
   2880;3;0.000000,111.909734,0.000000;;,
   3040;3;0.000000,112.463437,0.000000;;,
   3200;3;0.000000,112.690982,0.000000;;,
   3360;3;0.000000,112.859558,0.000000;;,
   3520;3;0.000000,112.280384,0.000000;;,
   3680;3;0.000000,110.817715,0.000000;;,
   3840;3;0.000000,109.327194,0.000000;;,
   4000;3;0.000000,108.604147,0.000000;;,
   4160;3;0.000000,109.679859,0.000000;;;
  }
 }

 Animation {
  
  { Bip001_Pelvis }

  AnimationKey S {
   1;
   2;
   0;3;1.000000,1.000000,1.000000;;,
   4160;3;1.000000,1.000000,1.000000;;;
  }

  AnimationKey R {
   0;
   24;
   0;4;0.503505,-0.496471,-0.503504,-0.496471;;,
   160;4;0.488047,-0.511673,-0.488047,-0.511674;;,
   320;4;0.474990,-0.523818,-0.474989,-0.523818;;,
   480;4;0.475051,-0.523762,-0.475050,-0.523763;;,
   640;4;0.478495,-0.520618,-0.478494,-0.520618;;,
   800;4;0.486264,-0.513369,-0.486263,-0.513369;;,
   960;4;0.479715,-0.519493,-0.479714,-0.519494;;,
   1120;4;0.479858,-0.519362,-0.479857,-0.519363;;,
   1280;4;0.479707,-0.519501,-0.479706,-0.519502;;,
   1440;4;0.482688,-0.516733,-0.482687,-0.516733;;,
   1600;4;0.489936,-0.509865,-0.489935,-0.509866;;,
   1760;4;0.501555,-0.498440,-0.501554,-0.498441;;,
   1920;4;0.509882,-0.489919,-0.509881,-0.489920;;,
   2080;4;0.508560,-0.491291,-0.508560,-0.491291;;,
   2240;4;0.505920,-0.494009,-0.505920,-0.494009;;,
   2400;4;0.503710,-0.496262,-0.503709,-0.496263;;,
   2560;4;0.504720,-0.495235,-0.504719,-0.495236;;,
   2720;4;0.507769,-0.492108,-0.507768,-0.492109;;,
   2880;4;0.512417,-0.487267,-0.512416,-0.487268;;,
   3040;4;0.516387,-0.483058,-0.516386,-0.483058;;,
   3200;4;0.517697,-0.481653,-0.517697,-0.481654;;,
   3360;4;0.503168,-0.496812,-0.503167,-0.496813;;,
   3520;4;0.500001,-0.499999,-0.500000,-0.500000;;,
   4160;4;0.500001,-0.499999,-0.500000,-0.500000;;;
  }

  AnimationKey T {
   2;
   2;
   0;3;0.000000,0.000000,0.000000;;,
   4160;3;0.000000,0.000000,0.000000;;;
  }
 }

 Animation {
  
  { Bip001_Spine }

  AnimationKey S {
   1;
   2;
   0;3;1.000000,1.000000,1.000000;;,
   4160;3;1.000000,1.000000,1.000000;;;
  }

  AnimationKey R {
   0;
   27;
   0;4;0.999999,0.000247,0.000399,-0.001637;;,
   160;4;0.999611,0.000253,0.000391,0.027905;;,
   320;4;0.998684,0.000171,0.000390,0.051283;;,
   480;4;0.998866,-0.000042,0.000400,0.047605;;,
   640;4;0.999425,-0.000246,0.000407,0.033913;;,
   800;4;0.999852,-0.000083,0.000400,0.017176;;,
   960;4;0.999550,0.000053,0.000397,0.029990;;,
   1120;4;0.999358,0.000043,0.000397,0.035837;;,
   1280;4;0.999216,0.000016,0.000398,0.039597;;,
   1440;4;0.999420,0.000012,0.000398,0.034042;;,
   1600;4;0.999804,-0.000001,0.000398,0.019803;;,
   1760;4;0.999999,0.000106,0.000398,-0.001158;;,
   1920;4;0.999921,0.000512,0.000405,-0.012587;;,
   2080;4;0.999953,0.000422,0.000402,-0.009709;;,
   2240;4;0.999951,0.000040,0.000399,-0.009864;;,
   2400;4;0.999963,-0.000032,0.000398,-0.008550;;,
   2560;4;0.999847,-0.000375,0.000391,-0.017514;;,
   2720;4;0.999575,-0.001286,0.000361,-0.029113;;,
   2880;4;0.999376,-0.001536,0.000344,-0.035302;;,
   3040;4;0.999185,-0.001181,0.000352,-0.040353;;,
   3200;4;0.998621,-0.003112,0.000236,-0.052403;;,
   3360;4;0.999720,-0.003240,0.000322,-0.023428;;,
   3520;4;0.999910,-0.002282,0.000368,-0.013185;;,
   3680;4;0.999962,-0.001260,0.000387,-0.008603;;,
   3840;4;1.000000,0.000010,0.000398,0.000057;;,
   4000;4;1.000000,0.000000,0.000398,0.000052;;,
   4160;4;1.000000,-0.000022,0.000398,-0.000661;;;
  }

  AnimationKey T {
   2;
   24;
   0;3;14.260566,0.200617,-0.012834;;,
   160;3;14.246056,-0.673744,-0.012833;;,
   320;3;14.193978,-1.391135,-0.012835;;,
   480;3;14.194290,-1.387797,-0.012836;;,
   640;3;14.211381,-1.200448,-0.012836;;,
   800;3;14.241035,-0.772859,-0.012835;;,
   960;3;14.216850,-1.133754,-0.012835;;,
   1120;3;14.217461,-1.125954,-0.012836;;,
   1280;3;14.216789,-1.134200,-0.012837;;,
   1440;3;14.228920,-0.970560,-0.012838;;,
   1600;3;14.250642,-0.568365,-0.012837;;,
   1760;3;14.261718,0.088831,-0.012837;;,
   1920;3;14.250618,0.569283,-0.012838;;,
   2080;3;14.253472,0.492501,-0.012836;;,
   2240;3;14.257942,0.339736,-0.012838;;,
   2400;3;14.260392,0.212416,-0.012838;;,
   2560;3;14.259414,0.270509,-0.012837;;,
   2720;3;14.254982,0.446662,-0.012832;;,
   2880;3;14.243934,0.717165,-0.012831;;,
   3040;3;14.230286,0.950168,-0.012831;;,
   3200;3;14.224907,1.027526,-0.012831;;,
   3360;3;14.260826,0.181356,-0.012833;;,
   3520;3;14.261971,0.000081,-0.012833;;,
   4160;3;14.261978,0.000057,-0.012833;;;
  }
 }

 Animation {
  
  { Bip001_Spine1 }

  AnimationKey S {
   1;
   2;
   0;3;1.000000,1.000000,1.000000;;,
   4160;3;1.000000,1.000000,1.000000;;;
  }

  AnimationKey R {
   0;
   2;
   0;4;1.000000,0.000000,0.000000,-0.000000;;,
   4160;4;1.000000,-0.000000,0.000000,0.000000;;;
  }

  AnimationKey T {
   2;
   2;
   0;3;16.122208,0.000000,-0.012837;;,
   4160;3;16.122230,-0.000000,-0.012838;;;
  }
 }

 Animation {
  
  { Bip001_Spine2 }

  AnimationKey S {
   1;
   2;
   0;3;1.000000,1.000000,1.000000;;,
   4160;3;1.000000,1.000000,1.000000;;;
  }

  AnimationKey R {
   0;
   2;
   0;4;1.000000,0.000000,0.000000,-0.000000;;,
   4160;4;1.000000,-0.000000,0.000000,0.000000;;;
  }

  AnimationKey T {
   2;
   2;
   0;3;16.122222,-0.000001,-0.012837;;,
   4160;3;16.122208,0.000002,-0.012839;;;
  }
 }

 Animation {
  
  { Bip001_Spine3 }

  AnimationKey S {
   1;
   2;
   0;3;1.000000,1.000000,1.000000;;,
   4160;3;1.000000,1.000000,1.000000;;;
  }

  AnimationKey R {
   0;
   2;
   0;4;1.000000,0.000000,0.000000,-0.000000;;,
   4160;4;1.000000,-0.000000,0.000000,0.000000;;;
  }

  AnimationKey T {
   2;
   2;
   0;3;16.122222,0.000000,-0.012838;;,
   4160;3;16.122222,-0.000001,-0.012837;;;
  }
 }

 Animation {
  
  { Bip001_Neck }

  AnimationKey S {
   1;
   2;
   0;3;1.000000,1.000000,1.000000;;,
   4160;3;1.000000,1.000000,1.000000;;;
  }

  AnimationKey R {
   0;
   27;
   0;4;0.982722,-0.002026,0.173224,0.065165;;,
   160;4;0.982179,-0.008416,0.173316,0.072213;;,
   320;4;0.981526,-0.007808,0.175636,0.075478;;,
   480;4;0.980451,-0.002388,0.176081,0.087786;;,
   640;4;0.979119,0.001662,0.182942,0.088626;;,
   800;4;0.978330,0.004629,0.184738,0.093383;;,
   960;4;0.977964,0.007296,0.189836,0.086575;;,
   1120;4;0.978831,0.014441,0.190942,0.072269;;,
   1280;4;0.980113,0.018373,0.185759,0.067340;;,
   1440;4;0.980785,0.026499,0.185249,0.055144;;,
   1600;4;0.980188,0.042579,0.190166,0.035441;;,
   1760;4;0.977815,0.066350,0.198415,0.010323;;,
   1920;4;0.975652,0.089480,0.200167,-0.005428;;,
   2080;4;0.971941,0.108361,0.208389,-0.012752;;,
   2240;4;0.967552,0.134234,0.212461,-0.026164;;,
   2400;4;0.970686,0.119487,0.208286,-0.010418;;,
   2560;4;0.973882,0.059940,0.213024,0.050814;;,
   2720;4;0.977013,-0.022709,0.175251,0.119239;;,
   2880;4;0.978573,-0.052580,0.158019,0.121082;;,
   3040;4;0.974393,-0.073164,0.156550,0.143864;;,
   3200;4;0.967688,-0.094676,0.147354,0.181393;;,
   3360;4;0.968653,-0.082661,0.143466,0.185195;;,
   3520;4;0.970688,-0.077760,0.138966,0.180017;;,
   3680;4;0.973060,-0.066449,0.138559,0.171874;;,
   3840;4;0.975258,-0.056927,0.140712,0.160720;;,
   4000;4;0.976838,-0.039203,0.152104,0.145313;;,
   4160;4;0.978586,-0.021211,0.157383,0.130956;;;
  }

  AnimationKey T {
   2;
   24;
   0;3;16.124755,-0.000138,-0.006962;;,
   320;3;16.124741,-0.000062,-0.006962;;,
   480;3;16.124755,-0.000194,-0.006948;;,
   640;3;16.124878,-0.000265,-0.006912;;,
   1120;3;16.124893,-0.000322,-0.006902;;,
   1280;3;16.124893,-0.000451,-0.006891;;,
   1440;3;16.124893,-0.000536,-0.006888;;,
   1600;3;16.124954,-0.000719,-0.006845;;,
   1760;3;16.125077,-0.000991,-0.006760;;,
   1920;3;16.125138,-0.001277,-0.006697;;,
   2080;3;16.125229,-0.001520,-0.006592;;,
   2240;3;16.125320,-0.001841,-0.006473;;,
   2400;3;16.125229,-0.001687,-0.006552;;,
   2560;3;16.125259,-0.001026,-0.006681;;,
   2720;3;16.124802,0.000021,-0.006945;;,
   2880;3;16.124603,0.000479,-0.006998;;,
   3040;3;16.124634,0.000723,-0.006962;;,
   3200;3;16.124573,0.000963,-0.006954;;,
   3360;3;16.124526,0.000792,-0.007004;;,
   3520;3;16.124421,0.000750,-0.007038;;,
   3680;3;16.124405,0.000607,-0.007057;;,
   3840;3;16.124390,0.000487,-0.007065;;,
   4000;3;16.124512,0.000241,-0.007040;;,
   4160;3;16.124542,0.000002,-0.007033;;;
  }
 }

 Animation {
  
  { Bip001_L_Clavicle }

  AnimationKey S {
   1;
   2;
   0;3;1.000000,1.000000,1.000000;;,
   4160;3;1.000000,1.000000,1.000000;;;
  }

  AnimationKey R {
   0;
   27;
   0;4;0.095909,0.488535,0.852789,-0.157753;;,
   160;4;0.091972,0.482153,0.855914,-0.162734;;,
   320;4;0.094047,0.478978,0.857350,-0.163361;;,
   480;4;0.096741,0.468443,0.863748,-0.158563;;,
   640;4;0.104672,0.466744,0.863668,-0.158972;;,
   800;4;0.107556,0.462397,0.865956,-0.157290;;,
   960;4;0.113694,0.467589,0.862205,-0.158228;;,
   1120;4;0.119482,0.480087,0.855359,-0.153627;;,
   1280;4;0.117683,0.485355,0.853668,-0.147762;;,
   1440;4;0.122568,0.496147,0.847843,-0.141342;;,
   1600;4;0.136921,0.512401,0.837473,-0.131668;;,
   1760;4;0.158758,0.532230,0.823216,-0.117655;;,
   1920;4;0.174291,0.544845,0.814089,-0.100131;;,
   2080;4;0.192300,0.549068,0.808438,-0.089294;;,
   2240;4;0.211235,0.558476,0.799063,-0.070580;;,
   2400;4;0.198383,0.546917,0.809408,-0.079901;;,
   2560;4;0.164814,0.495503,0.842983,-0.129199;;,
   2720;4;0.082803,0.439811,0.877316,-0.173280;;,
   2880;4;0.051626,0.438987,0.877046,-0.188191;;,
   3040;4;0.037586,0.417105,0.885080,-0.203085;;,
   3200;4;0.015851,0.382105,0.898951,-0.213615;;,
   3360;4;0.019134,0.380268,0.902471,-0.201437;;,
   3520;4;0.018425,0.386164,0.901348,-0.195216;;,
   3680;4;0.024864,0.394705,0.899406,-0.186168;;,
   3840;4;0.032598,0.405391,0.895624,-0.180149;;,
   4000;4;0.052846,0.418999,0.889840,-0.172719;;,
   4160;4;0.068140,0.432230,0.884546,-0.161596;;;
  }

  AnimationKey T {
   2;
   27;
   0;3;-0.558991,4.303700,0.088112;;,
   160;3;-0.628387,4.294712,0.044289;;,
   320;3;-0.655029,4.290611,0.055939;;,
   480;3;-0.750855,4.273651,0.121269;;,
   640;3;-0.750687,4.272386,0.162277;;,
   800;3;-0.785690,4.264708,0.196480;;,
   960;3;-0.722977,4.275068,0.212006;;,
   1120;3;-0.590164,4.293450,0.249901;;,
   1280;3;-0.543350,4.298302,0.272324;;,
   1440;3;-0.426910,4.308102,0.321701;;,
   1600;3;-0.231277,4.313957,0.428207;;,
   1760;3;0.026657,4.301460,0.588394;;,
   1920;3;0.201462,4.270836,0.755844;;,
   2080;3;0.303619,4.237253,0.898636;;,
   2240;3;0.467346,4.178233,1.086639;;,
   2400;3;0.303848,4.215720,0.995430;;,
   2560;3;-0.318771,4.286993,0.608131;;,
   2720;3;-1.045883,4.212692,-0.003807;;,
   2880;3;-1.100723,4.189327,-0.273186;;,
   3040;3;-1.316345,4.114456,-0.415985;;,
   3200;3;-1.644943,3.977142,-0.555908;;,
   3360;3;-1.660263,3.983540,-0.457047;;,
   3520;3;-1.610779,4.006779,-0.430687;;,
   3680;3;-1.531799,4.045814,-0.347183;;,
   3840;3;-1.430267,4.088226,-0.278252;;,
   4000;3;-1.284027,4.143952,-0.133179;;,
   4160;3;-1.141495,4.187813,0.006123;;;
  }
 }

 Animation {
  
  { Bip001_L_UpperArm }

  AnimationKey S {
   1;
   2;
   0;3;1.000000,1.000000,1.000000;;,
   4160;3;1.000000,1.000000,1.000000;;;
  }

  AnimationKey R {
   0;
   27;
   0;4;0.888575,-0.071315,-0.297695,0.341654;;,
   160;4;0.894165,-0.065245,-0.281951,0.341636;;,
   320;4;0.898196,-0.067571,-0.267105,0.342539;;,
   480;4;0.905938,-0.084734,-0.251229,0.330123;;,
   640;4;0.917515,-0.089806,-0.229954,0.311806;;,
   800;4;0.923977,-0.082564,-0.212542,0.307043;;,
   960;4;0.932059,-0.070221,-0.177441,0.307978;;,
   1120;4;0.930876,-0.066083,-0.130573,0.334744;;,
   1280;4;0.930267,-0.061813,-0.108580,0.344955;;,
   1440;4;0.934688,-0.064044,-0.127406,0.325613;;,
   1600;4;0.938189,-0.082862,-0.155470,0.297934;;,
   1760;4;0.942739,-0.170657,-0.174821,0.227060;;,
   1920;4;0.896222,-0.356223,-0.230446,0.129558;;,
   2080;4;0.788891,-0.506911,-0.341220,0.065284;;,
   2240;4;0.769146,-0.514230,-0.376917,0.043766;;,
   2400;4;0.821824,-0.403523,-0.389934,0.098618;;,
   2560;4;0.853526,-0.233524,-0.426012,0.188344;;,
   2720;4;0.852250,-0.145878,-0.424281,0.269028;;,
   2880;4;0.852544,-0.139329,-0.375246,0.336075;;,
   3040;4;0.854406,-0.112135,-0.376485,0.340111;;,
   3200;4;0.863568,-0.091744,-0.392575,0.302849;;,
   3360;4;0.879565,-0.119814,-0.353901,0.294556;;,
   3520;4;0.883201,-0.152186,-0.323120,0.303955;;,
   3680;4;0.883792,-0.176044,-0.310859,0.302137;;,
   3840;4;0.897201,-0.183469,-0.272124,0.295498;;,
   4000;4;0.914034,-0.189789,-0.196712,0.299709;;,
   4160;4;0.913769,-0.194471,-0.130020,0.332117;;;
  }

  AnimationKey T {
   2;
   2;
   0;3;16.122227,0.000000,0.000000;;,
   4160;3;16.122222,0.000000,0.000001;;;
  }
 }

 Animation {
  
  { Bip001_L_Forearm }

  AnimationKey S {
   1;
   2;
   0;3;1.000000,1.000000,1.000000;;,
   4160;3;1.000000,1.000000,1.000000;;;
  }

  AnimationKey R {
   0;
   27;
   0;4;0.633485,-0.000000,-0.773755,0.000000;;,
   160;4;0.643005,0.000000,-0.765862,-0.000000;;,
   320;4;0.641135,-0.000000,-0.767428,-0.000000;;,
