xof 0303txt 0032
template Frame {
 <3d82ab46-62da-11cf-ab39-0020af71e433>
 [...]
}

template Matrix4x4 {
 <f6f23f45-7686-11cf-8f52-0040333594a3>
 array FLOAT matrix[16];
}

template FrameTransformMatrix {
 <f6f23f41-7686-11cf-8f52-0040333594a3>
 Matrix4x4 frameMatrix;
}

template Vector {
 <3d82ab5e-62da-11cf-ab39-0020af71e433>
 FLOAT x;
 FLOAT y;
 FLOAT z;
}

template MeshFace {
 <3d82ab5f-62da-11cf-ab39-0020af71e433>
 DWORD nFaceVertexIndices;
 array DWORD faceVertexIndices[nFaceVertexIndices];
}

template Mesh {
 <3d82ab44-62da-11cf-ab39-0020af71e433>
 DWORD nVertices;
 array Vector vertices[nVertices];
 DWORD nFaces;
 array MeshFace faces[nFaces];
 [...]
}

template VertexElement {
 <f752461c-1e23-48f6-b9f8-8350850f336f>
 DWORD Type;
 DWORD Method;
 DWORD Usage;
 DWORD UsageIndex;
}

template DeclData {
 <bf22e553-292c-4781-9fea-62bd554bdd93>
 DWORD nElements;
 array VertexElement Elements[nElements];
 DWORD nDWords;
 array DWORD data[nDWords];
}

template XSkinMeshHeader {
 <3cf169ce-ff7c-44ab-93c0-f78f62d172e2>
 WORD nMaxSkinWeightsPerVertex;
 WORD nMaxSkinWeightsPerFace;
 WORD nBones;
}

template SkinWeights {
 <6f0d123b-bad2-4167-a0d0-80224f25fabb>
 STRING transformNodeName;
 DWORD nWeights;
 array DWORD vertexIndices[nWeights];
 array FLOAT weights[nWeights];
 Matrix4x4 matrixOffset;
}

template AnimTicksPerSecond {
 <9e415a43-7ba6-4a73-8743-b73d47e88476>
 DWORD AnimTicksPerSecond;
}

template Animation {
 <3d82ab4f-62da-11cf-ab39-0020af71e433>
 [...]
}

template AnimationSet {
 <3d82ab50-62da-11cf-ab39-0020af71e433>
 [Animation <3d82ab4f-62da-11cf-ab39-0020af71e433>]
}

template FloatKeys {
 <10dd46a9-775b-11cf-8f52-0040333594a3>
 DWORD nValues;
 array FLOAT values[nValues];
}

template TimedFloatKeys {
 <f406b180-7b3b-11cf-8f52-0040333594a3>
 DWORD time;
 FloatKeys tfkeys;
}

template AnimationKey {
 <10dd46a8-775b-11cf-8f52-0040333594a3>
 DWORD keyType;
 DWORD nKeys;
 array TimedFloatKeys keys[nKeys];
}


Frame Bip001 {
 

 FrameTransformMatrix {
  -0.939041,-0.047524,-0.340505,0.000000,-0.058394,0.998057,0.021741,0.000000,0.338810,0.040299,-0.939991,0.000000,-5.827972,115.864141,15.387920,1.000000;;
 }

 Frame Bip001_Pelvis {
  

  FrameTransformMatrix {
   -0.000000,0.999979,0.006496,0.000000,-0.000001,-0.006496,0.999979,0.000000,1.000000,-0.000000,0.000001,0.000000,0.000000,0.000000,0.000000,1.000000;;
  }

  Frame Bip001_Spine {
   

   FrameTransformMatrix {
    0.999643,-0.026706,0.000796,0.000000,0.026707,0.999643,-0.000958,0.000000,-0.000770,0.000979,0.999999,0.000000,14.261658,-0.092656,-0.012835,1.000000;;
   }

   Frame Bip001_Spine1 {
    

    FrameTransformMatrix {
     1.000000,-0.000000,0.000000,0.000000,-0.000000,1.000000,0.000000,0.000000,-0.000000,-0.000000,1.000000,0.000000,16.122238,-0.000003,-0.012839,1.000000;;
    }

    Frame Bip001_Spine2 {
     

     FrameTransformMatrix {
      1.000000,-0.000000,0.000000,0.000000,-0.000000,1.000000,0.000000,0.000000,-0.000000,-0.000000,1.000000,0.000000,16.122208,0.000001,-0.012837,1.000000;;
     }

     Frame Bip001_Spine3 {
      

      FrameTransformMatrix {
       1.000000,-0.000000,0.000000,0.000000,-0.000000,1.000000,0.000000,0.000000,-0.000000,-0.000000,1.000000,0.000000,16.122208,-0.000002,-0.012837,1.000000;;
      }

      Frame Bip001_Neck {
       

       FrameTransformMatrix {
        0.910827,-0.031704,0.411569,0.000000,0.084876,0.990126,-0.111563,0.000000,-0.403968,0.136546,0.904525,0.000000,16.125214,-0.001010,-0.006701,1.000000;;
       }

       Frame Bip001_L_Clavicle {
        

        FrameTransformMatrix {
         -0.417310,0.896957,0.146019,0.000000,0.814596,0.440434,-0.377428,0.000000,-0.402848,-0.038558,-0.914454,0.000000,-0.137619,4.297743,0.600090,1.000000;;
        }

        Frame Bip001_L_UpperArm {
         

         FrameTransformMatrix {
          0.704027,-0.434655,-0.561624,0.000000,0.617958,0.764649,0.182865,0.000000,0.349962,-0.475802,0.806932,0.000000,16.122216,0.000015,0.000000,1.000000;;
         }

         Frame Bip001_L_Forearm {
          

          FrameTransformMatrix {
           -0.240696,0.000000,-0.970601,0.000000,0.000000,1.000000,0.000000,0.000000,0.970601,0.000000,-0.240696,0.000000,44.136810,0.000008,0.000000,1.000000;;
          }

          Frame Bip001_L_Hand {
           

           FrameTransformMatrix {
            0.821034,-0.555015,-0.133650,0.000000,0.098349,-0.093100,0.990788,0.000000,-0.562344,-0.826614,-0.021853,0.000000,37.683373,-0.000008,-0.000008,1.000000;;
           }

           Frame Bip001_L_Finger0 {
            

            FrameTransformMatrix {
             0.780581,-0.239633,0.577294,0.000000,0.617586,0.438035,-0.653233,0.000000,-0.096339,0.866430,0.489916,0.000000,4.289871,-5.456856,2.394806,1.000000;;
            }

            Frame Bip001_L_Finger01 {
             

             FrameTransformMatrix {
              0.041518,0.159813,0.986274,0.000000,-0.060725,0.985704,-0.157165,0.000000,-0.997291,-0.053366,0.050629,0.000000,3.875534,0.000015,0.000000,1.000000;;
             }

             Frame Bip001_L_Finger02 {
              

              FrameTransformMatrix {
               1.000000,0.000000,0.000000,0.000000,0.000000,1.000000,0.000000,0.000000,0.000000,0.000000,1.000000,0.000000,3.875549,0.000000,0.000000,1.000000;;
              }

              Frame Bip001_L_Finger0Nub {
               

               FrameTransformMatrix {
                1.000000,0.000000,0.000000,0.000000,0.000000,1.000000,0.000000,0.000000,0.000000,0.000000,1.000000,0.000000,3.875526,0.000000,-0.000003,1.000000;;
               }
              }
             }
            }
           }

           Frame Bip001_L_Finger1 {
            

            FrameTransformMatrix {
             0.698976,-0.000569,0.715144,0.000000,0.000000,1.000000,0.000796,0.000000,-0.715145,-0.000557,0.698976,0.000000,11.734268,-5.461197,-0.417770,1.000000;;
            }

            Frame Bip001_L_Finger11 {
             

             FrameTransformMatrix {
              0.368318,0.000000,0.929700,0.000000,-0.000000,1.000000,0.000000,0.000000,-0.929700,-0.000000,0.368318,0.000000,4.650638,-0.000008,0.000000,1.000000;;
             }

             Frame Bip001_L_Finger12 {
              

              FrameTransformMatrix {
               0.876782,0.000000,0.480888,0.000000,-0.000000,1.000000,-0.000000,0.000000,-0.480888,0.000000,0.876782,0.000000,4.650650,0.000011,-0.000003,1.000000;;
              }

              Frame Bip001_L_Finger1Nub {
               

               FrameTransformMatrix {
                1.000000,-0.000000,-0.000000,0.000000,0.000000,1.000000,0.000000,0.000000,0.000000,0.000000,1.000000,0.000000,4.650650,0.000000,0.000000,1.000000;;
               }
              }
             }
            }
           }

           Frame Bip001_L_Finger2 {
            

            FrameTransformMatrix {
             0.712053,0.024166,0.701710,0.000000,-0.054546,0.998291,0.020970,0.000000,-0.700004,-0.053207,0.712154,0.000000,11.686760,-1.501312,-0.364792,1.000000;;
            }

            Frame Bip001_L_Finger21 {
             

             FrameTransformMatrix {
              0.368318,0.000000,0.929700,0.000000,-0.000000,1.000000,0.000000,0.000000,-0.929700,-0.000000,0.368318,0.000000,4.698422,0.000000,0.000000,1.000000;;
             }

             Frame Bip001_L_Finger22 {
              

              FrameTransformMatrix {
               0.986781,0.000000,0.162062,0.000000,-0.000000,1.000000,-0.000000,0.000000,-0.162062,0.000000,0.986781,0.000000,5.425751,0.000000,-0.000006,1.000000;;
              }

              Frame Bip001_L_Finger2Nub {
               

               FrameTransformMatrix {
                1.000000,-0.000000,0.000000,0.000000,-0.000000,1.000000,-0.000000,0.000000,0.000000,-0.000000,1.000000,0.000000,5.425766,0.000008,0.000006,1.000000;;
               }
              }
             }
            }
           }

           Frame Bip001_L_Finger3 {
            

            FrameTransformMatrix {
             0.661805,0.024606,0.749272,0.000000,-0.084190,0.995578,0.041667,0.000000,-0.744933,-0.090656,0.660951,0.000000,11.686188,1.606098,-0.362915,1.000000;;
            }

            Frame Bip001_L_Finger31 {
             

             FrameTransformMatrix {
              0.419515,0.000000,0.907749,0.000000,0.000000,1.000000,-0.000000,0.000000,-0.907749,0.000000,0.419515,0.000000,4.316544,0.000000,0.000000,1.000000;;
             }

             Frame Bip001_L_Finger32 {
              

              FrameTransformMatrix {
               0.955976,-0.000000,0.293446,0.000000,0.000000,1.000000,-0.000000,0.000000,-0.293446,-0.000000,0.955976,0.000000,4.650635,0.000004,0.000000,1.000000;;
              }

              Frame Bip001_L_Finger3Nub {
               

               FrameTransformMatrix {
                1.000000,0.000000,-0.000000,0.000000,-0.000000,1.000000,0.000000,0.000000,-0.000000,-0.000000,1.000000,0.000000,4.650635,-0.000008,0.000004,1.000000;;
               }
              }
             }
            }
           }

           Frame Bip001_L_Finger4 {
            

            FrameTransformMatrix {
             0.801057,0.075209,0.593844,0.000000,-0.078136,0.996725,-0.020832,0.000000,-0.593466,-0.029713,0.804310,0.000000,10.216782,4.386818,-0.631821,1.000000;;
            }

            Frame Bip001_L_Finger41 {
             

             FrameTransformMatrix {
              0.749323,0.043480,0.660776,0.000000,-0.032611,0.999054,-0.028757,0.000000,-0.661401,-0.000000,0.750032,0.000000,3.003704,-0.000015,-0.000015,1.000000;;
             }

             Frame Bip001_L_Finger42 {
              

              FrameTransformMatrix {
               0.749323,0.043480,0.660776,0.000000,-0.032611,0.999054,-0.028757,0.000000,-0.661401,-0.000000,0.750032,0.000000,3.003708,0.000011,0.000008,1.000000;;
              }

              Frame Bip001_L_Finger4Nub {
               

               FrameTransformMatrix {
                1.000000,0.000000,0.000000,0.000000,0.000000,1.000000,-0.000000,0.000000,0.000000,-0.000000,1.000000,0.000000,3.003708,0.000004,-0.000002,1.000000;;
               }
              }
             }
            }
           }
          }
         }
        }
       }

       Frame Bip001_R_Clavicle {
        

        FrameTransformMatrix {
         -0.255768,-0.966198,-0.032312,0.000000,-0.874067,0.216841,0.434727,0.000000,-0.413026,0.139432,-0.899983,0.000000,0.137619,-4.297741,-0.585274,1.000000;;
        }

        Frame Bip001_R_UpperArm {
         

         FrameTransformMatrix {
          0.689690,0.653865,-0.311108,0.000000,-0.721785,0.655156,-0.223152,0.000000,0.057914,0.378459,0.923805,0.000000,16.122227,0.000000,0.000002,1.000000;;
         }

         Frame Bip001_R_Forearm {
          

          FrameTransformMatrix {
           -0.392796,0.000000,-0.919626,0.000000,0.000000,1.000000,0.000000,0.000000,0.919626,-0.000000,-0.392796,0.000000,44.136819,-0.000008,-0.000008,1.000000;;
          }

          Frame Bip001_R_Hand {
           

           FrameTransformMatrix {
            0.702634,0.558389,-0.441031,0.000000,-0.445705,-0.137773,-0.884515,0.000000,-0.554665,0.818059,0.152072,0.000000,37.683366,-0.000008,0.000000,1.000000;;
           }

           Frame Bip001_R_Finger0 {
            

            FrameTransformMatrix {
             0.888746,0.388061,0.244007,0.000000,-0.456924,0.707259,0.539449,0.000000,0.036763,-0.590925,0.805888,0.000000,4.289871,5.456852,2.394836,1.000000;;
            }

            Frame Bip001_R_Finger01 {
             

             FrameTransformMatrix {
              0.413762,-0.163088,0.895658,0.000000,-0.165954,0.953828,0.250345,0.000000,-0.895132,-0.252221,0.367592,0.000000,3.875534,0.000000,0.000000,1.000000;;
             }

             Frame Bip001_R_Finger02 {
              

              FrameTransformMatrix {
               0.672143,-0.206361,0.711083,0.000000,0.320016,0.947008,-0.027664,0.000000,-0.667693,0.246152,0.702564,0.000000,3.875534,0.000000,0.000000,1.000000;;
              }

              Frame Bip001_R_Finger0Nub {
               

               FrameTransformMatrix {
                -1.000000,-0.000000,0.000000,0.000000,-0.000000,1.000000,0.000000,0.000000,-0.000000,-0.000000,-1.000000,0.000000,3.875534,-0.000015,0.000004,1.000000;;
               }
              }
             }
            }
           }

           Frame Bip001_R_Finger1 {
            

            FrameTransformMatrix {
             0.698976,0.000570,0.715144,0.000000,-0.000000,1.000000,-0.000796,0.000000,-0.715145,0.000557,0.698976,0.000000,11.734268,5.461197,-0.417725,1.000000;;
            }

            Frame Bip001_R_Finger11 {
             

             FrameTransformMatrix {
              0.368318,0.000000,0.929700,0.000000,0.000000,1.000000,-0.000000,0.000000,-0.929700,0.000000,0.368318,0.000000,4.650638,-0.000004,0.000000,1.000000;;
             }

             Frame Bip001_R_Finger12 {
              

              FrameTransformMatrix {
               0.781203,0.000000,0.624277,0.000000,0.000000,1.000000,0.000000,0.000000,-0.624277,0.000000,0.781203,0.000000,4.650650,0.000000,0.000000,1.000000;;
              }

              Frame Bip001_R_Finger1Nub {
               

               FrameTransformMatrix {
                -1.000000,0.000000,0.000000,0.000000,0.000000,1.000000,-0.000000,0.000000,0.000000,-0.000000,-1.000000,0.000000,4.650635,0.000000,0.000008,1.000000;;
               }
              }
             }
            }
           }

           Frame Bip001_R_Finger2 {
            

            FrameTransformMatrix {
             0.712053,-0.024166,0.701710,0.000000,0.054546,0.998291,-0.020970,0.000000,-0.700004,0.053207,0.712154,0.000000,11.686767,1.501305,-0.364777,1.000000;;
            }

            Frame Bip001_R_Finger21 {
             

             FrameTransformMatrix {
              0.368318,0.000000,0.929700,0.000000,-0.000000,1.000000,-0.000000,0.000000,-0.929700,0.000000,0.368318,0.000000,4.698433,-0.000004,0.000000,1.000000;;
             }

             Frame Bip001_R_Finger22 {
              

              FrameTransformMatrix {
               0.814167,0.081360,0.574903,0.000000,-0.069947,0.996667,-0.041990,0.000000,-0.576403,-0.006026,0.817143,0.000000,5.425751,0.000008,-0.000004,1.000000;;
              }

              Frame Bip001_R_Finger2Nub {
               

               FrameTransformMatrix {
                -1.000000,-0.000000,0.000000,0.000000,0.000000,1.000000,-0.000000,0.000000,-0.000000,0.000000,-1.000000,0.000000,5.425736,0.000004,-0.000008,1.000000;;
               }
              }
             }
            }
           }

           Frame Bip001_R_Finger3 {
            

            FrameTransformMatrix {
             0.616579,-0.019200,0.787059,0.000000,0.084190,0.995578,-0.041667,0.000000,-0.782779,0.091953,0.615469,0.000000,11.686188,-1.606106,-0.362915,1.000000;;
            }

            Frame Bip001_R_Finger31 {
             

             FrameTransformMatrix {
              0.368318,0.000000,0.929700,0.000000,-0.007145,0.999971,0.002831,0.000000,-0.929673,-0.007685,0.368307,0.000000,4.316551,-0.000008,0.000015,1.000000;;
             }

             Frame Bip001_R_Finger32 {
              

              FrameTransformMatrix {
               0.946400,-0.000000,0.322996,0.000000,0.000000,1.000000,-0.000000,0.000000,-0.322996,0.000000,0.946400,0.000000,4.650635,0.000000,0.000002,1.000000;;
              }

              Frame Bip001_R_Finger3Nub {
               

               FrameTransformMatrix {
                -1.000000,-0.000000,-0.000000,0.000000,0.000000,1.000000,-0.000000,0.000000,0.000000,0.000000,-1.000000,0.000000,4.650650,0.000008,0.000000,1.000000;;
               }
              }
             }
            }
           }

           Frame Bip001_R_Finger4 {
            

            FrameTransformMatrix {
             0.732051,-0.089522,0.675343,0.000000,0.087627,0.995467,0.036972,0.000000,-0.675591,0.032113,0.736577,0.000000,10.216782,-4.386829,-0.631805,1.000000;;
            }

            Frame Bip001_R_Finger41 {
             

             FrameTransformMatrix {
              0.673121,-0.046251,0.738084,0.000000,0.052203,0.998524,0.014963,0.000000,-0.737687,0.028458,0.674543,0.000000,3.003712,0.000004,0.000000,1.000000;;
             }

             Frame Bip001_R_Finger42 {
              

              FrameTransformMatrix {
               0.673083,-0.047532,0.738038,0.000000,0.053024,0.998466,0.015947,0.000000,-0.737664,0.028400,0.674571,0.000000,3.003708,0.000000,0.000000,1.000000;;
              }

              Frame Bip001_R_Finger4Nub {
               

               FrameTransformMatrix {
                -1.000000,0.000000,0.000000,0.000000,0.000000,1.000000,0.000000,0.000000,0.000000,0.000000,-1.000000,0.000000,3.003693,0.000000,0.000000,1.000000;;
               }
              }
             }
            }
           }
          }
         }
        }
       }

       Frame Bip001_Head {
        

        FrameTransformMatrix {
         0.998986,-0.029049,0.034400,0.000000,0.034371,0.985542,-0.165907,0.000000,-0.029083,0.166921,0.985541,0.000000,15.765366,-0.911512,-0.005150,1.000000;;
        }

        Frame Bip001_HeadNub {
         

         FrameTransformMatrix {
          1.000000,0.000000,0.000000,0.000000,-0.000000,1.000000,0.000000,0.000000,0.000000,0.000000,1.000000,0.000000,29.144029,-0.000002,0.000008,1.000000;;
         }
        }
       }
      }
     }
    }
   }

   Frame Bip001_L_Thigh {
    

    FrameTransformMatrix {
     -0.818390,0.159903,0.551968,0.000000,-0.121111,-0.986927,0.106340,0.000000,0.561756,0.020178,0.827057,0.000000,-14.590264,12.109007,0.036075,1.000000;;
    }

    Frame Bip001_L_Calf {
     

     FrameTransformMatrix {
      0.295533,-0.000000,-0.955333,0.000000,0.000000,1.000000,0.000000,0.000000,0.955333,0.000000,0.295533,0.000000,54.040710,0.000000,0.000004,1.000000;;
     }

     Frame Bip001_L_Foot {
      

      FrameTransformMatrix {
       0.927935,0.320106,0.190968,0.000000,-0.334912,0.940912,0.050193,0.000000,-0.163618,-0.110533,0.980312,0.000000,58.826880,0.000002,0.000010,1.000000;;
      }

      Frame Bip001_L_Toe0 {
       

       FrameTransformMatrix {
        -0.385789,0.140415,0.911839,0.000000,0.028334,0.989687,-0.140416,0.000000,-0.922152,-0.028335,-0.385789,0.000000,14.261976,0.000001,18.354528,1.000000;;
       }

       Frame Bip001_L_Toe01 {
        

        FrameTransformMatrix {
         1.000000,-0.000000,0.000000,0.000000,-0.000000,1.000000,0.000000,0.000000,0.000000,-0.000000,1.000000,0.000000,1.860257,0.000001,0.000000,1.000000;;
        }

        Frame Bip001_L_Toe02 {
         

         FrameTransformMatrix {
          1.000000,-0.000000,0.000000,0.000000,-0.000000,1.000000,0.000000,0.000000,0.000000,-0.000000,1.000000,0.000000,1.860257,-0.000001,0.000000,1.000000;;
         }

         Frame Bip001_L_Toe0Nub {
          

          FrameTransformMatrix {
           -1.000000,0.000000,-0.000000,0.000000,0.000000,1.000000,0.000000,0.000000,0.000000,0.000000,-1.000000,0.000000,1.860257,0.000000,-0.000000,1.000000;;
          }
         }
        }
       }
      }
     }
    }
   }

   Frame Bip001_R_Thigh {
    

    FrameTransformMatrix {
     -0.961151,-0.138429,0.238801,0.000000,0.183795,-0.966431,0.179530,0.000000,0.205932,0.216446,0.954329,0.000000,-13.927811,-12.685557,0.011753,1.000000;;
    }

    Frame Bip001_R_Calf {
     

     FrameTransformMatrix {
      0.631098,0.000000,-0.775703,0.000000,0.000000,1.000000,0.000000,0.000000,0.775703,0.000000,0.631098,0.000000,53.736064,0.000000,0.000000,1.000000;;
     }

     Frame Bip001_R_Foot {
      

      FrameTransformMatrix {
       0.791319,-0.473682,0.386574,0.000000,0.341000,0.866730,0.364004,0.000000,-0.507477,-0.156222,0.847385,0.000000,59.151962,0.000000,0.000004,1.000000;;
      }

      Frame Bip001_R_Toe0 {
       

       FrameTransformMatrix {
        -0.063874,-0.023247,0.997687,0.000000,-0.000743,0.999730,0.023247,0.000000,-0.997958,0.000743,-0.063874,0.000000,14.261973,-0.000004,18.354530,1.000000;;
       }

       Frame Bip001_R_Toe01 {
        

        FrameTransformMatrix {
         1.000000,-0.000000,0.000000,0.000000,-0.000000,1.000000,0.000000,0.000000,0.000000,0.000000,1.000000,0.000000,1.860256,0.000000,0.000000,1.000000;;
        }

        Frame Bip001_R_Toe02 {
         

         FrameTransformMatrix {
          1.000000,-0.000000,0.000000,0.000000,-0.000000,1.000000,0.000000,0.000000,0.000000,0.000000,1.000000,0.000000,1.860256,0.000000,0.000000,1.000000;;
         }

         Frame Bip001_R_Toe0Nub {
          

          FrameTransformMatrix {
           1.000000,-0.000000,0.000000,0.000000,-0.000000,1.000000,0.000000,0.000000,0.000000,0.000000,1.000000,0.000000,1.860260,-0.000002,0.000000,1.000000;;
          }
         }
        }
       }
      }
     }
    }
   }
  }
 }
}

Frame Box001 {
 

 FrameTransformMatrix {
  0.667112,0.000000,0.000000,0.000000,0.000000,0.696682,0.000000,0.000000,0.000000,0.000000,0.492662,0.000000,0.000000,0.000000,0.000000,1.000000;;
 }

 Mesh Box001 {
  24;
  -56.545024;25.510760;-26.910749;,
  -52.789178;24.548880;-29.702134;,
  -53.592752;24.536552;-25.801675;,
  -55.741446;25.523086;-30.811210;,
  -55.939795;27.329162;-26.670632;,
  -52.183952;26.367282;-29.462016;,
  -55.136224;27.341488;-30.571091;,
  -52.987526;26.354954;-25.561558;,
  -56.545024;25.510760;-26.910749;,
  -55.136224;27.341488;-30.571091;,
  -55.741446;25.523086;-30.811210;,
  -55.939795;27.329162;-26.670632;,
  -55.741446;25.523086;-30.811210;,
  -52.183952;26.367282;-29.462016;,
  -52.789178;24.548880;-29.702134;,
  -55.136224;27.341488;-30.571091;,
  -52.789178;24.548880;-29.702134;,
  -52.987526;26.354954;-25.561558;,
  -53.592752;24.536552;-25.801675;,
  -52.183952;26.367282;-29.462016;,
  -53.592752;24.536552;-25.801675;,
  -55.939795;27.329162;-26.670632;,
  -56.545024;25.510760;-26.910749;,
  -52.987526;26.354954;-25.561558;;
  12;
  3;0,1,2;,
  3;1,0,3;,
  3;4,5,6;,
  3;5,4,7;,
  3;8,9,10;,
  3;9,8,11;,
  3;12,13,14;,
  3;13,12,15;,
  3;16,17,18;,
  3;17,16,19;,
  3;20,21,22;,
  3;21,20,23;;

  DeclData {
   2;
   2;0;3;0;,
   1;0;5;0;;
   120;
   3197445738,
   3212074344,
   3179353875,
   1065353216,
   1065353216,
   3197445738,
   3212074344,
   3179353875,
   0,
   0,
   3197445738,
   3212074344,
   3179353875,
   1065353216,
   0,
   3197445738,
   3212074344,
   3179353875,
   0,
   1065353216,
   1049962088,
   1064590696,
   1031870229,
   0,
   1065353216,
   1049962089,
   1064590696,
   1031870229,
   1065353216,
   0,
   1049962088,
   1064590696,
   1031870226,
   1065353216,
   1065353216,
   1049962089,
   1064590696,
   1031870231,
   0,
   0,
   3211560281,
   1051344373,
   3191985688,
   0,
   1065353216,
   3211560281,
   1051344373,
   3191985688,
   1065353216,
   0,
   3211560281,
   1051344372,
   3191985687,
   1065353216,
   1065353216,
   3211560281,
   1051344372,
   3191985687,
   0,
   0,
   1052044687,
   1002552325,
   3211754114,
   0,
   1065353216,
   1052044686,
   1002553063,
   3211754115,
   1065353216,
   0,
   1052044683,
   1002553840,
   3211754115,
   1065353216,
   1065353216,
   1052044691,
   1002551547,
   3211754114,
   0,
   0,
   1064076632,
   3198828025,
   1044502043,
   0,
   1065353216,
   1064076633,
   3198828023,
   1044502041,
   1065353216,
   0,
   1064076633,
   3198828021,
   1044502039,
   1065353216,
   1065353216,
   1064076632,
   3198828026,
   1044502045,
   0,
   0,
   3199528322,
   3150035580,
   1064270469,
   0,
   1065353216,
   3199528322,
   3150035580,
   1064270469,
   1065353216,
   0,
   3199528323,
   3150035580,
   1064270469,
   1065353216,
   1065353216,
   3199528323,
   3150035580,
   1064270469,
   0,
   0;
  }

  XSkinMeshHeader {
   1;
   1;
   1;
  }

  SkinWeights {
   "Bip001_L_Toe0Nub";
   24;
   0,
   1,
   2,
   3,
   4,
   5,
   6,
   7,
   8,
   9,
   10,
   11,
   12,
   13,
   14,
   15,
   16,
   17,
   18,
   19,
   20,
   21,
   22,
   23;
   1.000000,
   1.000000,
   1.000000,
   1.000000,
   1.000000,
   1.000000,
   1.000000,
   1.000000,
   1.000000,
   1.000000,
   1.000000,
   1.000000,
   1.000000,
   1.000000,
   1.000000,
   1.000000,
   1.000000,
   1.000000,
   1.000000,
   1.000000,
   1.000000,
   1.000000,
   1.000000,
   1.000000;
   0.561608,-0.359084,0.026337,0.000000,0.070512,0.059634,-0.690534,0.000000,0.261178,0.413056,0.062340,0.000000,5.689605,13.590314,7.353924,1.000000;;
  }
 }
}

AnimTicksPerSecond  {
 4800;
}

AnimationSet Anim1 {
 

 Animation {
  
  { Bip001 }

  AnimationKey S {
   1;
   2;
   0;3;1.000000,1.000000,1.000000;;,
   7200;3;1.000000,1.000000,1.000000;;;
  }

  AnimationKey R {
   0;
   46;
   0;4;-0.172500,-0.026896,0.984516,0.015754;;,
   160;4;-0.165790,-0.037080,0.985370,0.013576;;,
   320;4;-0.175299,-0.047966,0.983249,0.013793;;,
   480;4;-0.201853,-0.055092,0.977701,0.017943;;,
   640;4;-0.254641,-0.059795,0.965040,0.016728;;,
   800;4;-0.335248,-0.053624,0.940594,0.003998;;,
   960;4;-0.421637,-0.044384,0.905641,-0.008199;;,
   1120;4;-0.520249,-0.046779,0.852532,-0.018480;;,
   1280;4;-0.593283,-0.046391,0.803161,-0.028203;;,
   1440;4;-0.630713,-0.047003,0.773794,-0.035142;;,
   1600;4;-0.617086,-0.054418,0.783915,-0.041470;;,
   1760;4;-0.612250,-0.069270,0.785771,-0.053993;;,
   1920;4;-0.641610,-0.072426,0.761161,-0.061036;;,
   2080;4;-0.652949,-0.072189,0.751339,-0.062736;;,
   2240;4;-0.649963,-0.071845,0.754025,-0.061914;;,
   2400;4;-0.623815,-0.064430,0.777193,-0.051719;;,
   2560;4;-0.574364,-0.053464,0.815987,-0.037590;;,
   2720;4;-0.493071,-0.035071,0.868994,-0.022393;;,
   2880;4;-0.399577,-0.015546,0.916486,-0.012247;;,
   3040;4;-0.335790,-0.003199,0.941859,-0.011660;;,
   3200;4;-0.319812,-0.002006,0.947288,-0.019020;;,
   3360;4;-0.264921,-0.016729,0.964083,-0.009023;;,
   3520;4;-0.195469,-0.030918,0.980222,-0.001032;;,
   3680;4;-0.163984,-0.039312,0.985615,0.011286;;,
   3840;4;-0.134466,-0.044210,0.989557,0.027224;;,
   4000;4;-0.166021,-0.050177,0.984088,0.038601;;,
   4160;4;-0.211178,-0.051416,0.975226,0.041156;;,
   4320;4;-0.263246,-0.050274,0.962127,0.049854;;,
   4480;4;-0.309089,-0.035698,0.948670,0.056711;;,
   4640;4;-0.360511,-0.018810,0.931020,0.053670;;,
   4800;4;-0.400780,-0.004781,0.915231,0.041298;;,
   4960;4;-0.435812,0.002919,0.899514,0.030580;;,
   5120;4;-0.464581,0.003735,0.885326,0.018650;;,
   5280;4;-0.501674,-0.005299,0.865000,0.008389;;,
   5440;4;-0.541218,-0.021311,0.840566,0.008838;;,
   5600;4;-0.577571,-0.028843,0.815735,0.012527;;,
   5760;4;-0.604180,-0.024872,0.796452,0.003493;;,
   5920;4;-0.621365,-0.021200,0.783232,-0.001962;;,
   6080;4;-0.628280,-0.019578,0.777717,-0.006078;;,
   6240;4;-0.612113,-0.020049,0.790484,-0.007113;;,
   6400;4;-0.581262,-0.014393,0.813578,-0.004309;;,
   6560;4;-0.535832,-0.009322,0.844260,-0.004751;;,
   6720;4;-0.484522,-0.006014,0.874753,-0.003129;;,
   6880;4;-0.438919,-0.011959,0.898447,0.000412;;,
   7040;4;-0.382180,-0.019622,0.923785,0.013245;;,
   7200;4;-0.334174,-0.035972,0.941363,0.029480;;;
  }

  AnimationKey T {
   2;
   46;
   0;3;-5.827972,115.864141,15.387920;;,
   160;3;-4.070713,116.712115,14.827914;;,
   320;3;-2.443769,117.898074,13.546338;;,
   480;3;-1.268293,118.795917,11.866000;;,
   640;3;-1.064343,118.390234,10.307775;;,
   800;3;-1.561912,117.016627,7.776602;;,
   960;3;-2.582592,114.974746,4.151906;;,
   1120;3;-3.252071,113.800333,-0.217937;;,
   1280;3;-3.488249,114.550810,-3.954899;;,
   1440;3;-3.375144,115.898150,-6.094634;;,
   1600;3;-3.098809,116.910374,-7.353352;;,
   1760;3;-3.640548,117.687552,-8.689373;;,
   1920;3;-5.057224,118.246733,-10.369694;;,
   2080;3;-6.449157,118.290739,-11.638270;;,
   2240;3;-7.178493,117.778432,-12.204001;;,
   2400;3;-7.424610,116.625434,-12.437070;;,
   2560;3;-7.436202,116.203533,-12.621578;;,
   2720;3;-6.855502,117.047450,-12.473984;;,
   2880;3;-5.443260,118.279155,-11.144118;;,
   3040;3;-3.226312,119.371622,-8.551110;;,
   3200;3;-0.700867,119.536256,-5.850335;;,
   3360;3;1.407679,119.284006,-4.077917;;,
   3520;3;2.943828,118.852570,-1.791745;;,
   3680;3;4.182581,118.436570,1.404822;;,
   3840;3;4.584062,118.095309,5.607691;;,
   4000;3;4.746729,118.442189,10.726696;;,
   4160;3;4.634171,119.263962,16.062069;;,
   4320;3;5.083995,120.358669,20.423774;;,
   4480;3;5.239812,121.779354,24.716587;;,
   4640;3;5.132311,122.780442,28.620822;;,
   4800;3;5.224446,123.616883,32.229981;;,
   4960;3;6.017161,123.705446,35.605798;;,
   5120;3;7.490839,122.884288,38.952634;;,
   5280;3;10.000885,119.970918,42.798557;;,
   5440;3;12.541157,116.794074,46.626544;;,
   5600;3;13.478104,115.061798,49.864627;;,
   5760;3;13.171075,114.969203,51.431654;;,
   5920;3;11.838303,115.712269,51.592259;;,
   6080;3;10.063984,116.735872,50.958634;;,
   6240;3;7.717649,117.302643,49.814534;;,
   6400;3;4.599262,117.093555,47.848090;;,
   6560;3;0.981380,116.218278,45.416749;;,
   6720;3;-2.771542,115.250931,42.906134;;,
   6880;3;-5.587101,114.754624,40.692406;;,
   7040;3;-6.995793,115.083789,37.887846;;,
   7200;3;-7.587685,116.481702,34.527542;;;
  }
 }

 Animation {
  
  { Bip001_Pelvis }

  AnimationKey S {
   1;
   2;
   0;3;1.000000,1.000000,1.000000;;,
   7200;3;1.000000,1.000000,1.000000;;;
  }

  AnimationKey R {
   0;
   2;
   0;4;-0.498374,0.501621,0.498373,0.501622;;,
   7200;4;-0.498374,0.501621,0.498373,0.501622;;;
  }

  AnimationKey T {
   2;
   2;
   0;3;0.000000,0.000000,0.000000;;,
   7200;3;0.000000,0.000000,0.000000;;;
  }
 }

 Animation {
  
  { Bip001_Spine }

  AnimationKey S {
   1;
   2;
   0;3;1.000000,1.000000,1.000000;;,
   7200;3;1.000000,1.000000,1.000000;;;
  }

  AnimationKey R {
   0;
   46;
   0;4;0.999911,0.000484,0.000392,0.013355;;,
   160;4;0.999809,0.001123,0.000376,0.019500;;,
   320;4;0.999718,0.001841,0.000355,0.023664;;,
   480;4;0.999685,0.002206,0.000343,0.024986;;,
   640;4;0.999751,0.002048,0.000353,0.022212;;,
   800;4;0.999830,0.001497,0.000371,0.018369;;,
   960;4;0.999932,0.000739,0.000390,0.011619;;,
   1120;4;0.999926,0.000884,0.000387,0.012135;;,
   1280;4;0.999917,0.001046,0.000385,0.012853;;,
   1440;4;0.999898,0.001296,0.000380,0.014208;;,
   1600;4;0.999747,0.002629,0.000340,0.022333;;,
   1760;4;0.999620,0.004279,0.000281,0.027237;;,
   1920;4;0.999590,0.004806,0.000263,0.028241;;,
   2080;4;0.999876,0.002395,0.000360,0.015574;;,
   2240;4;0.999997,-0.001040,0.000395,-0.002120;;,
   2400;4;0.999885,-0.003025,0.000353,-0.014850;;,
   2560;4;0.999464,-0.004696,0.000246,-0.032405;;,
   2720;4;0.999460,-0.003019,0.000299,-0.032719;;,
   2880;4;0.999861,-0.000765,0.000386,-0.016625;;,
   3040;4;0.999959,-0.000174,0.000397,-0.009026;;,
   3200;4;0.999973,-0.000175,0.000397,-0.007338;;,
   3360;4;1.000000,-0.000119,0.000398,0.000111;;,
   3520;4;0.999976,0.000228,0.000397,0.006892;;,
   3680;4;0.999939,0.000579,0.000392,0.011043;;,
   3840;4;0.999918,0.000768,0.000388,0.012746;;,
   4000;4;0.999863,0.001151,0.000379,0.016500;;,
   4160;4;0.999753,0.001585,0.000363,0.022150;;,
   4320;4;0.999734,0.001408,0.000366,0.023014;;,
   4480;4;0.999879,0.000423,0.000391,0.015548;;,
   4640;4;0.999920,-0.000032,0.000399,0.012628;;,
   4800;4;0.999845,-0.000349,0.000404,0.017617;;,
   4960;4;0.999694,-0.000679,0.000415,0.024729;;,
   5120;4;0.999549,-0.000631,0.000417,0.030026;;,
   5280;4;0.999498,0.000033,0.000397,0.031675;;,
   5440;4;0.999534,0.000724,0.000376,0.030513;;,
   5600;4;0.999830,0.000500,0.000389,0.018447;;,
   5760;4;0.999890,0.000415,0.000392,0.014828;;,
   5920;4;0.999794,0.000615,0.000386,0.020310;;,
   6080;4;0.999645,0.000896,0.000375,0.026626;;,
   6240;4;0.999460,0.001204,0.000359,0.032830;;,
   6400;4;0.999250,0.001020,0.000359,0.038721;;,
   6560;4;0.998971,0.000888,0.000358,0.045344;;,
   6720;4;0.999073,0.000550,0.000375,0.043055;;,
   6880;4;0.999700,0.000453,0.000387,0.024475;;,
   7040;4;0.999828,0.000397,0.000391,0.018526;;,
   7200;4;0.999960,0.000277,0.000396,0.008964;;;
  }

  AnimationKey T {
   2;
   6;
   0;3;14.261658,-0.092656,-0.012835;;,
   2240;3;14.261666,-0.092673,-0.012836;;,
   2400;3;14.261666,-0.092570,-0.012827;;,
   2880;3;14.261674,-0.092527,-0.012833;;,
   3040;3;14.261674,-0.092640,-0.012834;;,
   7200;3;14.261688,-0.092640,-0.012834;;;
  }
 }

 Animation {
  
  { Bip001_Spine1 }

  AnimationKey S {
   1;
   2;
   0;3;1.000000,1.000000,1.000000;;,
   7200;3;1.000000,1.000000,1.000000;;;
  }

  AnimationKey R {
   0;
   2;
   0;4;1.000000,-0.000000,0.000000,-0.000000;;,
   7200;4;1.000000,0.000000,0.000000,-0.000000;;;
  }

  AnimationKey T {
   2;
   2;
   0;3;16.122238,-0.000003,-0.012839;;,
   7200;3;16.122192,0.000000,-0.012836;;;
  }
 }

 Animation {
  
  { Bip001_Spine2 }

  AnimationKey S {
   1;
   2;
   0;3;1.000000,1.000000,1.000000;;,
   7200;3;1.000000,1.000000,1.000000;;;
  }

  AnimationKey R {
   0;
   2;
   0;4;1.000000,-0.000000,0.000000,-0.000000;;,
   7200;4;1.000000,0.000000,0.000000,-0.000000;;;
  }

  AnimationKey T {
   2;
   2;
   0;3;16.122208,0.000001,-0.012837;;,
   7200;3;16.122222,0.000001,-0.012839;;;
  }
 }

 Animation {
  
  { Bip001_Spine3 }

  AnimationKey S {
   1;
   2;
   0;3;1.000000,1.000000,1.000000;;,
   7200;3;1.000000,1.000000,1.000000;;;
  }

  AnimationKey R {
   0;
   2;
   0;4;1.000000,-0.000000,0.000000,-0.000000;;,
   7200;4;1.000000,0.000000,0.000000,-0.000000;;;
  }

  AnimationKey T {
   2;
   2;
   0;3;16.122208,-0.000002,-0.012837;;,
   7200;3;16.122238,0.000000,-0.012838;;;
  }
 }

 Animation {
  
  { Bip001_Neck }

  AnimationKey S {
   1;
   2;
   0;3;1.000000,1.000000,1.000000;;,
   7200;3;1.000000,1.000000,1.000000;;;
  }

  AnimationKey R {
   0;
   46;
   0;4;0.975382,0.063593,0.209030,0.029881;;,
   160;4;0.976498,0.072853,0.202393,0.013467;;,
   320;4;0.976260,0.076959,0.202430,0.003989;;,
   480;4;0.976319,0.082439,0.199445,-0.015039;;,
   640;4;0.977550,0.094092,0.186571,-0.027077;;,
   800;4;0.979539,0.089437,0.177956,-0.028924;;,
   960;4;0.981861,0.072154,0.173904,-0.022361;;,
   1120;4;0.982097,0.047400,0.182176,-0.007121;;,
   1280;4;0.982848,-0.009374,0.171613,0.066862;;,
   1440;4;0.978955,-0.044977,0.165726,0.110272;;,
   1600;4;0.978285,-0.050849,0.169867,0.107323;;,
   1760;4;0.979031,-0.057936,0.172721,0.091158;;,
   1920;4;0.978087,-0.072628,0.163524,0.106444;;,
   2080;4;0.973709,-0.092883,0.157782,0.135528;;,
   2240;4;0.967974,-0.110495,0.152463,0.166048;;,
   2400;4;0.965310,-0.113450,0.155469,0.176450;;,
   2560;4;0.964859,-0.107554,0.162177,0.176571;;,
   2720;4;0.968390,-0.078553,0.179119,0.154811;;,
   2880;4;0.972757,-0.032296,0.193352,0.123754;;,
   3040;4;0.973972,-0.003702,0.199818,0.106945;;,
   3200;4;0.973539,0.013218,0.205244,0.099613;;,
   3360;4;0.973334,0.033525,0.206778,0.093485;;,
   3520;4;0.974330,0.060928,0.206985,0.064239;;,
   3680;4;0.976743,0.085874,0.192715,0.038205;;,
   3840;4;0.978823,0.091235,0.182067,0.020838;;,
   4000;4;0.980175,0.080523,0.180477,0.014170;;,
   4160;4;0.980659,0.054865,0.187116,0.016875;;,
   4320;4;0.979061,0.044540,0.198308,0.011370;;,
   4480;4;0.978634,0.038868,0.200586,0.023037;;,
   4640;4;0.977006,0.027532,0.208100,0.037349;;,
   4800;4;0.976954,0.022630,0.206462,0.049227;;,
   4960;4;0.975017,0.022721,0.217124,0.041015;;,
   5120;4;0.974560,0.015999,0.218634,0.046658;;,
   5280;4;0.974234,0.008871,0.219279,0.052022;;,
   5440;4;0.977373,0.000571,0.202787,0.060167;;,
   5600;4;0.978908,-0.020476,0.188180,0.076863;;,
   5760;4;0.978911,-0.037115,0.184519,0.079422;;,
   5920;4;0.977309,-0.047267,0.182776,0.096056;;,
   6080;4;0.974768,-0.056461,0.189297,0.103957;;,
   6240;4;0.974373,-0.057254,0.189850,0.106190;;,
   6400;4;0.974333,-0.045588,0.195730,0.101426;;,
   6560;4;0.973751,-0.034565,0.202213,0.098616;;,
   6720;4;0.974419,-0.015347,0.206226,0.087996;;,
   6880;4;0.978047,0.014151,0.199385,0.058909;;,
   7040;4;0.979019,0.036343,0.196256,0.041038;;,
   7200;4;0.980093,0.048445,0.191218,0.022528;;;
  }

  AnimationKey T {
   2;
   43;
   0;3;16.125214,-0.001010,-0.006701;;,
   480;3;16.125122,-0.001095,-0.006722;;,
   640;3;16.124954,-0.001286,-0.006763;;,
   800;3;16.124848,-0.001223,-0.006820;;,
   960;3;16.124771,-0.000992,-0.006882;;,
   1120;3;16.124862,-0.000670,-0.006882;;,
   1280;3;16.124741,-0.000032,-0.006971;;,
   1440;3;16.124710,0.000383,-0.006970;;,
   1600;3;16.124755,0.000468,-0.006939;;,
   1760;3;16.124818,0.000607,-0.006918;;,
   1920;3;16.124710,0.000796,-0.006937;;,
   2080;3;16.124680,0.001023,-0.006910;;,
   2240;3;16.124680,0.001211,-0.006880;;,
   2400;3;16.124741,0.001217,-0.006859;;,
   2560;3;16.124818,0.001115,-0.006845;;,
   2720;3;16.124970,0.000716,-0.006842;;,
   2880;3;16.125061,0.000110,-0.006838;;,
   3040;3;16.125122,-0.000263,-0.006816;;,
   3200;3;16.125152,-0.000493,-0.006781;;,
   3360;3;16.125152,-0.000770,-0.006757;;,
   3520;3;16.125122,-0.001076,-0.006718;;,
   3680;3;16.124984,-0.001351,-0.006749;;,
   3840;3;16.124832,-0.001379,-0.006792;;,
   4000;3;16.124818,-0.001206,-0.006828;;,
   4160;3;16.124909,-0.000847,-0.006845;;,
   4320;3;16.125077,-0.000679,-0.006794;;,
   4480;3;16.125091,-0.000633,-0.006790;;,
   4640;3;16.125214,-0.000513,-0.006756;;,
   4800;3;16.125182,-0.000479,-0.006769;;,
   4960;3;16.125350,-0.000458,-0.006701;;,
   5280;3;16.125366,-0.000381,-0.006695;;,
   5440;3;16.125168,-0.000187,-0.006802;;,
   5600;3;16.124970,0.000083,-0.006874;;,
   5760;3;16.124923,0.000321,-0.006882;;,
   5920;3;16.124923,0.000425,-0.006878;;,
   6080;3;16.125046,0.000525,-0.006828;;,
   6240;3;16.125061,0.000529,-0.006824;;,
   6400;3;16.125107,0.000365,-0.006809;;,
   6560;3;16.125182,0.000204,-0.006790;;,
   6720;3;16.125214,-0.000045,-0.006771;;,
   6880;3;16.125091,-0.000378,-0.006819;;,
   7040;3;16.125046,-0.000650,-0.006819;;,
   7200;3;16.124984,-0.000769,-0.006830;;;
  }
 }

 Animation {
  
  { Bip001_L_Clavicle }

  AnimationKey S {
   1;
   2;
   0;3;1.000000,1.000000,1.000000;;,
   7200;3;1.000000,1.000000,1.000000;;;
  }

  AnimationKey R {
   0;
   46;
   0;4;0.164826,0.513982,0.832496,-0.124922;;,
   160;4;0.165552,0.528927,0.824475,-0.114326;;,
   320;4;0.168494,0.536765,0.819203,-0.111352;;,
   480;4;0.170306,0.552879,0.808759,-0.105968;;,
   640;4;0.166967,0.564777,0.803181,-0.089715;;,
   800;4;0.157288,0.567757,0.803125,-0.088900;;,
   960;4;0.143718,0.563186,0.807480,-0.100715;;,
   1120;4;0.135634,0.549213,0.815055,-0.125118;;,
   1280;4;0.090336,0.486999,0.853321,-0.162832;;,
   1440;4;0.062907,0.447941,0.872076,-0.186750;;,
   1600;4;0.063224,0.449484,0.869674,-0.193996;;,
   1760;4;0.062562,0.462733,0.860867,-0.202166;;,
   1920;4;0.045808,0.449574,0.867389,-0.208379;;,
   2080;4;0.028052,0.422673,0.878647,-0.220320;;,
   2240;4;0.012098,0.393912,0.889779,-0.230177;;,
   2400;4;0.012373,0.383537,0.893382,-0.233697;;,
   2560;4;0.021224,0.383014,0.893730,-0.232585;;,
   2720;4;0.052701,0.403079,0.886916,-0.219387;;,
   2880;4;0.092205,0.432165,0.876520,-0.190904;;,
   3040;4;0.114618,0.447488,0.870118,-0.171791;;,
   3200;4;0.129083,0.453655,0.866920,-0.161199;;,
   3360;4;0.142165,0.459345,0.864635,-0.145592;;,
   3520;4;0.159542,0.485123,0.850714,-0.124448;;,
   3680;4;0.163359,0.509855,0.839004,-0.097132;;,
   3840;4;0.158607,0.526212,0.830827,-0.087590;;,
   4000;4;0.151628,0.532109,0.827452,-0.095878;;,
   4160;4;0.142464,0.528658,0.828051,-0.120651;;,
   4320;4;0.146277,0.531156,0.823465,-0.135581;;,
   4480;4;0.144250,0.520930,0.829421,-0.141013;;,
   4640;4;0.143230,0.507286,0.835746,-0.153868;;,
   4800;4;0.138384,0.497374,0.842012,-0.156476;;,
   4960;4;0.147806,0.502382,0.836252,-0.162628;;,
   5120;4;0.144933,0.497101,0.838696,-0.168744;;,
   5280;4;0.141131,0.492162,0.841029,-0.174728;;,
   5440;4;0.122243,0.487903,0.846982,-0.172130;;,
   5600;4;0.097267,0.475047,0.855712,-0.180626;;,
   5760;4;0.084729,0.472469,0.855962,-0.192154;;,
