xof 0303txt 0032
template Frame {
 <3d82ab46-62da-11cf-ab39-0020af71e433>
 [...]
}

template Matrix4x4 {
 <f6f23f45-7686-11cf-8f52-0040333594a3>
 array FLOAT matrix[16];
}

template FrameTransformMatrix {
 <f6f23f41-7686-11cf-8f52-0040333594a3>
 Matrix4x4 frameMatrix;
}

template Vector {
 <3d82ab5e-62da-11cf-ab39-0020af71e433>
 FLOAT x;
 FLOAT y;
 FLOAT z;
}

template MeshFace {
 <3d82ab5f-62da-11cf-ab39-0020af71e433>
 DWORD nFaceVertexIndices;
 array DWORD faceVertexIndices[nFaceVertexIndices];
}

template Mesh {
 <3d82ab44-62da-11cf-ab39-0020af71e433>
 DWORD nVertices;
 array Vector vertices[nVertices];
 DWORD nFaces;
 array MeshFace faces[nFaces];
 [...]
}

template ColorRGBA {
 <35ff44e0-6c7c-11cf-8f52-0040333594a3>
 FLOAT red;
 FLOAT green;
 FLOAT blue;
 FLOAT alpha;
}

template ColorRGB {
 <d3e16e81-7835-11cf-8f52-0040333594a3>
 FLOAT red;
 FLOAT green;
 FLOAT blue;
}

template Material {
 <3d82ab4d-62da-11cf-ab39-0020af71e433>
 ColorRGBA faceColor;
 FLOAT power;
 ColorRGB specularColor;
 ColorRGB emissiveColor;
 [...]
}

template MeshMaterialList {
 <f6f23f42-7686-11cf-8f52-0040333594a3>
 DWORD nMaterials;
 DWORD nFaceIndexes;
 array DWORD faceIndexes[nFaceIndexes];
 [Material <3d82ab4d-62da-11cf-ab39-0020af71e433>]
}

template VertexElement {
 <f752461c-1e23-48f6-b9f8-8350850f336f>
 DWORD Type;
 DWORD Method;
 DWORD Usage;
 DWORD UsageIndex;
}

template DeclData {
 <bf22e553-292c-4781-9fea-62bd554bdd93>
 DWORD nElements;
 array VertexElement Elements[nElements];
 DWORD nDWords;
 array DWORD data[nDWords];
}

template XSkinMeshHeader {
 <3cf169ce-ff7c-44ab-93c0-f78f62d172e2>
 WORD nMaxSkinWeightsPerVertex;
 WORD nMaxSkinWeightsPerFace;
 WORD nBones;
}

template SkinWeights {
 <6f0d123b-bad2-4167-a0d0-80224f25fabb>
 STRING transformNodeName;
 DWORD nWeights;
 array DWORD vertexIndices[nWeights];
 array FLOAT weights[nWeights];
 Matrix4x4 matrixOffset;
}

template AnimTicksPerSecond {
 <9e415a43-7ba6-4a73-8743-b73d47e88476>
 DWORD AnimTicksPerSecond;
}

template Animation {
 <3d82ab4f-62da-11cf-ab39-0020af71e433>
 [...]
}

template AnimationSet {
 <3d82ab50-62da-11cf-ab39-0020af71e433>
 [Animation <3d82ab4f-62da-11cf-ab39-0020af71e433>]
}

template FloatKeys {
 <10dd46a9-775b-11cf-8f52-0040333594a3>
 DWORD nValues;
 array FLOAT values[nValues];
}

template TimedFloatKeys {
 <f406b180-7b3b-11cf-8f52-0040333594a3>
 DWORD time;
 FloatKeys tfkeys;
}

template AnimationKey {
 <10dd46a8-775b-11cf-8f52-0040333594a3>
 DWORD keyType;
 DWORD nKeys;
 array TimedFloatKeys keys[nKeys];
}


Frame Bip001 {
 

 FrameTransformMatrix {
  -0.568829,-0.072442,-0.819259,0.000000,-0.076719,0.996444,-0.034842,0.000000,0.818870,0.043034,-0.572364,0.000000,0.000000,119.065562,0.000000,1.000000;;
 }

 Frame Bip001_Pelvis {
  

  FrameTransformMatrix {
   0.000000,0.999687,-0.025021,0.000000,-0.000001,0.025021,0.999687,0.000000,1.000000,0.000000,0.000001,0.000000,0.000000,0.000000,0.000000,1.000000;;
  }

  Frame Bip001_Spine {
   

   FrameTransformMatrix {
    1.000000,0.000003,0.000796,0.000000,-0.000001,0.999998,-0.001815,0.000000,-0.000796,0.001815,0.999998,0.000000,14.257507,0.356828,-0.012832,1.000000;;
   }

   Frame Bip001_Spine1 {
    

    FrameTransformMatrix {
     1.000000,0.000000,-0.000000,0.000000,0.000000,1.000000,0.000000,0.000000,0.000000,0.000000,1.000000,0.000000,16.122222,0.000001,-0.012838,1.000000;;
    }

    Frame Bip001_Spine2 {
     

     FrameTransformMatrix {
      1.000000,0.000000,-0.000000,0.000000,0.000000,1.000000,0.000000,0.000000,0.000000,0.000000,1.000000,0.000000,16.122208,0.000001,-0.012837,1.000000;;
     }

     Frame Bip001_Spine3 {
      

      FrameTransformMatrix {
       1.000000,0.000000,-0.000000,0.000000,0.000000,1.000000,0.000000,0.000000,0.000000,0.000000,1.000000,0.000000,16.122222,-0.000001,-0.012837,1.000000;;
      }

      Frame Bip001_Neck {
       

       FrameTransformMatrix {
        0.932183,-0.108713,0.345276,0.000000,0.095149,0.993884,0.056049,0.000000,-0.349258,-0.019395,0.936826,0.000000,16.124786,0.000143,-0.006939,1.000000;;
       }

       Frame Bip001_L_Clavicle {
        

        FrameTransformMatrix {
         -0.486743,0.873268,-0.022017,0.000000,0.810535,0.442091,-0.384173,0.000000,-0.325753,-0.204839,-0.922998,0.000000,-0.471893,4.314051,-0.076790,1.000000;;
        }

        Frame Bip001_L_UpperArm {
         

         FrameTransformMatrix {
          0.744450,-0.551683,-0.376086,0.000000,0.560412,0.822490,-0.097198,0.000000,0.362950,-0.138404,0.921473,0.000000,16.122222,-0.000015,0.000002,1.000000;;
         }

         Frame Bip001_L_Forearm {
          

          FrameTransformMatrix {
           -0.145110,-0.000000,-0.989416,0.000000,-0.000000,1.000000,-0.000000,0.000000,0.989416,-0.000000,-0.145110,0.000000,44.136826,0.000000,0.000000,1.000000;;
          }

          Frame Bip001_L_Hand {
           

           FrameTransformMatrix {
            0.852548,-0.506339,-0.129550,0.000000,0.175645,0.044117,0.983465,0.000000,-0.492251,-0.861205,0.126548,0.000000,37.683366,0.000015,-0.000015,1.000000;;
           }

           Frame Bip001_L_Finger0 {
            

            FrameTransformMatrix {
             0.857716,-0.473979,0.199168,0.000000,0.441042,0.479254,-0.758813,0.000000,0.264210,0.738687,0.620108,0.000000,4.289879,-5.456856,2.394791,1.000000;;
            }

            Frame Bip001_L_Finger01 {
             

             FrameTransformMatrix {
              0.129463,0.349730,0.927862,0.000000,0.013623,0.935021,-0.354329,0.000000,-0.991491,0.058513,0.116286,0.000000,3.875536,0.000008,-0.000015,1.000000;;
             }

             Frame Bip001_L_Finger02 {
              

              FrameTransformMatrix {
               0.910317,0.349730,0.221387,0.000000,-0.324402,0.935022,-0.143171,0.000000,-0.257073,0.058513,0.964619,0.000000,3.875534,-0.000015,0.000000,1.000000;;
              }

              Frame Bip001_L_Finger0Nub {
               

               FrameTransformMatrix {
                1.000000,0.000000,-0.000000,0.000000,0.000000,1.000000,-0.000000,0.000000,0.000000,0.000000,1.000000,0.000000,3.875538,0.000000,0.000000,1.000000;;
               }
              }
             }
            }
           }

           Frame Bip001_L_Finger1 {
            

            FrameTransformMatrix {
             0.866799,-0.000397,0.498659,0.000000,-0.000000,1.000000,0.000796,0.000000,-0.498659,-0.000690,0.866798,0.000000,11.734270,-5.461204,-0.417770,1.000000;;
            }

            Frame Bip001_L_Finger11 {
             

             FrameTransformMatrix {
              0.401645,-0.001723,0.915794,0.000000,0.044314,0.998863,-0.017556,0.000000,-0.914723,0.047634,0.401265,0.000000,4.650642,0.000000,0.000000,1.000000;;
             }

             Frame Bip001_L_Finger12 {
              

              FrameTransformMatrix {
               0.731034,0.032524,0.681565,0.000000,0.000000,0.998864,-0.047665,0.000000,-0.682341,0.034845,0.730203,0.000000,4.650650,0.000008,-0.000002,1.000000;;
              }

              Frame Bip001_L_Finger1Nub {
               

               FrameTransformMatrix {
                1.000000,0.000000,0.000000,0.000000,-0.000000,1.000000,0.000000,0.000000,0.000000,-0.000000,1.000000,0.000000,4.650650,0.000008,0.000000,1.000000;;
               }
              }
             }
            }
           }

           Frame Bip001_L_Finger2 {
            

            FrameTransformMatrix {
             0.863902,0.036651,0.502325,0.000000,-0.054546,0.998291,0.020970,0.000000,-0.500698,-0.045516,0.864424,0.000000,11.686764,-1.501312,-0.364792,1.000000;;
            }

            Frame Bip001_L_Finger21 {
             

             FrameTransformMatrix {
              -0.025200,-0.000000,0.999682,0.000000,0.000000,1.000000,0.000000,0.000000,-0.999683,0.000000,-0.025200,0.000000,4.698437,0.000000,0.000000,1.000000;;
             }

             Frame Bip001_L_Finger22 {
              

              FrameTransformMatrix {
               0.960193,-0.000000,0.279338,0.000000,0.000000,1.000000,0.000000,0.000000,-0.279338,0.000000,0.960193,0.000000,5.425751,0.000015,0.000000,1.000000;;
              }

              Frame Bip001_L_Finger2Nub {
               

               FrameTransformMatrix {
                1.000000,-0.000000,0.000000,0.000000,-0.000000,1.000000,0.000000,0.000000,0.000000,0.000000,1.000000,0.000000,5.425743,0.000000,0.000008,1.000000;;
               }
              }
             }
            }
           }

           Frame Bip001_L_Finger3 {
            

            FrameTransformMatrix {
             0.852567,0.050325,0.520190,0.000000,-0.084190,0.995578,0.041667,0.000000,-0.515793,-0.079319,0.853033,0.000000,11.686194,1.606094,-0.362930,1.000000;;
            }

            Frame Bip001_L_Finger31 {
             

             FrameTransformMatrix {
              0.104638,0.000000,0.994511,0.000000,0.000000,1.000000,0.000000,0.000000,-0.994511,0.000000,0.104638,0.000000,4.316540,0.000008,0.000000,1.000000;;
             }

             Frame Bip001_L_Finger32 {
              

              FrameTransformMatrix {
               0.963137,0.000000,0.269013,0.000000,0.000000,1.000000,-0.000000,0.000000,-0.269013,0.000000,0.963136,0.000000,4.650650,-0.000008,0.000000,1.000000;;
              }

              Frame Bip001_L_Finger3Nub {
               

               FrameTransformMatrix {
                1.000000,0.000000,0.000000,0.000000,0.000000,1.000000,0.000000,0.000000,0.000000,0.000000,1.000000,0.000000,4.650650,0.000000,0.000000,1.000000;;
               }
              }
             }
            }
           }

           Frame Bip001_L_Finger4 {
            

            FrameTransformMatrix {
             0.863685,0.034854,0.502825,0.000000,-0.043233,0.999053,0.005008,0.000000,-0.502174,-0.026064,0.864374,0.000000,10.216783,4.386826,-0.631805,1.000000;;
            }

            Frame Bip001_L_Finger41 {
             

             FrameTransformMatrix {
              0.817758,0.000000,0.575562,0.000000,0.000000,1.000000,-0.000000,0.000000,-0.575562,0.000000,0.817758,0.000000,3.003708,0.000004,0.000000,1.000000;;
             }

             Frame Bip001_L_Finger42 {
              

              FrameTransformMatrix {
               0.817759,0.000000,0.575562,0.000000,0.000000,1.000000,0.000000,0.000000,-0.575562,-0.000000,0.817758,0.000000,3.003708,0.000000,0.000000,1.000000;;
              }

              Frame Bip001_L_Finger4Nub {
               

               FrameTransformMatrix {
                1.000000,0.000000,-0.000000,0.000000,0.000000,1.000000,0.000000,0.000000,-0.000000,-0.000000,1.000000,0.000000,3.003723,0.000000,0.000000,1.000000;;
               }
              }
             }
            }
           }
          }
         }
        }
       }

       Frame Bip001_R_Clavicle {
        

        FrameTransformMatrix {
         -0.187059,-0.977356,0.098914,0.000000,-0.918282,0.209739,0.335810,0.000000,-0.348952,-0.028015,-0.936722,0.000000,0.471893,-4.314051,0.091606,1.000000;;
        }

        Frame Bip001_R_UpperArm {
         

         FrameTransformMatrix {
          0.677188,0.733534,-0.057831,0.000000,-0.735309,0.677533,-0.016423,0.000000,0.027136,0.053645,0.998191,0.000000,16.122230,0.000015,0.000002,1.000000;;
         }

         Frame Bip001_R_Forearm {
          

          FrameTransformMatrix {
           -0.304426,-0.000000,-0.952536,0.000000,0.000000,1.000000,-0.000000,0.000000,0.952536,0.000000,-0.304426,0.000000,44.136819,0.000000,0.000000,1.000000;;
          }

          Frame Bip001_R_Hand {
           

           FrameTransformMatrix {
            0.835127,0.430917,-0.341868,0.000000,-0.365737,-0.029214,-0.930259,0.000000,-0.410852,0.901918,0.133205,0.000000,37.683370,0.000000,0.000008,1.000000;;
           }

           Frame Bip001_R_Finger0 {
            

            FrameTransformMatrix {
             0.785036,0.587616,0.196027,0.000000,-0.512024,0.437437,0.739243,0.000000,0.348642,-0.680703,0.644277,0.000000,4.289879,5.456864,2.394806,1.000000;;
            }

            Frame Bip001_R_Finger01 {
             

             FrameTransformMatrix {
              0.175304,-0.320084,0.931029,0.000000,0.059228,0.947389,0.314556,0.000000,-0.982731,-0.000000,0.185039,0.000000,3.875534,0.000000,0.000000,1.000000;;
             }

             Frame Bip001_R_Finger02 {
              

              FrameTransformMatrix {
               0.731446,0.018494,0.681649,0.000000,-0.025275,0.999681,0.000000,0.000000,-0.681431,-0.017229,0.731680,0.000000,3.875534,-0.000008,0.000000,1.000000;;
              }

              Frame Bip001_R_Finger0Nub {
               

               FrameTransformMatrix {
                -1.000000,-0.000000,0.000000,0.000000,0.000000,1.000000,0.000000,0.000000,0.000000,-0.000000,-1.000000,0.000000,3.875542,0.000008,0.000004,1.000000;;
               }
              }
             }
            }
           }

           Frame Bip001_R_Finger1 {
            

            FrameTransformMatrix {
             0.914395,0.000322,0.404822,0.000000,-0.000000,1.000000,-0.000796,0.000000,-0.404822,0.000728,0.914395,0.000000,11.734268,5.461212,-0.417755,1.000000;;
            }

            Frame Bip001_R_Finger11 {
             

             FrameTransformMatrix {
              0.277767,-0.000000,0.960649,0.000000,-0.000000,1.000000,-0.000000,0.000000,-0.960649,-0.000000,0.277767,0.000000,4.650638,0.000000,0.000000,1.000000;;
             }

             Frame Bip001_R_Finger12 {
              

              FrameTransformMatrix {
               0.945962,-0.000000,0.324279,0.000000,0.000000,1.000000,0.000000,0.000000,-0.324279,0.000000,0.945962,0.000000,4.650665,-0.000015,0.000000,1.000000;;
              }

              Frame Bip001_R_Finger1Nub {
               

               FrameTransformMatrix {
                -1.000000,0.000000,-0.000000,0.000000,-0.000000,1.000000,0.000000,0.000000,0.000000,0.000000,-1.000000,0.000000,4.650650,0.000000,0.000000,1.000000;;
               }
              }
             }
            }
           }

           Frame Bip001_R_Finger2 {
            

            FrameTransformMatrix {
             0.882190,-0.038344,0.469331,0.000000,0.054546,0.998291,-0.020970,0.000000,-0.467725,0.044099,0.882774,0.000000,11.686767,1.501328,-0.364792,1.000000;;
            }

            Frame Bip001_R_Finger21 {
             

             FrameTransformMatrix {
              0.368318,0.000000,0.929700,0.000000,0.000000,1.000000,0.000000,0.000000,-0.929700,-0.000000,0.368317,0.000000,4.698438,0.000000,0.000000,1.000000;;
             }

             Frame Bip001_R_Finger22 {
              

              FrameTransformMatrix {
               0.779929,-0.000000,0.625868,0.000000,-0.000000,1.000000,0.000000,0.000000,-0.625868,0.000000,0.779929,0.000000,5.425751,-0.000015,0.000004,1.000000;;
              }

              Frame Bip001_R_Finger2Nub {
               

               FrameTransformMatrix {
                -1.000000,-0.000000,0.000000,0.000000,0.000000,1.000000,0.000000,0.000000,-0.000000,-0.000000,-1.000000,0.000000,5.425751,0.000000,0.000004,1.000000;;
               }
              }
             }
            }
           }

           Frame Bip001_R_Finger3 {
            

            FrameTransformMatrix {
             0.670129,-0.025623,0.741802,0.000000,0.084190,0.995578,-0.041667,0.000000,-0.737454,0.090374,0.669323,0.000000,11.686188,-1.606094,-0.362915,1.000000;;
            }

            Frame Bip001_R_Finger31 {
             

             FrameTransformMatrix {
              0.641458,0.000000,0.767158,0.000000,0.000000,1.000000,-0.000000,0.000000,-0.767158,0.000000,0.641458,0.000000,4.316544,0.000000,0.000000,1.000000;;
             }

             Frame Bip001_R_Finger32 {
              

              FrameTransformMatrix {
               0.592255,0.000000,0.805751,0.000000,0.000000,1.000000,-0.000000,0.000000,-0.805751,0.000000,0.592255,0.000000,4.650650,0.000000,0.000000,1.000000;;
              }

              Frame Bip001_R_Finger3Nub {
               

               FrameTransformMatrix {
                -1.000000,-0.000000,0.000000,0.000000,-0.000000,1.000000,0.000000,0.000000,-0.000000,0.000000,-1.000000,0.000000,4.650650,0.000000,0.000008,1.000000;;
               }
              }
             }
            }
           }

           Frame Bip001_R_Finger4 {
            

            FrameTransformMatrix {
             0.783412,-0.135045,0.606653,0.000000,0.125457,0.990376,0.058454,0.000000,-0.608708,0.030315,0.792815,0.000000,10.216782,-4.386826,-0.631805,1.000000;;
            }

            Frame Bip001_R_Finger41 {
             

             FrameTransformMatrix {
              0.733259,-0.104086,0.671936,0.000000,0.076739,0.994568,0.070321,0.000000,-0.675606,-0.000000,0.737263,0.000000,3.003710,0.000000,-0.000015,1.000000;;
             }

             Frame Bip001_R_Finger42 {
              

              FrameTransformMatrix {
               0.643365,-0.103275,0.758561,0.000000,0.076739,0.994568,0.070321,0.000000,-0.761704,0.012969,0.647796,0.000000,3.003708,0.000008,0.000008,1.000000;;
              }

              Frame Bip001_R_Finger4Nub {
               

               FrameTransformMatrix {
                -1.000000,-0.000000,-0.000000,0.000000,0.000000,1.000000,-0.000000,0.000000,0.000000,0.000000,-1.000000,0.000000,3.003708,0.000004,0.000000,1.000000;;
               }
              }
             }
            }
           }
          }
         }
        }
       }

       Frame Bip001_Head {
        

        FrameTransformMatrix {
         0.998740,0.044040,0.024063,0.000000,-0.044044,0.999030,-0.000365,0.000000,-0.024055,-0.000695,0.999710,0.000000,15.765366,-0.911512,-0.005150,1.000000;;
        }

        Frame Bip001_HeadNub {
         

         FrameTransformMatrix {
          1.000000,0.000000,-0.000000,0.000000,-0.000000,1.000000,-0.000000,0.000000,0.000000,0.000000,1.000000,0.000000,29.144029,0.000000,0.000000,1.000000;;
         }
        }
       }
      }
     }
    }
   }

   Frame Bip001_L_Thigh {
    

    FrameTransformMatrix {
     -0.974413,-0.051541,0.218776,0.000000,0.054716,-0.998466,0.008471,0.000000,0.218004,0.020225,0.975738,0.000000,-14.257477,12.044862,0.046064,1.000000;;
    }

    Frame Bip001_L_Calf {
     

     FrameTransformMatrix {
      0.747112,-0.000000,-0.664698,0.000000,-0.000000,1.000000,-0.000000,0.000000,0.664698,-0.000000,0.747112,0.000000,54.040736,-0.000003,0.000002,1.000000;;
     }

     Frame Bip001_L_Foot {
      

      FrameTransformMatrix {
       0.832671,0.345662,0.432640,0.000000,-0.305149,0.938354,-0.162409,0.000000,-0.462108,0.003214,0.886818,0.000000,58.826861,-0.000001,-0.000013,1.000000;;
      }

      Frame Bip001_L_Toe0 {
       

       FrameTransformMatrix {
        -0.167138,0.060833,0.984055,0.000000,0.005125,0.998135,-0.060833,0.000000,-0.985920,-0.005124,-0.167138,0.000000,14.261973,0.000000,18.354530,1.000000;;
       }

       Frame Bip001_L_Toe01 {
        

        FrameTransformMatrix {
         1.000000,0.000000,0.000000,0.000000,-0.000000,1.000000,0.000000,0.000000,0.000000,0.000000,1.000000,0.000000,1.860259,0.000001,0.000000,1.000000;;
        }

        Frame Bip001_L_Toe02 {
         

         FrameTransformMatrix {
          1.000000,0.000000,0.000000,0.000000,-0.000000,1.000000,0.000000,0.000000,0.000000,0.000000,1.000000,0.000000,1.860256,-0.000002,0.000000,1.000000;;
         }

         Frame Bip001_L_Toe0Nub {
          

          FrameTransformMatrix {
           -1.000000,0.000000,-0.000000,0.000000,-0.000000,1.000000,0.000000,0.000000,0.000000,0.000000,-1.000000,0.000000,1.860257,0.000001,0.000000,1.000000;;
          }
         }
        }
       }
      }
     }
    }
   }

   Frame Bip001_R_Thigh {
    

    FrameTransformMatrix {
     -0.774891,-0.188076,0.603465,0.000000,0.251961,-0.967487,0.022008,0.000000,0.579706,0.169103,0.797085,0.000000,-14.257515,-12.758518,0.001018,1.000000;;
    }

    Frame Bip001_R_Calf {
     

     FrameTransformMatrix {
      0.645823,-0.000000,-0.763487,0.000000,0.000000,1.000000,-0.000000,0.000000,0.763487,0.000000,0.645823,0.000000,53.736070,0.000004,0.000000,1.000000;;
     }

     Frame Bip001_R_Foot {
      

      FrameTransformMatrix {
       0.906558,-0.332370,0.260160,0.000000,0.324710,0.942976,0.073218,0.000000,-0.269660,0.018100,0.962786,0.000000,59.151968,-0.000004,-0.000005,1.000000;;
      }

      Frame Bip001_R_Toe0 {
       

       FrameTransformMatrix {
        -0.193559,-0.070449,0.978556,0.000000,-0.006893,0.997492,0.070449,0.000000,-0.981065,0.006891,-0.193559,0.000000,14.261973,-0.000002,18.354530,1.000000;;
       }

       Frame Bip001_R_Toe01 {
        

        FrameTransformMatrix {
         1.000000,-0.000000,0.000000,0.000000,-0.000000,1.000000,-0.000000,0.000000,-0.000000,0.000000,1.000000,0.000000,1.860256,0.000000,0.000001,1.000000;;
        }

        Frame Bip001_R_Toe02 {
         

         FrameTransformMatrix {
          1.000000,-0.000000,0.000000,0.000000,-0.000000,1.000000,-0.000000,0.000000,-0.000000,0.000000,1.000000,0.000000,1.860258,0.000002,-0.000000,1.000000;;
         }

         Frame Bip001_R_Toe0Nub {
          

          FrameTransformMatrix {
           1.000000,-0.000000,0.000000,0.000000,-0.000000,1.000000,-0.000000,0.000000,-0.000000,0.000000,1.000000,0.000000,1.860256,-0.000002,0.000000,1.000000;;
          }
         }
        }
       }
      }
     }
    }
   }
  }
 }
}

Frame Box001 {
 

 FrameTransformMatrix {
  0.667112,0.000000,0.000000,0.000000,0.000000,0.696682,0.000000,0.000000,0.000000,0.000000,0.492662,0.000000,0.000000,0.000000,0.000000,1.000000;;
 }

 Mesh Box001 {
  24;
  -35.308685;36.823322;-35.884614;,
  -31.553146;34.660854;-36.427574;,
  -33.354918;35.188870;-33.283088;,
  -33.506906;36.295306;-39.029098;,
  -34.267549;38.410810;-35.323827;,
  -30.512006;36.248339;-35.866787;,
  -32.465770;37.882794;-38.468310;,
  -32.313786;36.776358;-32.722301;,
  -35.308685;36.823322;-35.884614;,
  -32.465770;37.882794;-38.468310;,
  -33.506906;36.295306;-39.029098;,
  -34.267549;38.410810;-35.323827;,
  -33.506906;36.295306;-39.029098;,
  -30.512006;36.248339;-35.866787;,
  -31.553146;34.660854;-36.427574;,
  -32.465770;37.882794;-38.468310;,
  -31.553146;34.660854;-36.427574;,
  -32.313786;36.776358;-32.722301;,
  -33.354918;35.188870;-33.283088;,
  -30.512006;36.248339;-35.866787;,
  -33.354918;35.188870;-33.283088;,
  -34.267549;38.410810;-35.323827;,
  -35.308685;36.823322;-35.884614;,
  -32.313786;36.776358;-32.722301;;
  12;
  3;0,1,2;,
  3;1,0,3;,
  3;4,5,6;,
  3;5,4,7;,
  3;8,9,10;,
  3;9,8,11;,
  3;12,13,14;,
  3;13,12,15;,
  3;16,17,18;,
  3;17,16,19;,
  3;20,21,22;,
  3;21,20,23;;

  MeshMaterialList {
   1;
   12;
   0,
   0,
   0,
   0,
   0,
   0,
   0,
   0,
   0,
   0,
   0,
   0;

   Material  {
    0.529412;0.231373;0.031373;1.000000;;
    0.000000;
    0.000000;0.000000;0.000000;;
    0.000000;0.000000;0.000000;;
   }
  }

  DeclData {
   2;
   2;0;3;0;,
   1;0;5;0;;
   120;
   3204608281,
   3210275466,
   3189327420,
   1065353216,
   1065353216,
   3204608282,
   3210275466,
   3189327420,
   0,
   0,
   3204608281,
   3210275467,
   3189327398,
   1065353216,
   0,
   3204608282,
   3210275465,
   3189327442,
   0,
   1065353216,
   1057124633,
   1062791820,
   1041843736,
   0,
   1065353216,
   1057124633,
   1062791820,
   1041843736,
   1065353216,
   0,
   1057124633,
   1062791819,
   1041843750,
   1065353216,
   1065353216,
   1057124632,
   1062791821,
   1041843721,
   0,
   0,
   3206981168,
   1058540504,
   3203533453,
   0,
   1065353216,
   3206981171,
   1058540497,
   3203533464,
   1065353216,
   0,
   3206981173,
   1058540491,
   3203533472,
   1065353216,
   1065353216,
   3206981166,
   1058540509,
   3203533445,
   0,
   0,
   1060415374,
   3194418282,
   3207328447,
   0,
   1065353216,
   1060415372,
   3194418319,
   3207328446,
   1065353216,
   0,
   1060415370,
   3194418354,
   3207328445,
   1065353216,
   1065353216,
   1060415375,
   3194418248,
   3207328449,
   0,
   0,
   1059497517,
   3206024146,
   1056049828,
   0,
   1065353216,
   1059497530,
   3206024135,
   1056049820,
   1065353216,
   0,
   1059497542,
   3206024125,
   1056049813,
   1065353216,
   1065353216,
   1059497506,
   3206024156,
   1056049835,
   0,
   0,
   3207899028,
   1046934632,
   1059844793,
   0,
   1065353216,
   3207899019,
   1046934657,
   1059844800,
   1065353216,
   0,
   3207899012,
   1046934679,
   1059844806,
   1065353216,
   1065353216,
   3207899035,
   1046934610,
   1059844787,
   0,
   0;
  }

  XSkinMeshHeader {
   1;
   1;
   1;
  }

  SkinWeights {
   "Bip001_L_Toe0Nub";
   24;
   0,
   1,
   2,
   3,
   4,
   5,
   6,
   7,
   8,
   9,
   10,
   11,
   12,
   13,
   14,
   15,
   16,
   17,
   18,
   19,
   20,
   21,
   22,
   23;
   1.000000,
   1.000000,
   1.000000,
   1.000000,
   1.000000,
   1.000000,
   1.000000,
   1.000000,
   1.000000,
   1.000000,
   1.000000,
   1.000000,
   1.000000,
   1.000000,
   1.000000,
   1.000000,
   1.000000,
   1.000000,
   1.000000,
   1.000000,
   1.000000,
   1.000000,
   1.000000,
   1.000000;
   0.376138,-0.508850,-0.211258,0.000000,-0.055368,0.230982,-0.654941,0.000000,0.404996,0.273534,0.062231,0.000000,-1.443296,7.643671,5.462011,1.000000;;
  }
 }
}

AnimTicksPerSecond  {
 4800;
}

AnimationSet Anim1 {
 

 Animation {
  
  { Bip001 }

  AnimationKey S {
   1;
   2;
   0;3;1.000000,1.000000,1.000000;;,
   10400;3;1.000000,1.000000,1.000000;;;
  }

  AnimationKey R {
   0;
   66;
   0;4;-0.462399,-0.042104,0.885669,0.002313;;,
   160;4;-0.473687,-0.040246,0.879770,0.002362;;,
   320;4;-0.497638,-0.037032,0.866593,-0.000976;;,
   480;4;-0.532140,-0.035719,0.845882,-0.005856;;,
   640;4;-0.576097,-0.034258,0.816560,-0.013011;;,
   800;4;-0.622889,-0.034511,0.781294,-0.019964;;,
   960;4;-0.664192,-0.036178,0.746298,-0.024068;;,
   1120;4;-0.695844,-0.033060,0.717090,-0.022136;;,
   1280;4;-0.718961,-0.028426,0.694276,-0.016391;;,
   1440;4;-0.730926,-0.024025,0.681962,-0.009869;;,
   1600;4;-0.738077,-0.018136,0.674471,-0.001639;;,
   1760;4;-0.752071,-0.015427,0.658901,-0.000541;;,
   1920;4;-0.778303,-0.014426,0.627717,-0.002904;;,
   2080;4;-0.801212,-0.009217,0.598296,-0.004023;;,
   2240;4;-0.814155,-0.005975,0.580588,-0.005763;;,
   2400;4;-0.821154,-0.005319,0.570640,-0.006951;;,
   2560;4;-0.824958,-0.006179,0.565089,-0.009022;;,
   2720;4;-0.823741,-0.006642,0.566846,-0.009652;;,
   2880;4;-0.816512,-0.008507,0.577140,-0.012036;;,
   3040;4;-0.804761,-0.009660,0.593376,-0.013102;;,
   3200;4;-0.789130,-0.009852,0.614017,-0.012662;;,
   3360;4;-0.773235,-0.010064,0.633921,-0.012276;;,
   3520;4;-0.754907,-0.012875,0.655561,-0.013765;;,
   3680;4;-0.731769,-0.016788,0.681217,-0.013225;;,
   3840;4;-0.712206,-0.019659,0.701595,-0.011882;;,
   4000;4;-0.700274,-0.023351,0.713337,-0.014869;;,
   4160;4;-0.692557,-0.026728,0.720598,-0.019747;;,
   4320;4;-0.687232,-0.028898,0.725507,-0.022718;;,
   4480;4;-0.685851,-0.031632,0.726596,-0.025799;;,
   4640;4;-0.686150,-0.034705,0.726039,-0.029335;;,
   4800;4;-0.685252,-0.038970,0.726451,-0.034360;;,
   4960;4;-0.677035,-0.042157,0.733792,-0.037364;;,
   5120;4;-0.658109,-0.047086,0.750533,-0.037094;;,
   5280;4;-0.631321,-0.047125,0.773327,-0.034333;;,
   5440;4;-0.603146,-0.046933,0.795590,-0.032396;;,
   5600;4;-0.572550,-0.044484,0.818165,-0.028524;;,
   5760;4;-0.541966,-0.041227,0.839017,-0.024958;;,
   5920;4;-0.513490,-0.036911,0.857042,-0.021078;;,
   6080;4;-0.489886,-0.031333,0.871056,-0.017060;;,
   6240;4;-0.471527,-0.027854,0.881292,-0.014508;;,
   6400;4;-0.455081,-0.023737,0.890057,-0.011699;;,
   6560;4;-0.435213,-0.020938,0.900027,-0.010125;;,
   6720;4;-0.406809,-0.021761,0.913203,-0.009694;;,
   6880;4;-0.387100,-0.021936,0.921731,-0.009212;;,
   7040;4;-0.391538,-0.020529,0.919891,-0.008738;;,
   7200;4;-0.415133,-0.021226,0.909462,-0.009689;;,
   7360;4;-0.450817,-0.019205,0.892357,-0.009703;;,
   7520;4;-0.499381,-0.017194,0.866155,-0.009913;;,
   7680;4;-0.545946,-0.019482,0.837556,-0.007978;;,
   7840;4;-0.586613,-0.024412,0.809498,0.001099;;,
   8000;4;-0.619510,-0.032112,0.784219,0.013324;;,
   8160;4;-0.645653,-0.039010,0.762195,0.025879;;,
   8320;4;-0.670510,-0.034203,0.740537,0.029189;;,
   8480;4;-0.705911,-0.030556,0.707122,0.027116;;,
   8640;4;-0.738639,-0.026300,0.673256,0.021149;;,
   8800;4;-0.756967,-0.021858,0.652898,0.015729;;,
   8960;4;-0.762567,-0.020053,0.646499,0.011300;;,
   9120;4;-0.765883,-0.018996,0.642681,0.004801;;,
   9280;4;-0.770141,-0.018175,0.637613,-0.001338;;,
   9440;4;-0.770473,-0.019859,0.637100,-0.008929;;,
   9600;4;-0.767722,-0.021950,0.640254,-0.014006;;,
   9760;4;-0.762475,-0.024064,0.646346,-0.017023;;,
   9920;4;-0.749508,-0.024656,0.661293,-0.017952;;,
   10080;4;-0.729146,-0.025285,0.683660,-0.017762;;,
   10240;4;-0.698748,-0.031345,0.714407,-0.019804;;,
   10400;4;-0.672984,-0.032450,0.738730,-0.017825;;;
  }

  AnimationKey T {
   2;
   66;
   0;3;0.000000,119.065562,0.000000;;,
   160;3;0.000000,118.722342,0.000000;;,
   320;3;0.000000,118.543475,0.000000;;,
   480;3;0.000000,118.444006,0.000000;;,
   640;3;0.000000,118.771456,0.000000;;,
   800;3;0.000000,119.576998,0.000000;;,
   960;3;0.000000,120.742733,0.000000;;,
   1120;3;0.000000,121.954982,0.000000;;,
   1280;3;0.000000,122.794522,0.000000;;,
   1440;3;0.000000,123.071872,0.000000;;,
   1600;3;0.000000,123.188941,0.000000;;,
   1760;3;0.000000,123.191296,0.000000;;,
   1920;3;0.000000,123.325747,0.000000;;,
   2080;3;0.000000,123.572582,0.000000;;,
   2240;3;0.000000,123.598426,0.000000;;,
   2400;3;0.000000,123.433818,0.000000;;,
   2560;3;0.000000,123.055181,0.000000;;,
   2720;3;0.000000,122.377254,0.000000;;,
   2880;3;0.000000,121.664013,0.000000;;,
   3040;3;0.000000,120.600282,0.000000;;,
   3200;3;0.000000,119.583194,0.000000;;,
   3360;3;0.000000,118.869952,0.000000;;,
   3520;3;0.000000,118.399731,0.000000;;,
   3680;3;0.000000,118.495334,0.000000;;,
   3840;3;0.000000,118.843891,0.000000;;,
   4000;3;0.000000,119.176998,0.000000;;,
   4160;3;0.000000,119.625050,0.000000;;,
   4320;3;0.000000,119.964275,0.000000;;,
   4480;3;0.000000,120.106470,0.000000;;,
   4640;3;0.000000,120.067776,0.000000;;,
   4800;3;0.000000,119.800192,0.000000;;,
   4960;3;0.000000,119.391744,0.000000;;,
   5120;3;0.000000,118.979776,0.000000;;,
   5280;3;0.000000,118.841536,0.000000;;,
   5440;3;0.000000,118.956608,0.000000;;,
   5600;3;0.000000,119.330227,0.000000;;,
   5760;3;0.000000,119.842278,0.000000;;,
   5920;3;0.000000,120.262118,0.000000;;,
   6080;3;0.000000,120.458470,0.000000;;,
   6240;3;0.000000,120.366182,0.000000;;,
   6400;3;0.000000,119.887808,0.000000;;,
   6560;3;0.000000,119.189261,0.000000;;,
   6720;3;0.000000,118.405504,0.000000;;,
   6880;3;0.000000,117.671398,0.000000;;,
   7040;3;0.000000,117.040883,0.000000;;,
   7200;3;0.000000,116.896410,0.000000;;,
   7360;3;0.000000,117.297638,0.000000;;,
   7520;3;0.000000,118.216166,0.000000;;,
   7680;3;0.000000,119.329805,0.000000;;,
   7840;3;0.000000,120.114675,0.000000;;,
   8000;3;0.000000,120.638477,0.000000;;,
   8160;3;0.000000,120.838592,0.000000;;,
   8320;3;0.000000,120.564800,0.000000;;,
   8480;3;0.000000,120.135936,0.000000;;,
   8640;3;0.000000,119.461312,0.000000;;,
   8800;3;0.000000,118.825216,0.000000;;,
   8960;3;0.000000,118.111424,0.000000;;,
   9120;3;0.000000,117.387059,0.000000;;,
   9280;3;0.000000,116.935885,0.000000;;,
   9440;3;0.000000,116.805197,0.000000;;,
   9600;3;0.000000,116.862554,0.000000;;,
   9760;3;0.000000,117.216730,0.000000;;,
   9920;3;0.000000,117.312666,0.000000;;,
   10080;3;0.000000,117.255309,0.000000;;,
   10240;3;0.000000,117.256896,0.000000;;,
   10400;3;0.000000,117.547430,0.000000;;;
  }
 }

 Animation {
  
  { Bip001_Pelvis }

  AnimationKey S {
   1;
   2;
   0;3;1.000000,1.000000,1.000000;;,
   10400;3;1.000000,1.000000,1.000000;;;
  }

  AnimationKey R {
   0;
   64;
   0;4;0.506217,-0.493705,-0.506216,-0.493706;;,
   320;4;0.506209,-0.493713,-0.506208,-0.493714;;,
   480;4;0.506601,-0.493310,-0.506601,-0.493311;;,
   640;4;0.506254,-0.493667,-0.506253,-0.493668;;,
   800;4;0.505780,-0.494153,-0.505779,-0.494153;;,
   960;4;0.506674,-0.493236,-0.506673,-0.493237;;,
   1120;4;0.506481,-0.493434,-0.506481,-0.493434;;,
   1280;4;0.506006,-0.493921,-0.506005,-0.493922;;,
   1440;4;0.505531,-0.494407,-0.505531,-0.494408;;,
   1600;4;0.505941,-0.493988,-0.505940,-0.493989;;,
   1760;4;0.505349,-0.494593,-0.505348,-0.494594;;,
   1920;4;0.503793,-0.496178,-0.503793,-0.496178;;,
   2080;4;0.502105,-0.497886,-0.502104,-0.497887;;,
   2240;4;0.500986,-0.499012,-0.500985,-0.499013;;,
   2400;4;0.500495,-0.499504,-0.500495,-0.499505;;,
   2560;4;0.499998,-0.500002,-0.499998,-0.500002;;,
   2720;4;0.498998,-0.501000,-0.498997,-0.501001;;,
   2880;4;0.500035,-0.499965,-0.500035,-0.499966;;,
   3040;4;0.502441,-0.497547,-0.502440,-0.497548;;,
   3200;4;0.507747,-0.492132,-0.507746,-0.492132;;,
   3360;4;0.509376,-0.490445,-0.509376,-0.490445;;,
   3520;4;0.508891,-0.490948,-0.508891,-0.490948;;,
   3680;4;0.508093,-0.491774,-0.508093,-0.491774;;,
   3840;4;0.507961,-0.491910,-0.507961,-0.491911;;,
   4000;4;0.506769,-0.493138,-0.506768,-0.493139;;,
   4160;4;0.505165,-0.494781,-0.505164,-0.494782;;,
   4320;4;0.504597,-0.495360,-0.504596,-0.495361;;,
   4480;4;0.504484,-0.495475,-0.504484,-0.495476;;,
   4640;4;0.504073,-0.495894,-0.504072,-0.495895;;,
   4800;4;0.502766,-0.497219,-0.502765,-0.497220;;,
   4960;4;0.501670,-0.498325,-0.501669,-0.498326;;,
   5120;4;0.504237,-0.495727,-0.504236,-0.495728;;,
   5280;4;0.504118,-0.495848,-0.504117,-0.495849;;,
   5440;4;0.503767,-0.496204,-0.503766,-0.496205;;,
   5600;4;0.504398,-0.495563,-0.504397,-0.495564;;,
   5760;4;0.504945,-0.495006,-0.504944,-0.495006;;,
   5920;4;0.505994,-0.493933,-0.505993,-0.493934;;,
   6080;4;0.507396,-0.492493,-0.507396,-0.492493;;,
   6240;4;0.509131,-0.490699,-0.509131,-0.490700;;,
   6400;4;0.512597,-0.487077,-0.512596,-0.487078;;,
   6560;4;0.515445,-0.484063,-0.515444,-0.484063;;,
   6720;4;0.517181,-0.482207,-0.517180,-0.482208;;,
   6880;4;0.523108,-0.475771,-0.523107,-0.475772;;,
   7040;4;0.527386,-0.471024,-0.527386,-0.471025;;,
   7200;4;0.525495,-0.473133,-0.525494,-0.473134;;,
   7360;4;0.524600,-0.474125,-0.524600,-0.474126;;,
   7520;4;0.523257,-0.475607,-0.523256,-0.475608;;,
   7680;4;0.521300,-0.477751,-0.521299,-0.477752;;,
   7840;4;0.518883,-0.480376,-0.518882,-0.480376;;,
   8000;4;0.513071,-0.486578,-0.513070,-0.486579;;,
   8160;4;0.507304,-0.492588,-0.507303,-0.492589;;,
   8320;4;0.501627,-0.498368,-0.501626,-0.498369;;,
   8480;4;0.500001,-0.499999,-0.500000,-0.500000;;,
   8800;4;0.500001,-0.499999,-0.500000,-0.500000;;,
   8960;4;0.500500,-0.499500,-0.500499,-0.499501;;,
   9120;4;0.502402,-0.497586,-0.502402,-0.497587;;,
   9280;4;0.504382,-0.495580,-0.504381,-0.495580;;,
   9440;4;0.505723,-0.494211,-0.505722,-0.494212;;,
   9600;4;0.506479,-0.493436,-0.506478,-0.493437;;,
   9760;4;0.507085,-0.492813,-0.507085,-0.492814;;,
   9920;4;0.506555,-0.493358,-0.506554,-0.493359;;,
   10080;4;0.506265,-0.493656,-0.506264,-0.493656;;,
   10240;4;0.506287,-0.493633,-0.506286,-0.493634;;,
   10400;4;0.504977,-0.494973,-0.504976,-0.494974;;;
  }

  AnimationKey T {
   2;
   2;
   0;3;0.000000,0.000000,0.000000;;,
   10400;3;0.000000,0.000000,0.000000;;;
  }
 }

 Animation {
  
  { Bip001_Spine }

  AnimationKey S {
   1;
   2;
   0;3;1.000000,1.000000,1.000000;;,
   10400;3;1.000000,1.000000,1.000000;;;
  }

  AnimationKey R {
   0;
   44;
   0;4;1.000000,0.000907,0.000398,-0.000001;;,
   800;4;1.000000,0.000858,0.000398,-0.000001;;,
   960;4;0.999999,0.001157,0.000398,-0.000001;;,
   1120;4;0.999999,0.001022,0.000398,-0.000001;;,
   1280;4;1.000000,0.000761,0.000398,-0.000001;;,
   1440;4;1.000000,0.000524,0.000398,-0.000001;;,
   1600;4;1.000000,0.000319,0.000398,-0.000001;;,
   1920;4;1.000000,0.000225,0.000398,-0.000001;;,
   2080;4;1.000000,0.000072,0.000398,-0.000001;;,
   2880;4;1.000000,0.000030,0.000398,-0.000001;;,
   3040;4;1.000000,0.000157,0.000398,-0.000001;;,
   3200;4;1.000000,0.000499,0.000398,-0.000001;;,
   3680;4;1.000000,0.000599,0.000398,-0.000001;;,
   3840;4;1.000000,0.000713,0.000398,-0.000001;;,
   4640;4;1.000000,0.000737,0.000398,-0.000001;;,
   4800;4;1.000000,0.000576,0.000398,-0.000001;;,
   4960;4;1.000000,0.000376,0.000398,-0.000001;;,
   5120;4;0.999999,0.001022,0.000398,-0.000001;;,
   5280;4;1.000000,0.000965,0.000398,-0.000001;;,
   5440;4;1.000000,0.000864,0.000398,-0.000001;;,
   5920;4;1.000000,0.000935,0.000398,-0.000001;;,
   6080;4;0.999999,0.001063,0.000398,-0.000001;;,
   6240;4;0.999999,0.001157,0.000398,-0.000001;;,
   6400;4;0.999999,0.001349,0.000398,-0.000001;;,
   6560;4;0.999999,0.001458,0.000398,-0.000001;;,
   6720;4;0.999999,0.001664,0.000398,-0.000001;;,
   6880;4;0.999997,0.002250,0.000398,-0.000002;;,
   7040;4;0.999997,0.002511,0.000398,-0.000002;;,
   7200;4;0.999997,0.002440,0.000398,-0.000002;;,
   7360;4;0.999998,0.002169,0.000398,-0.000002;;,
   7520;4;0.999998,0.001888,0.000398,-0.000001;;,
   7680;4;0.999998,0.001798,0.000398,-0.000001;;,
   7840;4;0.999999,0.001471,0.000398,-0.000001;;,
   8000;4;1.000000,0.000897,0.000398,-0.000001;;,
   8160;4;1.000000,0.000383,0.000398,-0.000001;;,
   8320;4;1.000000,0.000036,0.000398,-0.000001;;,
   9120;4;1.000000,-0.000002,0.000398,-0.000001;;,
   9280;4;1.000000,0.000220,0.000398,-0.000001;;,
   9440;4;1.000000,0.000448,0.000398,-0.000001;;,
   9600;4;1.000000,0.000646,0.000398,-0.000001;;,
   9760;4;1.000000,0.000814,0.000398,-0.000001;;,
   10080;4;1.000000,0.000785,0.000398,-0.000001;;,
   10240;4;1.000000,0.000917,0.000398,-0.000001;;,
   10400;4;1.000000,0.000719,0.000398,-0.000001;;;
  }

  AnimationKey T {
   2;
   65;
   0;3;14.257507,0.356828,-0.012832;;,
   160;3;14.257530,0.356369,-0.012834;;,
   320;3;14.257614,0.352651,-0.012832;;,
   480;3;14.256942,0.379030,-0.012832;;,
   640;3;14.257461,0.358957,-0.012832;;,
   800;3;14.258133,0.331590,-0.012831;;,
   960;3;14.256851,0.383211,-0.012833;;,
   1120;3;14.257126,0.372091,-0.012833;;,
   1280;3;14.257797,0.344652,-0.012831;;,
   1440;3;14.258446,0.317251,-0.012832;;,
   1600;3;14.257912,0.340891,-0.012832;;,
   1760;3;14.258682,0.306761,-0.012832;;,
   1920;3;14.260315,0.217199,-0.012832;;,
   2080;3;14.261475,0.120313,-0.012832;;,
   2240;3;14.261872,0.056262,-0.012831;;,
   2400;3;14.261941,0.028246,-0.012833;;,
   2560;3;14.261978,-0.000124,-0.012833;;,
   2720;3;14.261864,-0.057134,-0.012832;;,
   2880;3;14.261978,0.001987,-0.012832;;,
   3040;3;14.261283,0.139545,-0.012832;;,
   3200;3;14.255035,0.445315,-0.012831;;,
   3360;3;14.251770,0.539873,-0.012831;;,
   3520;3;14.252792,0.511709,-0.012832;;,
   3680;3;14.254387,0.465406,-0.012831;;,
   3840;3;14.254638,0.457756,-0.012832;;,
   4000;3;14.256683,0.388738,-0.012832;;,
   4160;3;14.258918,0.296142,-0.012831;;,
   4320;3;14.259552,0.263424,-0.012832;;,
   4480;3;14.259667,0.256933,-0.012831;;,
   4640;3;14.260078,0.233236,-0.012833;;,
   4800;3;14.261085,0.158172,-0.012831;;,
   4960;3;14.261650,0.095378,-0.012832;;,
   5120;3;14.259910,0.242687,-0.012831;;,
   5280;3;14.260026,0.235817,-0.012831;;,
   5440;3;14.260338,0.215666,-0.012831;;,
   5600;3;14.259734,0.251933,-0.012830;;,
   5760;3;14.259163,0.283450,-0.012830;;,
   5920;3;14.257835,0.343944,-0.012833;;,
   6080;3;14.255638,0.425024,-0.012831;;,
   6240;3;14.252282,0.525630,-0.012832;;,
   6400;3;14.243408,0.727633,-0.012832;;,
   6560;3;14.233878,0.894645,-0.012832;;,
   6720;3;14.227096,0.996907,-0.012833;;,
   6880;3;14.198059,1.348660,-0.012833;;,
   7040;3;14.171371,1.605033,-0.012831;;,
   7200;3;14.183770,1.491428,-0.012829;;,
   7360;3;14.189301,1.437844,-0.012830;;,
   7520;3;14.197235,1.357550,-0.012831;;,
   7680;3;14.207878,1.240936,-0.012832;;,
