xof 0303txt 0032
template Frame {
 <3d82ab46-62da-11cf-ab39-0020af71e433>
 [...]
}

template Matrix4x4 {
 <f6f23f45-7686-11cf-8f52-0040333594a3>
 array FLOAT matrix[16];
}

template FrameTransformMatrix {
 <f6f23f41-7686-11cf-8f52-0040333594a3>
 Matrix4x4 frameMatrix;
}

template Vector {
 <3d82ab5e-62da-11cf-ab39-0020af71e433>
 FLOAT x;
 FLOAT y;
 FLOAT z;
}

template MeshFace {
 <3d82ab5f-62da-11cf-ab39-0020af71e433>
 DWORD nFaceVertexIndices;
 array DWORD faceVertexIndices[nFaceVertexIndices];
}

template Mesh {
 <3d82ab44-62da-11cf-ab39-0020af71e433>
 DWORD nVertices;
 array Vector vertices[nVertices];
 DWORD nFaces;
 array MeshFace faces[nFaces];
 [...]
}

template VertexElement {
 <f752461c-1e23-48f6-b9f8-8350850f336f>
 DWORD Type;
 DWORD Method;
 DWORD Usage;
 DWORD UsageIndex;
}

template DeclData {
 <bf22e553-292c-4781-9fea-62bd554bdd93>
 DWORD nElements;
 array VertexElement Elements[nElements];
 DWORD nDWords;
 array DWORD data[nDWords];
}

template XSkinMeshHeader {
 <3cf169ce-ff7c-44ab-93c0-f78f62d172e2>
 WORD nMaxSkinWeightsPerVertex;
 WORD nMaxSkinWeightsPerFace;
 WORD nBones;
}

template SkinWeights {
 <6f0d123b-bad2-4167-a0d0-80224f25fabb>
 STRING transformNodeName;
 DWORD nWeights;
 array DWORD vertexIndices[nWeights];
 array FLOAT weights[nWeights];
 Matrix4x4 matrixOffset;
}

template AnimTicksPerSecond {
 <9e415a43-7ba6-4a73-8743-b73d47e88476>
 DWORD AnimTicksPerSecond;
}

template Animation {
 <3d82ab4f-62da-11cf-ab39-0020af71e433>
 [...]
}

template AnimationSet {
 <3d82ab50-62da-11cf-ab39-0020af71e433>
 [Animation <3d82ab4f-62da-11cf-ab39-0020af71e433>]
}

template FloatKeys {
 <10dd46a9-775b-11cf-8f52-0040333594a3>
 DWORD nValues;
 array FLOAT values[nValues];
}

template TimedFloatKeys {
 <f406b180-7b3b-11cf-8f52-0040333594a3>
 DWORD time;
 FloatKeys tfkeys;
}

template AnimationKey {
 <10dd46a8-775b-11cf-8f52-0040333594a3>
 DWORD keyType;
 DWORD nKeys;
 array TimedFloatKeys keys[nKeys];
}


Frame Bip001 {
 

 FrameTransformMatrix {
  0.796735,0.109581,0.594311,0.000000,-0.076993,0.993815,-0.080025,0.000000,-0.599405,0.018001,0.800244,0.000000,0.000000,119.466803,-2.850376,1.000000;;
 }

 Frame Bip001_Pelvis {
  

  FrameTransformMatrix {
   0.000000,0.999299,-0.037428,0.000000,-0.000001,0.037428,0.999299,0.000000,1.000000,0.000000,0.000001,0.000000,0.000000,0.000000,0.000000,1.000000;;
  }

  Frame Bip001_Spine {
   

   FrameTransformMatrix {
    0.958412,0.045905,0.281671,0.000000,-0.015667,0.993954,-0.108680,0.000000,-0.284957,0.099747,0.953336,0.000000,14.255638,0.532513,-0.012242,1.000000;;
   }

   Frame Bip001_Spine1 {
    

    FrameTransformMatrix {
     1.000000,-0.000000,0.000000,0.000000,-0.000000,1.000000,0.000000,0.000000,0.000000,0.000000,1.000000,0.000000,16.122192,-0.000000,-0.012836,1.000000;;
    }

    Frame Bip001_Spine2 {
     

     FrameTransformMatrix {
      0.998135,-0.000518,0.061045,0.000000,0.001974,0.999715,-0.023784,0.000000,-0.061016,0.023860,0.997852,0.000000,16.123032,-0.000306,-0.012814,1.000000;;
     }

     Frame Bip001_Spine3 {
      

      FrameTransformMatrix {
       0.998135,-0.000518,0.061045,0.000000,0.001974,0.999715,-0.023784,0.000000,-0.061016,0.023861,0.997852,0.000000,16.122986,-0.000307,-0.012810,1.000000;;
      }

      Frame Bip001_Neck {
       

       FrameTransformMatrix {
        0.939508,0.038190,-0.340391,0.000000,0.018479,0.986667,0.161703,0.000000,0.342028,-0.158211,0.926275,0.000000,16.119690,0.001171,-0.006851,1.000000;;
       }

       Frame Bip001_L_Clavicle {
        

        FrameTransformMatrix {
         -0.221272,0.904812,-0.363804,0.000000,0.916793,0.320178,0.238700,0.000000,0.332461,-0.280716,-0.900371,0.000000,0.165771,4.282722,-0.679337,1.000000;;
        }

        Frame Bip001_L_UpperArm {
         

         FrameTransformMatrix {
          0.669642,-0.650580,-0.358226,0.000000,0.721460,0.684319,0.105842,0.000000,0.176282,-0.329322,0.927616,0.000000,16.122229,0.000000,-0.000004,1.000000;;
         }

         Frame Bip001_L_Forearm {
          

          FrameTransformMatrix {
           -0.622141,0.000000,-0.782905,0.000000,0.000000,1.000000,-0.000000,0.000000,0.782905,0.000000,-0.622141,0.000000,44.136819,0.000000,-0.000002,1.000000;;
          }

          Frame Bip001_L_Hand {
           

           FrameTransformMatrix {
            0.996255,0.000554,0.086464,0.000000,-0.085463,-0.145569,0.985650,0.000000,0.013132,-0.989348,-0.144976,0.000000,37.683366,0.000000,0.000008,1.000000;;
           }

           Frame Bip001_L_Finger0 {
            

            FrameTransformMatrix {
             0.820473,-0.503828,0.270152,0.000000,0.512024,0.437437,-0.739243,0.000000,0.254276,0.744853,0.616877,0.000000,4.289879,-5.456848,2.394798,1.000000;;
            }

            Frame Bip001_L_Finger01 {
             

             FrameTransformMatrix {
              0.382232,0.000000,0.924066,0.000000,-0.000000,1.000000,-0.000000,0.000000,-0.924066,0.000000,0.382232,0.000000,3.875534,0.000000,0.000000,1.000000;;
             }

             Frame Bip001_L_Finger02 {
              

              FrameTransformMatrix {
               0.382232,0.000000,0.924066,0.000000,0.000000,1.000000,0.000000,0.000000,-0.924066,0.000000,0.382232,0.000000,3.875538,0.000000,-0.000015,1.000000;;
              }

              Frame Bip001_L_Finger0Nub {
               

               FrameTransformMatrix {
                1.000000,0.000000,0.000000,0.000000,-0.000000,1.000000,0.000000,0.000000,0.000000,0.000000,1.000000,0.000000,3.875534,0.000000,-0.000002,1.000000;;
               }
              }
             }
            }
           }

           Frame Bip001_L_Finger1 {
            

            FrameTransformMatrix {
             0.766906,-0.000511,0.641759,0.000000,0.000000,1.000000,0.000796,0.000000,-0.641759,-0.000611,0.766906,0.000000,11.734276,-5.461197,-0.417755,1.000000;;
            }

            Frame Bip001_L_Finger11 {
             

             FrameTransformMatrix {
              0.459329,0.000000,0.888266,0.000000,-0.000000,1.000000,0.000000,0.000000,-0.888266,-0.000000,0.459329,0.000000,4.650642,0.000000,-0.000015,1.000000;;
             }

             Frame Bip001_L_Finger12 {
              

              FrameTransformMatrix {
               0.459329,-0.000000,0.888266,0.000000,0.000000,1.000000,0.000000,0.000000,-0.888266,0.000000,0.459329,0.000000,4.650650,0.000000,0.000008,1.000000;;
              }

              Frame Bip001_L_Finger1Nub {
               

               FrameTransformMatrix {
                1.000000,-0.000000,-0.000000,0.000000,0.000000,1.000000,-0.000000,0.000000,-0.000000,0.000000,1.000000,0.000000,4.650635,0.000015,0.000000,1.000000;;
               }
              }
             }
            }
           }

           Frame Bip001_L_Finger2 {
            

            FrameTransformMatrix {
             0.842793,0.034767,0.537115,0.000000,-0.054546,0.998291,0.020970,0.000000,-0.535468,-0.046971,0.843249,0.000000,11.686760,-1.501312,-0.364784,1.000000;;
            }

            Frame Bip001_L_Finger21 {
             

             FrameTransformMatrix {
              0.168171,0.000000,0.985758,0.000000,0.000000,1.000000,0.000000,0.000000,-0.985758,0.000000,0.168171,0.000000,4.698437,-0.000015,-0.000015,1.000000;;
             }

             Frame Bip001_L_Finger22 {
              

              FrameTransformMatrix {
               0.168171,0.000000,0.985758,0.000000,-0.000000,1.000000,0.000000,0.000000,-0.985758,-0.000000,0.168171,0.000000,5.425736,0.000015,0.000000,1.000000;;
              }

              Frame Bip001_L_Finger2Nub {
               

               FrameTransformMatrix {
                1.000000,0.000000,-0.000000,0.000000,0.000000,1.000000,0.000000,0.000000,0.000000,0.000000,1.000000,0.000000,5.425751,0.000008,0.000000,1.000000;;
               }
              }
             }
            }
           }

           Frame Bip001_L_Finger3 {
            

            FrameTransformMatrix {
             0.879454,0.054580,0.472844,0.000000,-0.084190,0.995578,0.041667,0.000000,-0.468479,-0.076453,0.880160,0.000000,11.686195,1.606102,-0.362923,1.000000;;
            }

            Frame Bip001_L_Finger31 {
             

             FrameTransformMatrix {
              0.078660,0.000000,0.996901,0.000000,0.000000,1.000000,0.000000,0.000000,-0.996902,-0.000000,0.078659,0.000000,4.316544,-0.000008,-0.000015,1.000000;;
             }

             Frame Bip001_L_Finger32 {
              

              FrameTransformMatrix {
               0.078660,0.000000,0.996902,0.000000,0.000000,1.000000,0.000000,0.000000,-0.996902,0.000000,0.078659,0.000000,4.650665,0.000008,0.000000,1.000000;;
              }

              Frame Bip001_L_Finger3Nub {
               

               FrameTransformMatrix {
                1.000000,0.000000,0.000000,0.000000,0.000000,1.000000,0.000000,0.000000,0.000000,0.000000,1.000000,0.000000,4.650642,0.000000,0.000000,1.000000;;
               }
              }
             }
            }
           }

           Frame Bip001_L_Finger4 {
            

            FrameTransformMatrix {
             0.819581,0.032599,0.572035,0.000000,-0.043233,0.999053,0.005008,0.000000,-0.571330,-0.028835,0.820214,0.000000,10.216774,4.386833,-0.631813,1.000000;;
            }

            Frame Bip001_L_Finger41 {
             

             FrameTransformMatrix {
              0.416197,-0.000000,0.909274,0.000000,0.000000,1.000000,0.000000,0.000000,-0.909274,0.000000,0.416197,0.000000,3.003712,-0.000008,0.000000,1.000000;;
             }

             Frame Bip001_L_Finger42 {
              

              FrameTransformMatrix {
               0.416197,-0.000000,0.909274,0.000000,0.000000,1.000000,0.000000,0.000000,-0.909274,0.000000,0.416197,0.000000,3.003708,0.000000,0.000000,1.000000;;
              }

              Frame Bip001_L_Finger4Nub {
               

               FrameTransformMatrix {
                1.000000,-0.000000,-0.000000,0.000000,0.000000,1.000000,-0.000000,0.000000,0.000000,0.000000,1.000000,0.000000,3.003723,0.000000,0.000000,1.000000;;
               }
              }
             }
            }
           }
          }
         }
        }
       }

       Frame Bip001_R_Clavicle {
        

        FrameTransformMatrix {
         -0.191077,-0.973189,0.128031,0.000000,-0.921357,0.132840,-0.365316,0.000000,0.338514,-0.187766,-0.922037,0.000000,-0.165756,-4.282722,0.694149,1.000000;;
        }

        Frame Bip001_R_UpperArm {
         

         FrameTransformMatrix {
          0.282383,0.682636,-0.673994,0.000000,-0.741037,0.601399,0.298638,0.000000,0.609200,0.415124,0.675683,0.000000,16.122222,-0.000015,0.000000,1.000000;;
         }

         Frame Bip001_R_Forearm {
          

          FrameTransformMatrix {
           -0.372739,-0.000000,-0.927936,0.000000,0.000000,1.000000,0.000000,0.000000,0.927937,0.000000,-0.372739,0.000000,44.136819,0.000000,0.000004,1.000000;;
          }

          Frame Bip001_R_Hand {
           

           FrameTransformMatrix {
            0.999761,-0.005847,-0.021072,0.000000,-0.021582,-0.108463,-0.993866,0.000000,0.003526,0.994083,-0.108563,0.000000,37.683379,0.000000,0.000008,1.000000;;
           }

           Frame Bip001_R_Finger0 {
            

            FrameTransformMatrix {
             0.820473,0.503828,0.270153,0.000000,-0.512024,0.437437,0.739243,0.000000,0.254276,-0.744853,0.616877,0.000000,4.289871,5.456848,2.394806,1.000000;;
            }

            Frame Bip001_R_Finger01 {
             

             FrameTransformMatrix {
              0.862155,-0.000000,0.506645,0.000000,0.000000,1.000000,0.000000,0.000000,-0.506645,0.000000,0.862155,0.000000,3.875534,-0.000008,0.000000,1.000000;;
             }

             Frame Bip001_R_Finger02 {
              

              FrameTransformMatrix {
               0.862155,0.000000,0.506645,0.000000,0.000000,1.000000,-0.000000,0.000000,-0.506645,-0.000000,0.862155,0.000000,3.875542,0.000000,-0.000015,1.000000;;
              }

              Frame Bip001_R_Finger0Nub {
               

               FrameTransformMatrix {
                -1.000000,-0.000000,0.000000,0.000000,0.000000,1.000000,0.000000,0.000000,0.000000,0.000000,-1.000000,0.000000,3.875535,0.000008,-0.000015,1.000000;;
               }
              }
             }
            }
           }

           Frame Bip001_R_Finger1 {
            

            FrameTransformMatrix {
             0.972006,0.000187,0.234956,0.000000,0.000000,1.000000,-0.000796,0.000000,-0.234956,0.000774,0.972006,0.000000,11.734268,5.461197,-0.417770,1.000000;;
            }

            Frame Bip001_R_Finger11 {
             

             FrameTransformMatrix {
              -0.033107,-0.000000,0.999452,0.000000,0.000000,1.000000,0.000000,0.000000,-0.999452,0.000000,-0.033107,0.000000,4.650635,-0.000015,0.000000,1.000000;;
             }

             Frame Bip001_R_Finger12 {
              

              FrameTransformMatrix {
               0.342743,-0.000000,0.939429,0.000000,0.000000,1.000000,-0.000000,0.000000,-0.939429,-0.000000,0.342743,0.000000,4.650642,0.000000,-0.000008,1.000000;;
              }

              Frame Bip001_R_Finger1Nub {
               

               FrameTransformMatrix {
                -1.000000,-0.000000,-0.000000,0.000000,0.000000,1.000000,-0.000000,0.000000,0.000000,0.000000,-1.000000,0.000000,4.650650,-0.000008,0.000004,1.000000;;
               }
              }
             }
            }
           }

           Frame Bip001_R_Finger2 {
            

            FrameTransformMatrix {
             0.992779,-0.056468,-0.105831,0.000000,0.054546,0.998291,-0.020970,0.000000,0.106834,0.015046,0.994163,0.000000,11.686752,1.501312,-0.364784,1.000000;;
            }

            Frame Bip001_R_Finger21 {
             

             FrameTransformMatrix {
              0.078667,-0.000000,0.996901,0.000000,0.000000,1.000000,0.000000,0.000000,-0.996901,0.000000,0.078667,0.000000,4.698425,0.000008,0.000000,1.000000;;
             }

             Frame Bip001_R_Finger22 {
              

              FrameTransformMatrix {
               -0.054148,0.000000,0.998533,0.000000,-0.000000,1.000000,0.000000,0.000000,-0.998533,0.000000,-0.054148,0.000000,5.425743,0.000008,0.000000,1.000000;;
              }

              Frame Bip001_R_Finger2Nub {
               

               FrameTransformMatrix {
                -1.000000,-0.000000,0.000000,0.000000,-0.000000,1.000000,-0.000000,0.000000,-0.000000,0.000000,-1.000000,0.000000,5.425751,0.000000,0.000000,1.000000;;
               }
              }
             }
            }
           }

           Frame Bip001_R_Finger3 {
            

            FrameTransformMatrix {
             0.895635,-0.093934,-0.434758,0.000000,0.084190,0.995578,-0.041667,0.000000,0.436749,0.000716,0.899583,0.000000,11.686203,-1.606094,-0.362915,1.000000;;
            }

            Frame Bip001_R_Finger31 {
             

             FrameTransformMatrix {
              -0.351003,-0.000000,0.936374,0.000000,-0.000000,1.000000,0.000000,0.000000,-0.936374,-0.000000,-0.351003,0.000000,4.316544,0.000000,-0.000003,1.000000;;
             }

             Frame Bip001_R_Finger32 {
              

              FrameTransformMatrix {
               -0.351003,0.000000,0.936374,0.000000,0.000000,1.000000,0.000000,0.000000,-0.936374,0.000000,-0.351003,0.000000,4.650650,0.000000,0.000000,1.000000;;
              }

              Frame Bip001_R_Finger3Nub {
               

               FrameTransformMatrix {
                -1.000000,0.000000,-0.000000,0.000000,-0.000000,1.000000,0.000000,0.000000,0.000000,-0.000000,-1.000000,0.000000,4.650642,0.000000,0.000008,1.000000;;
               }
              }
             }
            }
           }

           Frame Bip001_R_Finger4 {
            

            FrameTransformMatrix {
             0.995318,-0.043504,-0.086311,0.000000,0.043233,0.999052,-0.005008,0.000000,0.086447,0.001253,0.996256,0.000000,10.216782,-4.386826,-0.631805,1.000000;;
            }

            Frame Bip001_R_Finger41 {
             

             FrameTransformMatrix {
              0.447765,-0.000000,0.894151,0.000000,0.000000,1.000000,0.000000,0.000000,-0.894151,0.000000,0.447765,0.000000,3.003723,0.000000,0.000000,1.000000;;
             }

             Frame Bip001_R_Finger42 {
              

              FrameTransformMatrix {
               0.447765,0.000000,0.894151,0.000000,-0.000000,1.000000,0.000000,0.000000,-0.894151,0.000000,0.447765,0.000000,3.003706,-0.000008,0.000015,1.000000;;
              }

              Frame Bip001_R_Finger4Nub {
               

               FrameTransformMatrix {
                -1.000000,0.000000,0.000000,0.000000,0.000000,1.000000,0.000000,0.000000,0.000000,-0.000000,-1.000000,0.000000,3.003708,0.000008,-0.000008,1.000000;;
               }
              }
             }
            }
           }
          }
         }
        }
       }

       Frame Bip001_Head {
        

        FrameTransformMatrix {
         0.968850,0.247634,0.002657,0.000000,-0.133874,0.532741,-0.835623,0.000000,-0.208344,0.809237,0.549298,0.000000,15.765381,-0.911514,-0.005146,1.000000;;
        }

        Frame Bip001_HeadNub {
         

         FrameTransformMatrix {
          1.000000,0.000000,0.000000,0.000000,0.000000,1.000000,-0.000000,0.000000,0.000000,0.000000,1.000000,0.000000,29.144013,-0.000004,0.000000,1.000000;;
         }
        }
       }
      }
     }
    }
   }

   Frame Bip001_L_Thigh {
    

    FrameTransformMatrix {
     -0.864494,0.266531,0.426159,0.000000,-0.162797,-0.950604,0.264288,0.000000,0.475549,0.159098,0.865182,0.000000,-13.114486,12.019441,5.257847,1.000000;;
    }

    Frame Bip001_L_Calf {
     

     FrameTransformMatrix {
      0.885878,-0.000000,-0.463918,0.000000,0.000000,1.000000,0.000000,0.000000,0.463918,0.000000,0.885878,0.000000,54.040717,0.000000,-0.000004,1.000000;;
     }

     Frame Bip001_L_Foot {
      

      FrameTransformMatrix {
       0.959164,-0.045120,0.279229,0.000000,0.038952,0.998860,0.027603,0.000000,-0.280157,-0.015600,0.959828,0.000000,58.826861,-0.000004,-0.000001,1.000000;;
      }

      Frame Bip001_L_Toe0 {
       

       FrameTransformMatrix {
        0.000000,-0.000000,1.000000,0.000000,-0.000000,1.000000,-0.000000,0.000000,-1.000000,-0.000000,0.000000,0.000000,14.261973,0.000000,18.354533,1.000000;;
       }

       Frame Bip001_L_Toe01 {
        

        FrameTransformMatrix {
         1.000000,-0.000000,-0.000000,0.000000,0.000000,1.000000,0.000000,0.000000,-0.000000,0.000000,1.000000,0.000000,1.860256,-0.000004,0.000000,1.000000;;
        }

        Frame Bip001_L_Toe02 {
         

         FrameTransformMatrix {
          1.000000,-0.000000,-0.000000,0.000000,0.000000,1.000000,0.000000,0.000000,-0.000000,0.000000,1.000000,0.000000,1.860256,0.000004,0.000000,1.000000;;
         }

         Frame Bip001_L_Toe0Nub {
          

          FrameTransformMatrix {
           -1.000000,0.000000,0.000000,0.000000,0.000000,1.000000,0.000000,0.000000,-0.000000,0.000000,-1.000000,0.000000,1.860260,-0.000004,0.000000,1.000000;;
          }
         }
        }
       }
      }
     }
    }
   }

   Frame Bip001_R_Thigh {
    

    FrameTransformMatrix {
     -0.823595,-0.438915,0.359227,0.000000,0.255398,-0.852508,-0.456073,0.000000,0.506421,-0.283874,0.814220,0.000000,-14.253075,-12.633995,2.783739,1.000000;;
    }

    Frame Bip001_R_Calf {
     

     FrameTransformMatrix {
      0.786183,0.000000,-0.617994,0.000000,0.000000,1.000000,0.000000,0.000000,0.617994,-0.000000,0.786183,0.000000,53.736070,0.000000,0.000000,1.000000;;
     }

     Frame Bip001_R_Foot {
      

      FrameTransformMatrix {
       0.939110,0.116431,0.323291,0.000000,-0.102025,0.992896,-0.061218,0.000000,-0.328122,0.024506,0.944318,0.000000,59.151962,-0.000008,-0.000000,1.000000;;
      }

      Frame Bip001_R_Toe0 {
       

       FrameTransformMatrix {
        0.000000,-0.000000,1.000000,0.000000,-0.000000,1.000000,0.000000,0.000000,-1.000000,-0.000000,0.000000,0.000000,14.261973,-0.000004,18.354526,1.000000;;
       }

       Frame Bip001_R_Toe01 {
        

        FrameTransformMatrix {
         1.000000,-0.000000,-0.000000,0.000000,0.000000,1.000000,0.000000,0.000000,0.000000,-0.000000,1.000000,0.000000,1.860252,0.000004,0.000000,1.000000;;
        }

        Frame Bip001_R_Toe02 {
         

         FrameTransformMatrix {
          1.000000,-0.000000,-0.000000,0.000000,0.000000,1.000000,0.000000,0.000000,0.000000,-0.000000,1.000000,0.000000,1.860266,-0.000004,0.000000,1.000000;;
         }

         Frame Bip001_R_Toe0Nub {
          

          FrameTransformMatrix {
           1.000000,-0.000000,-0.000000,0.000000,0.000000,1.000000,0.000000,0.000000,0.000000,-0.000000,1.000000,0.000000,1.860256,0.000000,-0.000002,1.000000;;
          }
         }
        }
       }
      }
     }
    }
   }
  }
 }
}

Frame Box001 {
 

 FrameTransformMatrix {
  0.667112,0.000000,0.000000,0.000000,0.000000,0.696682,0.000000,0.000000,0.000000,0.000000,0.492662,0.000000,0.000000,0.000000,0.000000,1.000000;;
 }

 Mesh Box001 {
  24;
  40.214755;20.397602;125.994893;,
  35.850477;20.333130;126.753011;,
  37.656160;19.160470;123.983603;,
  38.409072;21.570261;128.764301;,
  40.044102;21.968466;124.460736;,
  35.679821;21.903994;125.218854;,
  38.238422;23.141125;127.230144;,
  37.485504;20.731334;122.449446;,
  40.214755;20.397602;125.994893;,
  38.238422;23.141125;127.230144;,
  38.409072;21.570261;128.764301;,
  40.044102;21.968466;124.460736;,
  38.409072;21.570261;128.764301;,
  35.679821;21.903994;125.218854;,
  35.850477;20.333130;126.753011;,
  38.238422;23.141125;127.230144;,
  35.850477;20.333130;126.753011;,
  37.485504;20.731334;122.449446;,
  37.656160;19.160470;123.983603;,
  35.679821;21.903994;125.218854;,
  37.656160;19.160470;123.983603;,
  40.044102;21.968466;124.460736;,
  40.214755;20.397602;125.994893;,
  37.485504;20.731334;122.449446;;
  12;
  3;0,1,2;,
  3;1,0,3;,
  3;4,5,6;,
  3;5,4,7;,
  3;8,9,10;,
  3;9,8,11;,
  3;12,13,14;,
  3;13,12,15;,
  3;16,17,18;,
  3;17,16,19;,
  3;20,21,22;,
  3;21,20,23;;

  DeclData {
   2;
   2;0;3;0;,
   1;0;5;0;;
   120;
   1035375501,
   3211075044,
   1054853795,
   1065353216,
   1065353216,
   1035375501,
   3211075044,
   1054853795,
   0,
   0,
   1035375502,
   3211075044,
   1054853796,
   1065353216,
   0,
   1035375502,
   3211075044,
   1054853796,
   0,
   1065353216,
   3182859149,
   1063591396,
   3202337442,
   0,
   1065353216,
   3182859148,
   1063591396,
   3202337443,
   1065353216,
   0,
   3182859147,
   1063591396,
   3202337441,
   1065353216,
   1065353216,
   3182859150,
   1063591396,
   3202337444,
   0,
   0,
   1062451985,
   1054821971,
   1052085173,
   0,
   1065353216,
   1062451983,
   1054821964,
   1052085188,
   1065353216,
   0,
   1062451983,
   1054821955,
   1052085203,
   1065353216,
   1065353216,
   1062451986,
   1054821979,
   1052085158,
   0,
   0,
   3207367441,
   1056205480,
   1058034541,
   0,
   1065353216,
   3207367445,
   1056205468,
   1058034542,
   1065353216,
   0,
   3207367448,
   1056205452,
   1058034545,
   1065353216,
   1065353216,
   3207367437,
   1056205497,
   1058034540,
   0,
   0,
   3209935625,
   3202305647,
   3199568825,
   0,
   1065353216,
   3209935625,
   3202305647,
   3199568825,
   1065353216,
   0,
   3209935625,
   3202305645,
   3199568825,
   1065353216,
   1065353216,
   3209935625,
   3202305645,
   3199568825,
   0,
   0,
   1059883800,
   3203689101,
   3205518192,
   0,
   1065353216,
   1059883800,
   3203689101,
   3205518192,
   1065353216,
   0,
   1059883801,
   3203689099,
   3205518192,
   1065353216,
   1065353216,
   1059883801,
   3203689099,
   3205518192,
   0,
   0;
  }

  XSkinMeshHeader {
   1;
   1;
   1;
  }

  SkinWeights {
   "Bip001_L_Toe0Nub";
   24;
   0,
   1,
   2,
   3,
   4,
   5,
   6,
   7,
   8,
   9,
   10,
   11,
   12,
   13,
   14,
   15,
   16,
   17,
   18,
   19,
   20,
   21,
   22,
   23;
   1.000000,
   1.000000,
   1.000000,
   1.000000,
   1.000000,
   1.000000,
   1.000000,
   1.000000,
   1.000000,
   1.000000,
   1.000000,
   1.000000,
   1.000000,
   1.000000,
   1.000000,
   1.000000,
   1.000000,
   1.000000,
   1.000000,
   1.000000,
   1.000000,
   1.000000,
   1.000000,
   1.000000;
   -0.369533,0.545877,-0.102478,0.000000,-0.097148,-0.190253,-0.663123,0.000000,-0.404378,-0.249201,0.130739,0.000000,36.495645,37.626864,-12.254169,1.000000;;
  }
 }
}

AnimTicksPerSecond  {
 4800;
}

AnimationSet Anim1 {
 

 Animation {
  
  { Bip001 }

  AnimationKey S {
   1;
   2;
   0;3;1.000000,1.000000,1.000000;;,
   8160;3;1.000000,1.000000,1.000000;;;
  }

  AnimationKey R {
   0;
   52;
   0;4;0.947470,0.025865,0.314975,-0.049230;;,
   160;4;0.955395,0.028116,0.290291,-0.046494;;,
   320;4;0.963201,0.030487,0.263517,-0.043273;;,
   480;4;0.970435,0.032888,0.235772,-0.039835;;,
   640;4;0.976769,0.035235,0.208212,-0.036455;;,
   800;4;0.982012,0.037447,0.182026,-0.033415;;,
   960;4;0.986096,0.039446,0.158423,-0.030996;;,
   1120;4;0.989051,0.041162,0.138617,-0.029482;;,
   1280;4;0.990964,0.042525,0.123823,-0.029157;;,
   1440;4;0.992292,0.043287,0.111949,-0.030844;;,
   1600;4;0.993201,0.043419,0.102304,-0.034647;;,
   1760;4;0.993433,0.043184,0.098209,-0.039768;;,
   1920;4;0.992723,0.042847,0.102976,-0.045408;;,
   2080;4;0.990570,0.042660,0.119896,-0.050759;;,
   2240;4;0.985892,0.042854,0.152177,-0.054974;;,
   2400;4;0.972515,0.044439,0.220807,-0.059021;;,
   2560;4;0.942895,0.046556,0.323850,-0.062475;;,
   2720;4;0.899216,0.046890,0.430427,-0.062799;;,
   2880;4;0.855170,0.043790,0.513181,-0.058416;;,
   3040;4;0.816441,0.037567,0.574068,-0.049588;;,
   3200;4;0.775163,0.029661,0.629925,-0.037902;;,
   3360;4;0.732453,0.020681,0.680060,-0.024559;;,
   3520;4;0.689585,0.011261,0.724037,-0.010787;;,
   3680;4;0.647947,0.002045,0.761680,0.002176;;,
   3840;4;0.608989,-0.006323,0.793046,0.013104;;,
   4000;4;0.574164,-0.013205,0.818369,0.020794;;,
   4160;4;0.549455,-0.018026,0.835028,0.022428;;,
   4320;4;0.539790,-0.020775,0.841350,0.018042;;,
   4480;4;0.544518,-0.021659,0.838401,0.010719;;,
   4640;4;0.562502,-0.020870,0.826525,0.003532;;,
   4800;4;0.589240,-0.018906,0.807731,-0.002960;;,
   4960;4;0.620115,-0.016246,0.784278,-0.010080;;,
   5120;4;0.653556,-0.013045,0.756561,-0.017580;;,
   5280;4;0.688069,-0.009465,0.725146,-0.025209;;,
   5440;4;0.722281,-0.005677,0.690802,-0.032722;;,
   5600;4;0.754995,-0.001855,0.654514,-0.039881;;,
   5760;4;0.785217,0.001822,0.617472,-0.046460;;,
   5920;4;0.812178,0.005180,0.581041,-0.052253;;,
   6080;4;0.835330,0.008045,0.546719,-0.057076;;,
   6240;4;0.855588,0.010652,0.513921,-0.061172;;,
   6400;4;0.874143,0.013283,0.481136,-0.064848;;,
   6560;4;0.891025,0.015842,0.448547,-0.068033;;,
   6720;4;0.906277,0.018232,0.416336,-0.070663;;,
   6880;4;0.919958,0.020362,0.384683,-0.072677;;,
   7040;4;0.932138,0.022138,0.353765,-0.074017;;,
   7200;4;0.942902,0.023473,0.323752,-0.074633;;,
   7360;4;0.952339,0.024280,0.294812,-0.074477;;,
   7520;4;0.960548,0.024474,0.267104,-0.073509;;,
   7680;4;0.966566,0.022497,0.245851,-0.069296;;,
   7840;4;0.970414,0.017897,0.232911,-0.061060;;,
   8000;4;0.973330,0.012246,0.223284,-0.051211;;,
   8160;4;0.976352,0.007116,0.211917,-0.042149;;;
  }

  AnimationKey T {
   2;
   44;
   0;3;0.000000,119.466803,-2.850376;;,
   640;3;0.000000,119.466803,-2.850376;;,
   800;3;0.000000,119.466803,-1.869399;;,
   960;3;0.000000,119.466803,-0.907597;;,
   1120;3;0.000000,119.466803,0.043251;;,
   1280;3;0.000000,119.466803,0.991359;;,
   1440;3;0.000000,119.466803,1.944945;;,
   1600;3;0.000000,119.466803,2.912226;;,
   1760;3;0.000000,119.466803,3.901419;;,
   1920;3;0.000000,119.466803,4.920741;;,
   2080;3;0.000000,119.466803,5.978408;;,
   2240;3;0.000000,119.466803,7.082640;;,
   2400;3;0.000000,119.466803,8.440537;;,
   2560;3;0.000000,119.466803,10.080858;;,
   2720;3;0.000000,119.466803,11.744309;;,
   2880;3;0.000000,119.466803,13.171586;;,
   3040;3;0.000000,119.466803,14.103392;;,
   3200;3;0.000000,119.466803,14.666541;;,
   3360;3;0.000000,119.466803,15.163070;;,
   3520;3;0.000000,119.466803,15.596515;;,
   3680;3;0.000000,119.466803,15.970418;;,
   3840;3;0.000000,119.466803,16.288310;;,
   4000;3;0.000000,119.466803,16.553734;;,
   4160;3;0.000000,119.466803,16.770222;;,
   4320;3;0.000000,119.466803,16.941318;;,
   4480;3;0.000000,119.466803,17.070554;;,
   4640;3;0.000000,119.466803,17.161464;;,
   4800;3;0.000000,119.466803,17.217598;;,
   4960;3;0.000000,119.466803,17.242480;;,
   5120;3;0.000000,119.466803,17.109768;;,
   5280;3;0.000000,119.466803,16.713349;;,
   5440;3;0.000000,119.466803,16.087128;;,
   5600;3;0.000000,119.466803,15.264995;;,
   5760;3;0.000000,119.466803,14.280854;;,
   5920;3;0.000000,119.466803,13.173197;;,
   6080;3;0.000000,119.466803,11.970578;;,
   6240;3;0.000000,119.466803,10.691986;;,
   6400;3;0.000000,119.466803,9.356417;;,
   6560;3;0.000000,119.466803,7.982869;;,
   6720;3;0.000000,119.466803,6.590322;;,
   6880;3;0.000000,119.466803,5.197776;;,
   7040;3;0.000000,119.466803,3.824222;;,
   7200;3;0.000000,119.466803,2.488653;;,
   8160;3;0.000000,119.466803,2.488653;;;
  }
 }

 Animation {
  
  { Bip001_Pelvis }

  AnimationKey S {
   1;
   2;
   0;3;1.000000,1.000000,1.000000;;,
   8160;3;1.000000,1.000000,1.000000;;;
  }

  AnimationKey R {
   0;
   2;
   0;4;0.509271,-0.490553,-0.509271,-0.490554;;,
   8160;4;0.509271,-0.490553,-0.509271,-0.490554;;;
  }

  AnimationKey T {
   2;
   2;
   0;3;0.000000,0.000000,0.000000;;,
   8160;3;0.000000,0.000000,0.000000;;;
  }
 }

 Animation {
  
  { Bip001_Spine }

  AnimationKey S {
   1;
   2;
   0;3;1.000000,1.000000,1.000000;;,
   8160;3;1.000000,1.000000,1.000000;;;
  }

  AnimationKey R {
   0;
   47;
   0;4;0.988517,0.053858,0.140339,-0.015471;;,
   160;4;0.988920,0.056197,0.136546,-0.015314;;,
   320;4;0.989317,0.059022,0.132440,-0.015137;;,
   480;4;0.989683,0.061602,0.128485,-0.014969;;,
   640;4;0.990011,0.063209,0.125149,-0.014841;;,
   800;4;0.990300,0.063118,0.122899,-0.014783;;,
   960;4;0.990543,0.060598,0.122202,-0.014825;;,
   1120;4;0.990708,0.054923,0.123521,-0.014997;;,
   1280;4;0.990599,0.045210,0.128204,-0.015257;;,
   1440;4;0.990032,0.031691,0.136343,-0.015568;;,
   1600;4;0.988961,0.015306,0.146515,-0.015965;;,
   1760;4;0.987409,-0.002996,0.157300,-0.016483;;,
   1920;4;0.985506,-0.022260,0.167298,-0.017159;;,
   2080;4;0.983505,-0.041531,0.175125,-0.018032;;,
   2240;4;0.981763,-0.059853,0.179422,-0.019140;;,
   2400;4;0.980334,-0.090476,0.174170,-0.020575;;,
   2560;4;0.979211,-0.122787,0.159810,-0.023028;;,
   2720;4;0.981661,-0.120347,0.145267,-0.027491;;,
   2880;4;0.989017,-0.056338,0.131732,-0.036310;;,
   3040;4;0.991115,0.042840,0.116905,-0.046787;;,
   3200;4;0.984085,0.132668,0.105797,-0.052749;;,
   3360;4;0.972663,0.202477,0.101874,-0.050511;;,
   3520;4;0.958442,0.262586,0.102455,-0.044047;;,
   3680;4;0.947060,0.300909,0.104742,-0.039510;;,
   3840;4;0.943828,0.309674,0.108402,-0.039240;;,
   4000;4;0.946951,0.297607,0.114141,-0.041060;;,
   4160;4;0.952005,0.277737,0.120737,-0.044394;;,
   4320;4;0.958938,0.247174,0.129402,-0.050972;;,
   4480;4;0.966347,0.208444,0.138727,-0.058985;;,
   4640;4;0.970423,0.183399,0.143924,-0.062688;;,
   4800;4;0.972122,0.173089,0.145422,-0.062220;;,
   4960;4;0.973616,0.163656,0.146659,-0.061478;;,
   5120;4;0.974940,0.155013,0.147661,-0.060491;;,
   5280;4;0.976123,0.147070,0.148459,-0.059289;;,
   5440;4;0.977188,0.139739,0.149079,-0.057899;;,
   5600;4;0.978157,0.132927,0.149549,-0.056350;;,
   5760;4;0.979045,0.126544,0.149895,-0.054670;;,
   5920;4;0.979868,0.120498,0.150143,-0.052887;;,
   6080;4;0.980635,0.114696,0.150319,-0.051028;;,
   6240;4;0.981357,0.109045,0.150447,-0.049122;;,
   6400;4;0.982041,0.103453,0.150554,-0.047196;;,
   6560;4;0.982691,0.097826,0.150663,-0.045278;;,
   6720;4;0.983310,0.092071,0.150800,-0.043394;;,
   6880;4;0.983901,0.086094,0.150989,-0.041573;;,
   7040;4;0.984463,0.079801,0.151253,-0.039841;;,
   7200;4;0.984992,0.073098,0.151615,-0.038225;;,
   8160;4;0.984992,0.073098,0.151615,-0.038225;;;
  }

  AnimationKey T {
   2;
   45;
   0;3;14.255562,0.532483,-0.012261;;,
   160;3;14.255454,0.532420,-0.012281;;,
   480;3;14.255363,0.532345,-0.012300;;,
   640;3;14.255187,0.532234,-0.012335;;,
   960;3;14.255112,0.532233,-0.012350;;,
   1120;3;14.255150,0.532443,-0.012368;;,
   1280;3;14.255256,0.532693,-0.012364;;,
   1440;3;14.255478,0.533042,-0.012336;;,
   1600;3;14.255722,0.533466,-0.012280;;,
   1760;3;14.255950,0.533934,-0.012204;;,
   1920;3;14.256195,0.534428,-0.012109;;,
   2080;3;14.256386,0.534922,-0.012009;;,
   2240;3;14.256462,0.535387,-0.011923;;,
   2400;3;14.256317,0.536163,-0.011852;;,
   2560;3;14.255928,0.536974,-0.011797;;,
   2720;3;14.255539,0.536929,-0.011932;;,
   2880;3;14.255272,0.535348,-0.012316;;,
   3040;3;14.255005,0.532845,-0.012447;;,
   3200;3;14.254822,0.530587,-0.012108;;,
   3360;3;14.254792,0.528873,-0.011524;;,
   3520;3;14.254806,0.527453,-0.010803;;,
   3680;3;14.254829,0.526588,-0.010238;;,
   3840;3;14.254914,0.526403,-0.010077;;,
   4000;3;14.255058,0.526683,-0.010235;;,
   4160;3;14.255256,0.527148,-0.010489;;,
   4320;3;14.255470,0.527884,-0.010845;;,
   4480;3;14.255746,0.528838,-0.011236;;,
   4640;3;14.255859,0.529462,-0.011449;;,
   4800;3;14.255906,0.529710,-0.011530;;,
   4960;3;14.255890,0.529940,-0.011607;;,
   5120;3;14.255920,0.530147,-0.011667;;,
   5280;3;14.255920,0.530338,-0.011723;;,
   5440;3;14.255920,0.530513,-0.011772;;,
   5600;3;14.255912,0.530675,-0.011816;;,
   5760;3;14.255912,0.530826,-0.011860;;,
   5920;3;14.255912,0.530968,-0.011892;;,
   6080;3;14.255912,0.531104,-0.011925;;,
   6240;3;14.255890,0.531238,-0.011959;;,
   6400;3;14.255898,0.531368,-0.011984;;,
   6560;3;14.255867,0.531501,-0.012016;;,
   6720;3;14.255898,0.531637,-0.012039;;,
   6880;3;14.255875,0.531780,-0.012068;;,
   7040;3;14.255875,0.531931,-0.012094;;,
   7200;3;14.255875,0.532094,-0.012115;;,
   8160;3;14.255898,0.532093,-0.012112;;;
  }
 }

 Animation {
  
  { Bip001_Spine1 }

  AnimationKey S {
   1;
   2;
   0;3;1.000000,1.000000,1.000000;;,
   8160;3;1.000000,1.000000,1.000000;;;
  }

  AnimationKey R {
   0;
   2;
   0;4;1.000000,0.000000,0.000000,-0.000000;;,
   8160;4;1.000000,0.000000,0.000000,0.000000;;;
  }

  AnimationKey T {
   2;
   2;
   0;3;16.122208,0.000000,-0.012835;;,
   8160;3;16.122222,0.000000,-0.012836;;;
  }
 }

 Animation {
  
  { Bip001_Spine2 }

  AnimationKey S {
   1;
   2;
   0;3;1.000000,1.000000,1.000000;;,
   8160;3;1.000000,1.000000,1.000000;;;
  }

  AnimationKey R {
   0;
   47;
   0;4;0.999480,0.012146,0.029875,0.000648;;,
   160;4;0.999498,0.012633,0.029049,0.000683;;,
   320;4;0.999516,0.013223,0.028154,0.000722;;,
   480;4;0.999533,0.013762,0.027293,0.000760;;,
   640;4;0.999547,0.014094,0.026569,0.000788;;,
   800;4;0.999561,0.014064,0.026083,0.000802;;,
   960;4;0.999572,0.013517,0.025938,0.000794;;,
   1120;4;0.999580,0.012299,0.026236,0.000758;;,
   1280;4;0.999576,0.010225,0.027272,0.000702;;,
   1440;4;0.999550,0.007346,0.029073,0.000633;;,
   1600;4;0.999502,0.003860,0.031330,0.000545;;,
   1760;4;0.999431,-0.000033,0.033739,0.000429;;,
   1920;4;0.999344,-0.004135,0.035994,0.000278;;,
   2080;4;0.999252,-0.008248,0.037789,0.000084;;,
   2240;4;0.999172,-0.012173,0.038819,-0.000159;;,
   2400;4;0.999107,-0.018786,0.037834,-0.000477;;,
   2560;4;0.999057,-0.025816,0.034901,-0.001012;;,
   2720;4;0.999174,-0.025347,0.031703,-0.001954;;,
   2880;4;0.999523,-0.011597,0.028378,-0.003799;;,
   3040;4;0.999628,0.009656,0.024776,-0.006050;;,
   3200;4;0.999307,0.028985,0.022157,-0.007401;;,
   3360;4;0.998776,0.044166,0.021127,-0.006988;;,
   3520;4;0.998111,0.057419,0.021088,-0.005677;;,
   3680;4;0.997577,0.065991,0.021512,-0.004772;;,
   3840;4;0.997425,0.067988,0.022318,-0.004741;;,
   4000;4;0.997573,0.065313,0.023589,-0.005117;;,
   4160;4;0.997812,0.060906,0.025051,-0.005805;;,
   4320;4;0.998142,0.054162,0.026977,-0.007179;;,
   4480;4;0.998493,0.045682,0.029091,-0.008864;;,
   4640;4;0.998685,0.040232,0.030292,-0.009642;;,
   4800;4;0.998763,0.037990,0.030641,-0.009530;;,
   4960;4;0.998831,0.035941,0.030931,-0.009360;;,
   5120;4;0.998892,0.034065,0.031169,-0.009139;;,
   5280;4;0.998945,0.032342,0.031360,-0.008872;;,
   5440;4;0.998994,0.030752,0.031512,-0.008565;;,
   5600;4;0.999037,0.029276,0.031630,-0.008224;;,
   5760;4;0.999077,0.027893,0.031719,-0.007855;;,
   5920;4;0.999113,0.026583,0.031787,-0.007464;;,
   6080;4;0.999147,0.025327,0.031839,-0.007057;;,
   6240;4;0.999179,0.024103,0.031880,-0.006640;;,
   6400;4;0.999209,0.022893,0.031918,-0.006220;;,
   6560;4;0.999237,0.021677,0.031957,-0.005801;;,
   6720;4;0.999264,0.020433,0.032004,-0.005390;;,
   6880;4;0.999290,0.019143,0.032066,-0.004993;;,
   7040;4;0.999314,0.017787,0.032147,-0.004616;;,
   7200;4;0.999337,0.016343,0.032254,-0.004265;;,
   8160;4;0.999337,0.016343,0.032254,-0.004265;;;
  }

  AnimationKey T {
   2;
   29;
   0;3;16.122986,-0.000312,-0.012814;;,
   1280;3;16.122955,-0.000325,-0.012812;;,
   1440;3;16.122971,-0.000187,-0.012819;;,
   1600;3;16.123032,-0.000100,-0.012814;;,
   1760;3;16.123093,0.000001,-0.012808;;,
   1920;3;16.123154,0.000106,-0.012806;;,
   2080;3;16.123200,0.000212,-0.012802;;,
   2240;3;16.123214,0.000313,-0.012798;;,
   2400;3;16.123184,0.000483,-0.012794;;,
   2560;3;16.123107,0.000663,-0.012791;;,
   2720;3;16.123046,0.000652,-0.012797;;,
   2880;3;16.122941,0.000299,-0.012812;;,
   3040;3;16.122878,-0.000243,-0.012821;;,
   3200;3;16.122787,-0.000739,-0.012802;;,
   3360;3;16.122757,-0.001127,-0.012777;;,
   3520;3;16.122773,-0.001468,-0.012743;;,
   3680;3;16.122803,-0.001687,-0.012718;;,
   4000;3;16.122803,-0.001737,-0.012711;;,
   4160;3;16.122878,-0.001554,-0.012733;;,
   4320;3;16.122941,-0.001384,-0.012749;;,
   4480;3;16.122971,-0.001161,-0.012762;;,
   4640;3;16.123002,-0.001026,-0.012772;;,
   5120;3;16.123016,-0.000963,-0.012779;;,
   5280;3;16.123016,-0.000824,-0.012783;;,
   5760;3;16.123032,-0.000782,-0.012789;;,
   5920;3;16.123032,-0.000675,-0.012791;;,
   6560;3;16.123046,-0.000644,-0.012796;;,
   6720;3;16.123046,-0.000521,-0.012802;;,
   8160;3;16.123046,-0.000487,-0.012804;;;
  }
 }

 Animation {
  
  { Bip001_Spine3 }

  AnimationKey S {
   1;
   2;
   0;3;1.000000,1.000000,1.000000;;,
   8160;3;1.000000,1.000000,1.000000;;;
  }

  AnimationKey R {
   0;
   47;
   0;4;0.999480,0.012146,0.029875,0.000648;;,
   160;4;0.999498,0.012633,0.029049,0.000683;;,
   320;4;0.999516,0.013223,0.028154,0.000722;;,
   480;4;0.999533,0.013762,0.027293,0.000760;;,
   640;4;0.999547,0.014094,0.026569,0.000788;;,
   800;4;0.999561,0.014064,0.026083,0.000802;;,
   960;4;0.999572,0.013517,0.025938,0.000794;;,
   1120;4;0.999580,0.012299,0.026236,0.000758;;,
   1280;4;0.999576,0.010225,0.027272,0.000702;;,
   1440;4;0.999550,0.007346,0.029073,0.000633;;,
   1600;4;0.999502,0.003860,0.031330,0.000545;;,
   1760;4;0.999431,-0.000033,0.033739,0.000429;;,
   1920;4;0.999344,-0.004135,0.035994,0.000278;;,
   2080;4;0.999252,-0.008248,0.037789,0.000084;;,
   2240;4;0.999172,-0.012173,0.038819,-0.000159;;,
   2400;4;0.999107,-0.018786,0.037834,-0.000477;;,
   2560;4;0.999057,-0.025816,0.034901,-0.001012;;,
   2720;4;0.999174,-0.025347,0.031703,-0.001954;;,
   2880;4;0.999523,-0.011597,0.028378,-0.003799;;,
   3040;4;0.999628,0.009656,0.024776,-0.006050;;,
   3200;4;0.999307,0.028985,0.022157,-0.007401;;,
   3360;4;0.998776,0.044166,0.021127,-0.006988;;,
   3520;4;0.998111,0.057419,0.021088,-0.005677;;,
   3680;4;0.997577,0.065991,0.021512,-0.004772;;,
   3840;4;0.997425,0.067988,0.022318,-0.004741;;,
   4000;4;0.997573,0.065313,0.023589,-0.005117;;,
   4160;4;0.997812,0.060906,0.025051,-0.005805;;,
   4320;4;0.998142,0.054162,0.026977,-0.007179;;,
