xof 0303txt 0032
template Frame {
 <3d82ab46-62da-11cf-ab39-0020af71e433>
 [...]
}

template Matrix4x4 {
 <f6f23f45-7686-11cf-8f52-0040333594a3>
 array FLOAT matrix[16];
}

template FrameTransformMatrix {
 <f6f23f41-7686-11cf-8f52-0040333594a3>
 Matrix4x4 frameMatrix;
}

template Vector {
 <3d82ab5e-62da-11cf-ab39-0020af71e433>
 FLOAT x;
 FLOAT y;
 FLOAT z;
}

template MeshFace {
 <3d82ab5f-62da-11cf-ab39-0020af71e433>
 DWORD nFaceVertexIndices;
 array DWORD faceVertexIndices[nFaceVertexIndices];
}

template Mesh {
 <3d82ab44-62da-11cf-ab39-0020af71e433>
 DWORD nVertices;
 array Vector vertices[nVertices];
 DWORD nFaces;
 array MeshFace faces[nFaces];
 [...]
}

template VertexElement {
 <f752461c-1e23-48f6-b9f8-8350850f336f>
 DWORD Type;
 DWORD Method;
 DWORD Usage;
 DWORD UsageIndex;
}

template DeclData {
 <bf22e553-292c-4781-9fea-62bd554bdd93>
 DWORD nElements;
 array VertexElement Elements[nElements];
 DWORD nDWords;
 array DWORD data[nDWords];
}

template XSkinMeshHeader {
 <3cf169ce-ff7c-44ab-93c0-f78f62d172e2>
 WORD nMaxSkinWeightsPerVertex;
 WORD nMaxSkinWeightsPerFace;
 WORD nBones;
}

template SkinWeights {
 <6f0d123b-bad2-4167-a0d0-80224f25fabb>
 STRING transformNodeName;
 DWORD nWeights;
 array DWORD vertexIndices[nWeights];
 array FLOAT weights[nWeights];
 Matrix4x4 matrixOffset;
}

template AnimTicksPerSecond {
 <9e415a43-7ba6-4a73-8743-b73d47e88476>
 DWORD AnimTicksPerSecond;
}

template Animation {
 <3d82ab4f-62da-11cf-ab39-0020af71e433>
 [...]
}

template AnimationSet {
 <3d82ab50-62da-11cf-ab39-0020af71e433>
 [Animation <3d82ab4f-62da-11cf-ab39-0020af71e433>]
}

template FloatKeys {
 <10dd46a9-775b-11cf-8f52-0040333594a3>
 DWORD nValues;
 array FLOAT values[nValues];
}

template TimedFloatKeys {
 <f406b180-7b3b-11cf-8f52-0040333594a3>
 DWORD time;
 FloatKeys tfkeys;
}

template AnimationKey {
 <10dd46a8-775b-11cf-8f52-0040333594a3>
 DWORD keyType;
 DWORD nKeys;
 array TimedFloatKeys keys[nKeys];
}


Frame Bip001 {
 

 FrameTransformMatrix {
  -0.955704,0.109581,-0.273170,0.000000,0.100367,0.993815,0.047523,0.000000,0.276687,0.018001,-0.960791,0.000000,0.079725,119.445094,6.398960,1.000000;;
 }

 Frame Bip001_Pelvis {
  

  FrameTransformMatrix {
   0.000000,0.999299,-0.037428,0.000000,-0.000001,0.037428,0.999299,0.000000,1.000000,0.000000,0.000001,0.000000,0.000000,0.000000,0.000000,1.000000;;
  }

  Frame Bip001_Spine {
   

   FrameTransformMatrix {
    0.958413,0.045905,0.281671,0.000000,-0.015668,0.993953,-0.108680,0.000000,-0.284957,0.099747,0.953337,0.000000,14.255622,0.532523,-0.012237,1.000000;;
   }

   Frame Bip001_Spine1 {
    

    FrameTransformMatrix {
     1.000000,0.000000,0.000000,0.000000,-0.000000,1.000000,0.000000,0.000000,0.000000,-0.000000,1.000000,0.000000,16.122238,0.000000,-0.012840,1.000000;;
    }

    Frame Bip001_Spine2 {
     

     FrameTransformMatrix {
      0.998135,-0.000518,0.061045,0.000000,0.001974,0.999715,-0.023784,0.000000,-0.061016,0.023861,0.997852,0.000000,16.123002,-0.000307,-0.012810,1.000000;;
     }

     Frame Bip001_Spine3 {
      

      FrameTransformMatrix {
       0.998135,-0.000518,0.061045,0.000000,0.001974,0.999715,-0.023785,0.000000,-0.061016,0.023861,0.997851,0.000000,16.122971,-0.000306,-0.012810,1.000000;;
      }

      Frame Bip001_Neck {
       

       FrameTransformMatrix {
        0.939508,0.038190,-0.340391,0.000000,0.018479,0.986667,0.161703,0.000000,0.342028,-0.158211,0.926275,0.000000,16.119659,0.001172,-0.006859,1.000000;;
       }

       Frame Bip001_L_Clavicle {
        

        FrameTransformMatrix {
         -0.221272,0.904812,-0.363804,0.000000,0.916793,0.320178,0.238700,0.000000,0.332461,-0.280716,-0.900371,0.000000,0.165771,4.282722,-0.679337,1.000000;;
        }

        Frame Bip001_L_UpperArm {
         

         FrameTransformMatrix {
          0.669642,-0.650580,-0.358226,0.000000,0.721460,0.684319,0.105842,0.000000,0.176282,-0.329322,0.927616,0.000000,16.122222,0.000000,0.000004,1.000000;;
         }

         Frame Bip001_L_Forearm {
          

          FrameTransformMatrix {
           -0.622141,0.000000,-0.782905,0.000000,0.000000,1.000000,-0.000000,0.000000,0.782905,0.000000,-0.622141,0.000000,44.136826,0.000008,-0.000002,1.000000;;
          }

          Frame Bip001_L_Hand {
           

           FrameTransformMatrix {
            0.996255,0.000554,0.086464,0.000000,-0.085463,-0.145569,0.985650,0.000000,0.013132,-0.989348,-0.144976,0.000000,37.683366,0.000000,0.000015,1.000000;;
           }

           Frame Bip001_L_Finger0 {
            

            FrameTransformMatrix {
             0.820473,-0.503828,0.270153,0.000000,0.512024,0.437437,-0.739243,0.000000,0.254276,0.744854,0.616877,0.000000,4.289879,-5.456864,2.394814,1.000000;;
            }

            Frame Bip001_L_Finger01 {
             

             FrameTransformMatrix {
              0.382232,0.000000,0.924066,0.000000,0.000000,1.000000,-0.000000,0.000000,-0.924066,0.000000,0.382233,0.000000,3.875534,0.000008,0.000000,1.000000;;
             }

             Frame Bip001_L_Finger02 {
              

              FrameTransformMatrix {
               0.382232,0.000000,0.924066,0.000000,0.000000,1.000000,0.000000,0.000000,-0.924066,-0.000000,0.382232,0.000000,3.875534,0.000000,0.000000,1.000000;;
              }

              Frame Bip001_L_Finger0Nub {
               

               FrameTransformMatrix {
                1.000000,-0.000000,0.000000,0.000000,0.000000,1.000000,0.000000,0.000000,-0.000000,0.000000,1.000000,0.000000,3.875519,0.000008,0.000000,1.000000;;
               }
              }
             }
            }
           }

           Frame Bip001_L_Finger1 {
            

            FrameTransformMatrix {
             0.766906,-0.000511,0.641759,0.000000,0.000000,1.000000,0.000796,0.000000,-0.641759,-0.000611,0.766906,0.000000,11.734268,-5.461197,-0.417763,1.000000;;
            }

            Frame Bip001_L_Finger11 {
             

             FrameTransformMatrix {
              0.459329,0.000000,0.888266,0.000000,0.000000,1.000000,0.000000,0.000000,-0.888266,-0.000000,0.459329,0.000000,4.650642,0.000000,-0.000015,1.000000;;
             }

             Frame Bip001_L_Finger12 {
              

              FrameTransformMatrix {
               0.459329,0.000000,0.888266,0.000000,0.000000,1.000000,0.000000,0.000000,-0.888266,0.000000,0.459329,0.000000,4.650642,0.000008,0.000000,1.000000;;
              }

              Frame Bip001_L_Finger1Nub {
               

               FrameTransformMatrix {
                1.000000,0.000000,0.000000,0.000000,0.000000,1.000000,0.000000,0.000000,0.000000,-0.000000,1.000000,0.000000,4.650650,0.000008,-0.000004,1.000000;;
               }
              }
             }
            }
           }

           Frame Bip001_L_Finger2 {
            

            FrameTransformMatrix {
             0.842793,0.034767,0.537115,0.000000,-0.054546,0.998291,0.020970,0.000000,-0.535468,-0.046971,0.843249,0.000000,11.686767,-1.501305,-0.364784,1.000000;;
            }

            Frame Bip001_L_Finger21 {
             

             FrameTransformMatrix {
              0.168171,0.000000,0.985758,0.000000,-0.000000,1.000000,-0.000000,0.000000,-0.985758,-0.000000,0.168171,0.000000,4.698440,-0.000015,-0.000015,1.000000;;
             }

             Frame Bip001_L_Finger22 {
              

              FrameTransformMatrix {
               0.168171,0.000000,0.985758,0.000000,0.000000,1.000000,0.000000,0.000000,-0.985758,0.000000,0.168171,0.000000,5.425751,0.000015,0.000008,1.000000;;
              }

              Frame Bip001_L_Finger2Nub {
               

               FrameTransformMatrix {
                1.000000,0.000000,-0.000000,0.000000,-0.000000,1.000000,-0.000000,0.000000,0.000000,0.000000,1.000000,0.000000,5.425758,-0.000015,0.000008,1.000000;;
               }
              }
             }
            }
           }

           Frame Bip001_L_Finger3 {
            

            FrameTransformMatrix {
             0.879454,0.054580,0.472844,0.000000,-0.084190,0.995578,0.041667,0.000000,-0.468479,-0.076453,0.880160,0.000000,11.686203,1.606110,-0.362923,1.000000;;
            }

            Frame Bip001_L_Finger31 {
             

             FrameTransformMatrix {
              0.078659,-0.000000,0.996902,0.000000,0.000000,1.000000,0.000000,0.000000,-0.996902,-0.000000,0.078660,0.000000,4.316551,-0.000015,0.000000,1.000000;;
             }

             Frame Bip001_L_Finger32 {
              

              FrameTransformMatrix {
               0.078660,0.000000,0.996902,0.000000,0.000000,1.000000,-0.000000,0.000000,-0.996902,0.000000,0.078659,0.000000,4.650658,0.000000,-0.000008,1.000000;;
              }

              Frame Bip001_L_Finger3Nub {
               

               FrameTransformMatrix {
                1.000000,0.000000,0.000000,0.000000,0.000000,1.000000,0.000000,0.000000,0.000000,0.000000,1.000000,0.000000,4.650642,0.000000,0.000000,1.000000;;
               }
              }
             }
            }
           }

           Frame Bip001_L_Finger4 {
            

            FrameTransformMatrix {
             0.819581,0.032599,0.572035,0.000000,-0.043233,0.999053,0.005008,0.000000,-0.571330,-0.028835,0.820214,0.000000,10.216782,4.386841,-0.631798,1.000000;;
            }

            Frame Bip001_L_Finger41 {
             

             FrameTransformMatrix {
              0.416197,0.000000,0.909275,0.000000,-0.000000,1.000000,-0.000000,0.000000,-0.909274,0.000000,0.416197,0.000000,3.003704,0.000008,-0.000015,1.000000;;
             }

             Frame Bip001_L_Finger42 {
              

              FrameTransformMatrix {
               0.416197,0.000000,0.909274,0.000000,0.000000,1.000000,0.000000,0.000000,-0.909274,0.000000,0.416197,0.000000,3.003716,0.000000,0.000015,1.000000;;
              }

              Frame Bip001_L_Finger4Nub {
               

               FrameTransformMatrix {
                1.000000,0.000000,0.000000,0.000000,0.000000,1.000000,-0.000000,0.000000,-0.000000,0.000000,1.000000,0.000000,3.003708,0.000000,-0.000004,1.000000;;
               }
              }
             }
            }
           }
          }
         }
        }
       }

       Frame Bip001_R_Clavicle {
        

        FrameTransformMatrix {
         -0.191077,-0.973189,0.128031,0.000000,-0.921357,0.132840,-0.365316,0.000000,0.338514,-0.187766,-0.922037,0.000000,-0.165756,-4.282722,0.694149,1.000000;;
        }

        Frame Bip001_R_UpperArm {
         

         FrameTransformMatrix {
          0.282383,0.682636,-0.673994,0.000000,-0.741037,0.601399,0.298638,0.000000,0.609200,0.415124,0.675683,0.000000,16.122226,0.000000,0.000000,1.000000;;
         }

         Frame Bip001_R_Forearm {
          

          FrameTransformMatrix {
           -0.372739,-0.000000,-0.927936,0.000000,-0.000000,1.000000,-0.000000,0.000000,0.927936,0.000000,-0.372739,0.000000,44.136819,0.000000,0.000000,1.000000;;
          }

          Frame Bip001_R_Hand {
           

           FrameTransformMatrix {
            0.999761,-0.005847,-0.021072,0.000000,-0.021582,-0.108463,-0.993866,0.000000,0.003525,0.994083,-0.108563,0.000000,37.683373,0.000000,0.000000,1.000000;;
           }

           Frame Bip001_R_Finger0 {
            

            FrameTransformMatrix {
             0.820473,0.503828,0.270153,0.000000,-0.512024,0.437437,0.739243,0.000000,0.254276,-0.744854,0.616877,0.000000,4.289871,5.456848,2.394806,1.000000;;
            }

            Frame Bip001_R_Finger01 {
             

             FrameTransformMatrix {
              0.862155,-0.000000,0.506645,0.000000,-0.000000,1.000000,0.000000,0.000000,-0.506645,0.000000,0.862155,0.000000,3.875549,-0.000008,0.000000,1.000000;;
             }

             Frame Bip001_R_Finger02 {
              

              FrameTransformMatrix {
               0.862155,0.000000,0.506645,0.000000,-0.000000,1.000000,-0.000000,0.000000,-0.506645,0.000000,0.862155,0.000000,3.875542,0.000000,0.000015,1.000000;;
              }

              Frame Bip001_R_Finger0Nub {
               

               FrameTransformMatrix {
                -1.000000,0.000000,0.000000,0.000000,0.000000,1.000000,0.000000,0.000000,0.000000,0.000000,-1.000000,0.000000,3.875536,0.000000,0.000000,1.000000;;
               }
              }
             }
            }
           }

           Frame Bip001_R_Finger1 {
            

            FrameTransformMatrix {
             0.972006,0.000187,0.234956,0.000000,-0.000000,1.000000,-0.000796,0.000000,-0.234956,0.000774,0.972006,0.000000,11.734268,5.461197,-0.417763,1.000000;;
            }

            Frame Bip001_R_Finger11 {
             

             FrameTransformMatrix {
              -0.033107,-0.000000,0.999452,0.000000,-0.000000,1.000000,0.000000,0.000000,-0.999452,0.000000,-0.033107,0.000000,4.650650,-0.000008,-0.000008,1.000000;;
             }

             Frame Bip001_R_Finger12 {
              

              FrameTransformMatrix {
               0.342743,-0.000000,0.939429,0.000000,0.000000,1.000000,0.000000,0.000000,-0.939429,-0.000000,0.342743,0.000000,4.650635,0.000000,-0.000008,1.000000;;
              }

              Frame Bip001_R_Finger1Nub {
               

               FrameTransformMatrix {
                -1.000000,0.000000,-0.000000,0.000000,-0.000000,1.000000,0.000000,0.000000,-0.000000,-0.000000,-1.000000,0.000000,4.650650,0.000008,0.000004,1.000000;;
               }
              }
             }
            }
           }

           Frame Bip001_R_Finger2 {
            

            FrameTransformMatrix {
             0.992779,-0.056468,-0.105831,0.000000,0.054546,0.998291,-0.020970,0.000000,0.106834,0.015046,0.994163,0.000000,11.686767,1.501305,-0.364792,1.000000;;
            }

            Frame Bip001_R_Finger21 {
             

             FrameTransformMatrix {
              0.078667,-0.000000,0.996901,0.000000,0.000000,1.000000,-0.000000,0.000000,-0.996901,-0.000000,0.078667,0.000000,4.698425,-0.000015,0.000000,1.000000;;
             }

             Frame Bip001_R_Finger22 {
              

              FrameTransformMatrix {
               -0.054148,0.000000,0.998533,0.000000,-0.000000,1.000000,-0.000000,0.000000,-0.998533,-0.000000,-0.054148,0.000000,5.425751,0.000000,0.000000,1.000000;;
              }

              Frame Bip001_R_Finger2Nub {
               

               FrameTransformMatrix {
                -1.000000,-0.000000,0.000000,0.000000,-0.000000,1.000000,0.000000,0.000000,-0.000000,-0.000000,-1.000000,0.000000,5.425751,-0.000008,-0.000004,1.000000;;
               }
              }
             }
            }
           }

           Frame Bip001_R_Finger3 {
            

            FrameTransformMatrix {
             0.895635,-0.093934,-0.434758,0.000000,0.084190,0.995578,-0.041667,0.000000,0.436749,0.000716,0.899583,0.000000,11.686203,-1.606102,-0.362930,1.000000;;
            }

            Frame Bip001_R_Finger31 {
             

             FrameTransformMatrix {
              -0.351003,0.000000,0.936374,0.000000,0.000000,1.000000,0.000000,0.000000,-0.936374,0.000000,-0.351003,0.000000,4.316528,0.000008,-0.000004,1.000000;;
             }

             Frame Bip001_R_Finger32 {
              

              FrameTransformMatrix {
               -0.351003,0.000000,0.936374,0.000000,0.000000,1.000000,-0.000000,0.000000,-0.936374,-0.000000,-0.351003,0.000000,4.650642,0.000000,0.000000,1.000000;;
              }

              Frame Bip001_R_Finger3Nub {
               

               FrameTransformMatrix {
                -1.000000,-0.000000,0.000000,0.000000,-0.000000,1.000000,-0.000000,0.000000,0.000000,-0.000000,-1.000000,0.000000,4.650642,0.000000,0.000008,1.000000;;
               }
              }
             }
            }
           }

           Frame Bip001_R_Finger4 {
            

            FrameTransformMatrix {
             0.995318,-0.043504,-0.086311,0.000000,0.043233,0.999053,-0.005008,0.000000,0.086447,0.001253,0.996256,0.000000,10.216782,-4.386833,-0.631821,1.000000;;
            }

            Frame Bip001_R_Finger41 {
             

             FrameTransformMatrix {
              0.447765,0.000000,0.894151,0.000000,-0.000000,1.000000,0.000000,0.000000,-0.894151,-0.000000,0.447765,0.000000,3.003708,-0.000008,0.000000,1.000000;;
             }

             Frame Bip001_R_Finger42 {
              

              FrameTransformMatrix {
               0.447765,0.000000,0.894151,0.000000,0.000000,1.000000,0.000000,0.000000,-0.894151,0.000000,0.447765,0.000000,3.003708,-0.000023,0.000000,1.000000;;
              }

              Frame Bip001_R_Finger4Nub {
               

               FrameTransformMatrix {
                -1.000000,-0.000000,-0.000000,0.000000,0.000000,1.000000,-0.000000,0.000000,-0.000000,0.000000,-1.000000,0.000000,3.003708,0.000000,0.000000,1.000000;;
               }
              }
             }
            }
           }
          }
         }
        }
       }

       Frame Bip001_Head {
        

        FrameTransformMatrix {
         0.968850,0.247634,0.002657,0.000000,-0.133874,0.532741,-0.835623,0.000000,-0.208344,0.809238,0.549298,0.000000,15.765381,-0.911515,-0.005146,1.000000;;
        }

        Frame Bip001_HeadNub {
         

         FrameTransformMatrix {
          1.000000,-0.000000,0.000000,0.000000,0.000000,1.000000,0.000000,0.000000,0.000000,0.000000,1.000000,0.000000,29.144013,-0.000004,-0.000004,1.000000;;
         }
        }
       }
      }
     }
    }
   }

   Frame Bip001_L_Thigh {
    

    FrameTransformMatrix {
     -0.864494,0.266531,0.426159,0.000000,-0.162797,-0.950605,0.264288,0.000000,0.475549,0.159099,0.865182,0.000000,-13.114486,12.019442,5.257847,1.000000;;
    }

    Frame Bip001_L_Calf {
     

     FrameTransformMatrix {
      0.885878,0.000000,-0.463918,0.000000,0.000000,1.000000,0.000000,0.000000,0.463918,0.000000,0.885878,0.000000,54.040723,0.000000,0.000000,1.000000;;
     }

     Frame Bip001_L_Foot {
      

      FrameTransformMatrix {
       0.959164,-0.045120,0.279229,0.000000,0.038952,0.998860,0.027603,0.000000,-0.280157,-0.015600,0.959827,0.000000,58.826861,0.000000,-0.000002,1.000000;;
      }

      Frame Bip001_L_Toe0 {
       

       FrameTransformMatrix {
        0.000000,-0.000000,1.000000,0.000000,0.000000,1.000000,0.000000,0.000000,-1.000000,-0.000000,0.000000,0.000000,14.261973,0.000000,18.354526,1.000000;;
       }

       Frame Bip001_L_Toe01 {
        

        FrameTransformMatrix {
         1.000000,-0.000000,0.000000,0.000000,0.000000,1.000000,-0.000000,0.000000,0.000000,0.000000,1.000000,0.000000,1.860256,-0.000004,0.000000,1.000000;;
        }

        Frame Bip001_L_Toe02 {
         

         FrameTransformMatrix {
          1.000000,-0.000000,0.000000,0.000000,0.000000,1.000000,-0.000000,0.000000,0.000000,0.000000,1.000000,0.000000,1.860258,0.000004,0.000000,1.000000;;
         }

         Frame Bip001_L_Toe0Nub {
          

          FrameTransformMatrix {
           -1.000000,0.000000,-0.000000,0.000000,-0.000000,1.000000,-0.000000,0.000000,0.000000,-0.000000,-1.000000,0.000000,1.860256,0.000000,-0.000001,1.000000;;
          }
         }
        }
       }
      }
     }
    }
   }

   Frame Bip001_R_Thigh {
    

    FrameTransformMatrix {
     -0.823595,-0.438915,0.359227,0.000000,0.255398,-0.852508,-0.456073,0.000000,0.506421,-0.283874,0.814220,0.000000,-14.253067,-12.633999,2.783741,1.000000;;
    }

    Frame Bip001_R_Calf {
     

     FrameTransformMatrix {
      0.786183,0.000000,-0.617994,0.000000,0.000000,1.000000,-0.000000,0.000000,0.617994,0.000000,0.786183,0.000000,53.736064,0.000000,0.000000,1.000000;;
     }

     Frame Bip001_R_Foot {
      

      FrameTransformMatrix {
       0.939110,0.116431,0.323291,0.000000,-0.102025,0.992896,-0.061218,0.000000,-0.328122,0.024506,0.944318,0.000000,59.151955,0.000000,0.000001,1.000000;;
      }

      Frame Bip001_R_Toe0 {
       

       FrameTransformMatrix {
        0.000000,-0.000000,1.000000,0.000000,-0.000000,1.000000,0.000000,0.000000,-1.000000,0.000000,0.000000,0.000000,14.261974,0.000000,18.354533,1.000000;;
       }

       Frame Bip001_R_Toe01 {
        

        FrameTransformMatrix {
         1.000000,-0.000000,0.000000,0.000000,0.000000,1.000000,0.000000,0.000000,0.000000,0.000000,1.000000,0.000000,1.860258,0.000004,-0.000002,1.000000;;
        }

        Frame Bip001_R_Toe02 {
         

         FrameTransformMatrix {
          1.000000,-0.000000,0.000000,0.000000,0.000000,1.000000,0.000000,0.000000,0.000000,0.000000,1.000000,0.000000,1.860256,0.000000,0.000002,1.000000;;
         }

         Frame Bip001_R_Toe0Nub {
          

          FrameTransformMatrix {
           1.000000,-0.000000,0.000000,0.000000,0.000000,1.000000,0.000000,0.000000,0.000000,0.000000,1.000000,0.000000,1.860256,-0.000004,0.000000,1.000000;;
          }
         }
        }
       }
      }
     }
    }
   }
  }
 }
}

Frame Box001 {
 

 FrameTransformMatrix {
  0.667112,0.000000,0.000000,0.000000,0.000000,0.696682,0.000000,0.000000,0.000000,0.000000,0.492662,0.000000,0.000000,0.000000,0.000000,1.000000;;
 }

 Mesh Box001 {
  24;
  -71.991635;20.366450;-90.919008;,
  -68.109498;20.301978;-93.723437;,
  -69.072608;19.129318;-90.266970;,
  -71.028525;21.539109;-94.375475;,
  -71.430330;21.937314;-89.566483;,
  -67.548179;21.872842;-92.370925;,
  -70.467219;23.109973;-93.022963;,
  -68.511290;20.700182;-88.914458;,
  -71.991635;20.366450;-90.919008;,
  -70.467219;23.109973;-93.022963;,
  -71.028525;21.539109;-94.375475;,
  -71.430330;21.937314;-89.566483;,
  -71.028525;21.539109;-94.375475;,
  -67.548179;21.872842;-92.370925;,
  -68.109498;20.301978;-93.723437;,
  -70.467219;23.109973;-93.022963;,
  -68.109498;20.301978;-93.723437;,
  -68.511290;20.700182;-88.914458;,
  -69.072608;19.129318;-90.266970;,
  -67.548179;21.872842;-92.370925;,
  -69.072608;19.129318;-90.266970;,
  -71.430330;21.937314;-89.566483;,
  -71.991635;20.366450;-90.919008;,
  -68.511290;20.700182;-88.914458;;
  12;
  3;0,1,2;,
  3;1,0,3;,
  3;4,5,6;,
  3;5,4,7;,
  3;8,9,10;,
  3;9,8,11;,
  3;12,13,14;,
  3;13,12,15;,
  3;16,17,18;,
  3;17,16,19;,
  3;20,21,22;,
  3;21,20,23;;

  DeclData {
   2;
   2;0;3;0;,
   1;0;5;0;;
   120;
   3197340291,
   3210815564,
   3200377623,
   1065353216,
   1065353216,
   3197340291,
   3210815564,
   3200377623,
   0,
   0,
   3197340290,
   3210815564,
   3200377623,
   1065353216,
   0,
   3197340290,
   3210815564,
   3200377623,
   0,
   1065353216,
   1049856658,
   1063331918,
   1052893955,
   0,
   1065353216,
   1049856655,
   1063331919,
   1052893951,
   1065353216,
   0,
   1049856637,
   1063331928,
   1052893925,
   1065353216,
   1065353216,
   1049856676,
   1063331910,
   1052893981,
   0,
   0,
   3211196467,
   1054180412,
   3185646257,
   0,
   1065353216,
   3211196468,
   1054180406,
   3185646291,
   1065353216,
   0,
   3211196468,
   1054180403,
   3185646320,
   1065353216,
   1065353216,
   3211196467,
   1054180416,
   3185646229,
   0,
   0,
   1053253996,
   1057251618,
   3208847322,
   0,
   1065353216,
   1053254001,
   1057251611,
   3208847325,
   1065353216,
   0,
   1053254008,
   1057251602,
   3208847329,
   1065353216,
   1065353216,
   1053253990,
   1057251627,
   3208847317,
   0,
   0,
   1063712801,
   3201664145,
   1038162497,
   0,
   1065353216,
   1063712801,
   3201664145,
   1038162497,
   1065353216,
   0,
   1063712801,
   3201664145,
   1038162498,
   1065353216,
   1065353216,
   1063712801,
   3201664145,
   1038162498,
   0,
   0,
   3200737588,
   3204735303,
   1061363662,
   0,
   1065353216,
   3200737635,
   3204735318,
   1061363641,
   1065353216,
   0,
   3200737699,
   3204735338,
   1061363611,
   1065353216,
   1065353216,
   3200737523,
   3204735284,
   1061363692,
   0,
   0;
  }

  XSkinMeshHeader {
   1;
   1;
   1;
  }

  SkinWeights {
   "Bip001_L_Toe0Nub";
   24;
   0,
   1,
   2,
   3,
   4,
   5,
   6,
   7,
   8,
   9,
   10,
   11,
   12,
   13,
   14,
   15,
   16,
   17,
   18,
   19,
   20,
   21,
   22,
   23;
   1.000000,
   1.000000,
   1.000000,
   1.000000,
   1.000000,
   1.000000,
   1.000000,
   1.000000,
   1.000000,
   1.000000,
   1.000000,
   1.000000,
   1.000000,
   1.000000,
   1.000000,
   1.000000,
   1.000000,
   1.000000,
   1.000000,
   1.000000,
   1.000000,
   1.000000,
   1.000000,
   1.000000;
   0.539688,-0.390748,0.033043,0.000000,-0.097148,-0.190253,-0.663123,0.000000,0.281331,0.375958,-0.149079,0.000000,35.113648,34.226291,-11.098867,1.000000;;
  }
 }
}

AnimTicksPerSecond  {
 4800;
}

AnimationSet Anim1 {
 

 Animation {
  
  { Bip001 }

  AnimationKey S {
   1;
   2;
   0;3;1.000000,1.000000,1.000000;;,
   3520;3;1.000000,1.000000,1.000000;;;
  }

  AnimationKey R {
   0;
   23;
   0;4;-0.139032,0.053085,0.988725,0.016568;;,
   160;4;-0.103441,0.049847,0.993178,0.020314;;,
   320;4;-0.038408,0.044109,0.997938,0.026455;;,
   480;4;0.030031,0.038023,0.998287,0.032792;;,
   640;4;0.062261,0.036862,0.996695,0.036923;;,
   800;4;0.047159,0.046080,0.997110,0.037751;;,
   960;4;-0.004148,0.060273,0.997509,0.036419;;,
   1120;4;-0.097303,0.068386,0.992323,0.033913;;,
   1280;4;-0.290311,0.060428,0.954562,0.029662;;,
   1440;4;-0.495763,0.038791,0.867345,0.020674;;,
   1600;4;-0.617827,0.006850,0.786260,0.006140;;,
   1760;4;-0.701470,-0.022834,0.712273,-0.009240;;,
   1920;4;-0.730224,-0.019150,0.682698,-0.018146;;,
   2080;4;-0.695255,-0.002436,0.718498,-0.019401;;,
   2240;4;-0.619444,0.015676,0.784738,-0.015188;;,
   2400;4;-0.529822,0.034501,0.847349,-0.009898;;,
   2560;4;-0.434727,0.051110,0.899100,-0.004550;;,
   2720;4;-0.344801,0.062864,0.936568,-0.000205;;,
   2880;4;-0.264928,0.069186,0.961778,0.003054;;,
   3040;4;-0.191561,0.071491,0.978857,0.005655;;,
   3200;4;-0.123315,0.070489,0.989834,0.007337;;,
   3360;4;-0.058453,0.066926,0.996013,0.007864;;,
   3520;4;-0.032456,0.042741,0.998559,-0.000598;;;
  }

  AnimationKey T {
   2;
   21;
   0;3;0.079725,119.445094,6.398960;;,
   320;3;0.079725,119.445094,6.398960;;,
   480;3;1.476107,119.445094,3.702271;;,
   640;3;2.363703,119.445094,0.730294;;,
   800;3;3.333403,119.445094,-2.331329;;,
   960;3;3.868064,119.445094,-5.274009;;,
   1120;3;3.450545,119.445094,-7.889158;;,
   1280;3;-0.547961,119.445094,-9.709507;;,
   1440;3;-4.919836,119.445094,-10.588854;;,
   1600;3;-6.557373,119.445094,-11.015824;;,
   1760;3;-7.829927,119.445094,-11.301916;;,
   1920;3;-8.715582,119.445094,-11.454449;;,
   2080;3;-9.192428,119.445094,-11.480739;;,
   2240;3;-9.238548,119.445094,-11.388111;;,
   2400;3;-6.686163,119.445094,-10.975732;;,
   2560;3;-3.684029,119.445094,-9.541310;;,
   2720;3;-2.980130,119.445094,-7.069690;;,
   2880;3;-2.807863,119.445094,-4.201093;;,
   3040;3;-2.848249,119.445094,-1.173705;;,
   3200;3;-2.782308,119.445094,1.774289;;,
   3520;3;-2.782308,119.445094,1.774289;;;
  }
 }

 Animation {
  
  { Bip001_Pelvis }

  AnimationKey S {
   1;
   2;
   0;3;1.000000,1.000000,1.000000;;,
   3520;3;1.000000,1.000000,1.000000;;;
  }

  AnimationKey R {
   0;
   2;
   0;4;0.509271,-0.490553,-0.509271,-0.490554;;,
   3520;4;0.509271,-0.490553,-0.509271,-0.490554;;;
  }

  AnimationKey T {
   2;
   2;
   0;3;0.000000,0.000000,0.000000;;,
   3520;3;0.000000,0.000000,0.000000;;;
  }
 }

 Animation {
  
  { Bip001_Spine }

  AnimationKey S {
   1;
   2;
   0;3;1.000000,1.000000,1.000000;;,
   3520;3;1.000000,1.000000,1.000000;;;
  }

  AnimationKey R {
   0;
   22;
   0;4;0.988143,0.052732,0.143357,-0.015578;;,
   160;4;0.988721,0.053183,0.139166,-0.015352;;,
   320;4;0.989257,0.056130,0.134147,-0.015005;;,
   480;4;0.989824,0.054082,0.130777,-0.014898;;,
   640;4;0.990405,0.039541,0.131524,-0.015389;;,
   800;4;0.989653,-0.003899,0.142492,-0.016352;;,
   960;4;0.985005,-0.065086,0.158750,-0.018102;;,
   1120;4;0.979552,-0.110171,0.166937,-0.021720;;,
   1280;4;0.988368,-0.064514,0.133119,-0.035312;;,
   1440;4;0.981507,0.151662,0.104134,-0.052905;;,
   1600;4;0.961815,0.248258,0.105067,-0.047343;;,
   1760;4;0.946951,0.297607,0.114141,-0.041060;;,
   1920;4;0.961841,0.232948,0.132968,-0.054017;;,
   2080;4;0.971677,0.175833,0.145038,-0.062377;;,
   2240;4;0.974693,0.157301,0.147059,-0.060031;;,
   2400;4;0.977137,0.141133,0.148437,-0.057015;;,
   2560;4;0.979174,0.126690,0.149346,-0.053513;;,
   2720;4;0.980918,0.113323,0.149958,-0.049705;;,
   2880;4;0.982446,0.100376,0.150435,-0.045770;;,
   3040;4;0.983800,0.087189,0.150936,-0.041885;;,
   3200;4;0.984991,0.073098,0.151615,-0.038225;;,
   3520;4;0.984991,0.073098,0.151615,-0.038225;;;
  }

  AnimationKey T {
   2;
   21;
   0;3;14.255622,0.532523,-0.012237;;,
   160;3;14.255517,0.532508,-0.012268;;,
   480;3;14.255418,0.532431,-0.012294;;,
   640;3;14.255318,0.532850,-0.012354;;,
   800;3;14.255578,0.533962,-0.012318;;,
   960;3;14.255958,0.535522,-0.012083;;,
   1120;3;14.256104,0.536669,-0.011811;;,
   1280;3;14.255286,0.535562,-0.012274;;,
   1440;3;14.254814,0.530120,-0.011963;;,
   1600;3;14.254883,0.527796,-0.010967;;,
   1760;3;14.255066,0.526682,-0.010222;;,
   1920;3;14.255600,0.528230,-0.010986;;,
   2080;3;14.255890,0.529645,-0.011499;;,
   2240;3;14.255898,0.530089,-0.011641;;,
   2400;3;14.255898,0.530477,-0.011755;;,
   2560;3;14.255906,0.530821,-0.011850;;,
   2720;3;14.255882,0.531140,-0.011927;;,
   2880;3;14.255882,0.531447,-0.011995;;,
   3040;3;14.255882,0.531763,-0.012054;;,
   3200;3;14.255882,0.532104,-0.012108;;,
   3520;3;14.255867,0.532103,-0.012110;;;
  }
 }

 Animation {
  
  { Bip001_Spine1 }

  AnimationKey S {
   1;
   2;
   0;3;1.000000,1.000000,1.000000;;,
   3520;3;1.000000,1.000000,1.000000;;;
  }

  AnimationKey R {
   0;
   2;
   0;4;1.000000,-0.000000,0.000000,-0.000000;;,
   3520;4;1.000000,0.000000,0.000000,0.000000;;;
  }

  AnimationKey T {
   2;
   2;
   0;3;16.122238,0.000000,-0.012840;;,
   3520;3;16.122222,0.000000,-0.012838;;;
  }
 }

 Animation {
  
  { Bip001_Spine2 }

  AnimationKey S {
   1;
   2;
   0;3;1.000000,1.000000,1.000000;;,
   3520;3;1.000000,1.000000,1.000000;;;
  }

  AnimationKey R {
   0;
   22;
   0;4;0.999463,0.011918,0.030532,0.000623;;,
   160;4;0.999489,0.011993,0.029625,0.000674;;,
   320;4;0.999513,0.012603,0.028535,0.000751;;,
   480;4;0.999539,0.012145,0.027812,0.000776;;,
   640;4;0.999567,0.009017,0.028006,0.000673;;,
   800;4;0.999534,-0.000279,0.030511,0.000461;;,
   960;4;0.999322,-0.013372,0.034315,0.000066;;,
   1120;4;0.999072,-0.023062,0.036374,-0.000729;;,
   1280;4;0.999492,-0.013351,0.028721,-0.003589;;,
   1440;4;0.999188,0.033098,0.021753,-0.007452;;,
   1600;4;0.998269,0.054267,0.021740,-0.006381;;,
   1760;4;0.997573,0.065313,0.023589,-0.005117;;,
   1920;4;0.998280,0.051039,0.027779,-0.007817;;,
   2080;4;0.998742,0.038587,0.030551,-0.009567;;,
   2240;4;0.998880,0.034558,0.031027,-0.009040;;,
   2400;4;0.998991,0.031049,0.031361,-0.008372;;,
   2560;4;0.999082,0.027919,0.031592,-0.007602;;,
   2720;4;0.999159,0.025025,0.031758,-0.006768;;,
   2880;4;0.999227,0.022226,0.031898,-0.005908;;,
   3040;4;0.999286,0.019379,0.032050,-0.005061;;,
   3200;4;0.999337,0.016343,0.032254,-0.004265;;,
   3520;4;0.999337,0.016343,0.032254,-0.004265;;;
  }

  AnimationKey T {
   2;
   17;
   0;3;16.123002,-0.000307,-0.012810;;,
   640;3;16.122986,-0.000309,-0.012814;;,
   800;3;16.123002,0.000008,-0.012814;;,
   960;3;16.123107,0.000342,-0.012802;;,
   1120;3;16.123170,0.000592,-0.012794;;,
   1280;3;16.122925,0.000346,-0.012813;;,
   1440;3;16.122803,-0.000847,-0.012802;;,
   1600;3;16.122773,-0.001387,-0.012751;;,
   1760;3;16.122834,-0.001669,-0.012716;;,
   1920;3;16.122941,-0.001306,-0.012745;;,
   2080;3;16.123016,-0.000984,-0.012775;;,
   2240;3;16.123016,-0.000879,-0.012781;;,
   2560;3;16.123016,-0.000790,-0.012783;;,
   2720;3;16.123062,-0.000635,-0.012796;;,
   3040;3;16.123032,-0.000566,-0.012798;;,
   3200;3;16.123032,-0.000415,-0.012808;;,
   3520;3;16.123046,-0.000416,-0.012808;;;
  }
 }

 Animation {
  
  { Bip001_Spine3 }

  AnimationKey S {
   1;
   2;
   0;3;1.000000,1.000000,1.000000;;,
   3520;3;1.000000,1.000000,1.000000;;;
  }

  AnimationKey R {
   0;
   22;
   0;4;0.999463,0.011918,0.030532,0.000623;;,
   160;4;0.999489,0.011993,0.029625,0.000674;;,
   320;4;0.999513,0.012603,0.028535,0.000751;;,
   480;4;0.999539,0.012145,0.027812,0.000776;;,
   640;4;0.999567,0.009017,0.028006,0.000673;;,
   800;4;0.999534,-0.000279,0.030511,0.000461;;,
   960;4;0.999322,-0.013372,0.034315,0.000066;;,
   1120;4;0.999072,-0.023062,0.036374,-0.000729;;,
   1280;4;0.999492,-0.013351,0.028721,-0.003589;;,
   1440;4;0.999188,0.033097,0.021753,-0.007452;;,
   1600;4;0.998269,0.054267,0.021740,-0.006381;;,
   1760;4;0.997573,0.065313,0.023589,-0.005117;;,
   1920;4;0.998280,0.051039,0.027779,-0.007817;;,
   2080;4;0.998742,0.038587,0.030551,-0.009567;;,
   2240;4;0.998880,0.034558,0.031027,-0.009040;;,
   2400;4;0.998991,0.031049,0.031361,-0.008372;;,
   2560;4;0.999082,0.027919,0.031592,-0.007602;;,
   2720;4;0.999159,0.025025,0.031758,-0.006768;;,
   2880;4;0.999227,0.022226,0.031898,-0.005908;;,
   3040;4;0.999286,0.019379,0.032050,-0.005061;;,
   3200;4;0.999337,0.016343,0.032254,-0.004265;;,
   3520;4;0.999337,0.016343,0.032254,-0.004265;;;
  }

  AnimationKey T {
   2;
   17;
   0;3;16.122971,-0.000306,-0.012810;;,
   640;3;16.122955,-0.000308,-0.012810;;,
   800;3;16.123002,0.000007,-0.012810;;,
   960;3;16.123093,0.000342,-0.012798;;,
   1120;3;16.123139,0.000593,-0.012787;;,
   1280;3;16.122955,0.000345,-0.012814;;,
   1440;3;16.122773,-0.000844,-0.012796;;,
   1600;3;16.122787,-0.001389,-0.012745;;,
   1760;3;16.122818,-0.001670,-0.012714;;,
   1920;3;16.122955,-0.001304,-0.012756;;,
   2080;3;16.123002,-0.000982,-0.012775;;,
   2240;3;16.123016,-0.000877,-0.012779;;,
   2560;3;16.123046,-0.000793,-0.012794;;,
   2720;3;16.123032,-0.000639,-0.012793;;,
   3040;3;16.123016,-0.000563,-0.012794;;,
   3200;3;16.123062,-0.000418,-0.012806;;,
   3520;3;16.123032,-0.000416,-0.012802;;;
  }
 }

 Animation {
  
  { Bip001_Neck }

  AnimationKey S {
   1;
   2;
   0;3;1.000000,1.000000,1.000000;;,
   3520;3;1.000000,1.000000,1.000000;;;
  }

  AnimationKey R {
   0;
   21;
   0;4;0.981383,-0.081496,-0.173841,-0.005021;;,
   480;4;0.981383,-0.081496,-0.173841,-0.005021;;,
   640;4;0.979938,-0.048490,-0.193274,-0.003993;;,
   800;4;0.976774,0.022934,-0.213036,-0.001840;;,
   960;4;0.967803,0.100034,-0.230976,0.000667;;,
   1120;4;0.958765,0.154997,-0.238157,0.005246;;,
   1280;4;0.976293,0.092444,-0.194622,0.020708;;,
   1440;4;0.972472,-0.162664,-0.163881,0.031334;;,
   1600;4;0.905520,-0.400851,-0.134071,0.037098;;,
   1760;4;0.893319,-0.420985,-0.153382,0.035023;;,
   1920;4;0.919892,-0.346183,-0.177873,0.048129;;,
   2080;4;0.943141,-0.259299,-0.198807,0.061029;;,
   2240;4;0.951393,-0.222211,-0.204673,0.059852;;,
   2400;4;0.956555,-0.197314,-0.207434,0.055147;;,
   2560;4;0.960591,-0.176215,-0.209187,0.049529;;,
   2720;4;0.964167,-0.155705,-0.210420,0.043151;;,
   2880;4;0.967164,-0.136473,-0.211265,0.036549;;,
   3040;4;0.969170,-0.121730,-0.211886,0.031558;;,
   3200;4;0.970069,-0.114093,-0.212339,0.029342;;,
   3360;4;0.970376,-0.111002,-0.212654,0.028752;;,
   3520;4;0.970674,-0.107910,-0.212968,0.028162;;;
  }

  AnimationKey T {
   2;
   20;
   0;3;16.119659,0.001172,-0.006859;;,
   480;3;16.119690,0.001173,-0.006863;;,
   640;3;16.119400,0.000692,-0.006817;;,
   800;3;16.119141,-0.000338,-0.006721;;,
   960;3;16.118912,-0.001432,-0.006470;;,
   1120;3;16.118821,-0.002182,-0.006207;;,
   1280;3;16.119384,-0.001276,-0.006721;;,
   1440;3;16.119934,0.002419,-0.006617;;,
   1600;3;16.120667,0.005449,-0.004761;;,
   1760;3;16.120406,0.005651,-0.004436;;,
   1920;3;16.120042,0.004846,-0.005169;;,
   2080;3;16.119690,0.003801,-0.005825;;,
   2240;3;16.119522,0.003313,-0.006058;;,
   2400;3;16.119430,0.002964,-0.006187;;,
   2560;3;16.119354,0.002663,-0.006298;;,
   2720;3;16.119293,0.002359,-0.006393;;,
   2880;3;16.119278,0.002069,-0.006470;;,
   3040;3;16.119232,0.001846,-0.006516;;,
   3200;3;16.119232,0.001732,-0.006546;;,
   3520;3;16.119202,0.001686,-0.006550;;;
  }
 }

 Animation {
  
  { Bip001_L_Clavicle }

  AnimationKey S {
   1;
   2;
   0;3;1.000000,1.000000,1.000000;;,
   3520;3;1.000000,1.000000,1.000000;;;
  }

  AnimationKey R {
   0;
   23;
   0;4;-0.222786,0.582864,0.781316,-0.013444;;,
   160;4;-0.223840,0.583361,0.780618,-0.014834;;,
   320;4;-0.229198,0.596364,0.769078,-0.018355;;,
   480;4;-0.235427,0.621594,0.746900,-0.018318;;,
   640;4;-0.230791,0.694601,0.680290,0.038338;;,
   800;4;-0.231757,0.731687,0.637077,0.071109;;,
   960;4;-0.233328,0.754952,0.605622,0.093954;;,
   1120;4;-0.247396,0.740356,0.619726,0.081288;;,
   1280;4;-0.269501,0.688644,0.673140,-0.004674;;,
   1440;4;-0.357652,0.613121,0.687803,-0.151970;;,
   1600;4;-0.446976,0.540320,0.645650,-0.302331;;,
   1760;4;-0.448077,0.540968,0.654675,-0.279252;;,
   1920;4;-0.427685,0.544836,0.685790,-0.223453;;,
   2080;4;-0.397035,0.534771,0.726339,-0.169749;;,
   2240;4;-0.382432,0.518704,0.747473,-0.161171;;,
   2400;4;-0.359362,0.503612,0.772180,-0.144816;;,
   2560;4;-0.341890,0.512170,0.778953,-0.118428;;,
   2720;4;-0.324522,0.524743,0.781737,-0.090654;;,
   2880;4;-0.307290,0.536615,0.783260,-0.064191;;,
   3040;4;-0.292353,0.541698,0.786902,-0.043334;;,
   3200;4;-0.281875,0.530792,0.798545,-0.033656;;,
   3360;4;-0.274424,0.511612,0.813660,-0.030018;;,
   3520;4;-0.272983,0.512395,0.813749,-0.027299;;;
  }

  AnimationKey T {
   2;
   21;
   0;3;0.165771,4.282722,-0.679337;;,
   480;3;0.165771,4.282722,-0.679337;;,
   640;3;0.115326,4.320047,-0.398415;;,
   800;3;-0.026810,4.336004,0.205265;;,
   960;3;-0.206177,4.253727,0.846512;;,
   1120;3;-0.364120,4.131807,1.286621;;,
   1280;3;-0.331696,4.262690,0.755905;;,
   1440;3;-0.033096,4.102371,-1.410431;;,
   1600;3;0.174912,2.933734,-3.186871;;,
   1760;3;0.288956,2.791388,-3.304008;;,
   1920;3;0.150238,3.280103,-2.831459;;,
   2080;3;-0.052170,3.724570,-2.220970;;,
   2240;3;-0.099487,3.880839,-1.934238;;,
   2400;3;-0.102615,3.976210,-1.730415;;,
   2560;3;-0.093033,4.049729,-1.552025;;,
   2720;3;-0.076752,4.113962,-1.374706;;,
   2880;3;-0.056564,4.167314,-1.205479;;,
   3040;3;-0.041611,4.203312,-1.074837;;,
   3200;3;-0.036774,4.220118,-1.007507;;,
   3360;3;-0.037277,4.226455,-0.980766;;,
   3520;3;-0.037811,4.232622,-0.953987;;;
  }
 }

 Animation {
  
  { Bip001_L_UpperArm }

  AnimationKey S {
   1;
   2;
   0;3;1.000000,1.000000,1.000000;;,
   3520;3;1.000000,1.000000,1.000000;;;
  }

  AnimationKey R {
   0;
   23;
   0;4;0.905756,-0.120110,-0.147531,0.378700;;,
   160;4;0.907640,-0.111615,-0.139125,0.379968;;,
   320;4;0.913092,-0.083472,-0.102138,0.385829;;,
   480;4;0.920862,-0.061495,-0.063466,0.379741;;,
   640;4;0.944308,-0.073735,-0.047658,0.317135;;,
   800;4;0.972693,-0.086314,-0.038447,0.211989;;,
   960;4;0.987356,-0.101665,-0.019616,0.120029;;,
   1120;4;0.983823,-0.110007,-0.081337,0.115650;;,
   1280;4;0.976038,-0.067777,-0.118576,0.169398;;,
   1440;4;0.958299,0.018684,-0.127109,0.255258;;,
   1600;4;0.947261,0.107008,-0.048829,0.298096;;,
   1760;4;0.931508,0.168790,0.029191,0.320859;;,
   1920;4;0.933206,0.124527,0.032817,0.335473;;,
   2080;4;0.945062,0.055911,-0.028116,0.320846;;,
   2240;4;0.948461,0.021554,-0.129838,0.288271;;,
   2400;4;0.944008,-0.038081,-0.185975,0.269838;;,
   2560;4;0.938310,-0.074894,-0.186889,0.281137;;,
   2720;4;0.931578,-0.108683,-0.181423,0.295697;;,
   2880;4;0.924713,-0.139977,-0.169934,0.310540;;,
   3040;4;0.918517,-0.169653,-0.153512,0.322457;;,
   3200;4;0.915781,-0.193573,-0.120102,0.330832;;,
   3360;4;0.915863,-0.202343,-0.093437,0.333949;;,
   3520;4;0.915863,-0.202343,-0.093437,0.333949;;;
  }

  AnimationKey T {
   2;
   2;
   0;3;16.122222,0.000000,0.000004;;,
   3520;3;16.122222,0.000000,0.000000;;;
  }
 }

 Animation {
  
  { Bip001_L_Forearm }

  AnimationKey S {
   1;
   2;
   0;3;1.000000,1.000000,1.000000;;,
