xof 0303txt 0032
template Frame {
 <3d82ab46-62da-11cf-ab39-0020af71e433>
 [...]
}

template Matrix4x4 {
 <f6f23f45-7686-11cf-8f52-0040333594a3>
 array FLOAT matrix[16];
}

template FrameTransformMatrix {
 <f6f23f41-7686-11cf-8f52-0040333594a3>
 Matrix4x4 frameMatrix;
}

template Vector {
 <3d82ab5e-62da-11cf-ab39-0020af71e433>
 FLOAT x;
 FLOAT y;
 FLOAT z;
}

template MeshFace {
 <3d82ab5f-62da-11cf-ab39-0020af71e433>
 DWORD nFaceVertexIndices;
 array DWORD faceVertexIndices[nFaceVertexIndices];
}

template Mesh {
 <3d82ab44-62da-11cf-ab39-0020af71e433>
 DWORD nVertices;
 array Vector vertices[nVertices];
 DWORD nFaces;
 array MeshFace faces[nFaces];
 [...]
}

template ColorRGBA {
 <35ff44e0-6c7c-11cf-8f52-0040333594a3>
 FLOAT red;
 FLOAT green;
 FLOAT blue;
 FLOAT alpha;
}

template ColorRGB {
 <d3e16e81-7835-11cf-8f52-0040333594a3>
 FLOAT red;
 FLOAT green;
 FLOAT blue;
}

template Material {
 <3d82ab4d-62da-11cf-ab39-0020af71e433>
 ColorRGBA faceColor;
 FLOAT power;
 ColorRGB specularColor;
 ColorRGB emissiveColor;
 [...]
}

template MeshMaterialList {
 <f6f23f42-7686-11cf-8f52-0040333594a3>
 DWORD nMaterials;
 DWORD nFaceIndexes;
 array DWORD faceIndexes[nFaceIndexes];
 [Material <3d82ab4d-62da-11cf-ab39-0020af71e433>]
}

template VertexElement {
 <f752461c-1e23-48f6-b9f8-8350850f336f>
 DWORD Type;
 DWORD Method;
 DWORD Usage;
 DWORD UsageIndex;
}

template DeclData {
 <bf22e553-292c-4781-9fea-62bd554bdd93>
 DWORD nElements;
 array VertexElement Elements[nElements];
 DWORD nDWords;
 array DWORD data[nDWords];
}

template XSkinMeshHeader {
 <3cf169ce-ff7c-44ab-93c0-f78f62d172e2>
 WORD nMaxSkinWeightsPerVertex;
 WORD nMaxSkinWeightsPerFace;
 WORD nBones;
}

template SkinWeights {
 <6f0d123b-bad2-4167-a0d0-80224f25fabb>
 STRING transformNodeName;
 DWORD nWeights;
 array DWORD vertexIndices[nWeights];
 array FLOAT weights[nWeights];
 Matrix4x4 matrixOffset;
}

template AnimTicksPerSecond {
 <9e415a43-7ba6-4a73-8743-b73d47e88476>
 DWORD AnimTicksPerSecond;
}

template Animation {
 <3d82ab4f-62da-11cf-ab39-0020af71e433>
 [...]
}

template AnimationSet {
 <3d82ab50-62da-11cf-ab39-0020af71e433>
 [Animation <3d82ab4f-62da-11cf-ab39-0020af71e433>]
}

template FloatKeys {
 <10dd46a9-775b-11cf-8f52-0040333594a3>
 DWORD nValues;
 array FLOAT values[nValues];
}

template TimedFloatKeys {
 <f406b180-7b3b-11cf-8f52-0040333594a3>
 DWORD time;
 FloatKeys tfkeys;
}

template AnimationKey {
 <10dd46a8-775b-11cf-8f52-0040333594a3>
 DWORD keyType;
 DWORD nKeys;
 array TimedFloatKeys keys[nKeys];
}


Frame Bip001 {
 

 FrameTransformMatrix {
  -0.555162,-0.046241,-0.830456,0.000000,-0.032026,0.998901,-0.034211,0.000000,0.831126,0.007604,-0.556032,0.000000,24.837922,112.450650,5.304400,1.000000;;
 }

 Frame Bip001_Pelvis {
  

  FrameTransformMatrix {
   -0.000000,0.999901,-0.014067,0.000000,-0.000001,0.014067,0.999901,0.000000,1.000000,0.000000,0.000001,0.000000,0.000000,0.000000,0.000000,1.000000;;
  }

  Frame Bip001_Spine {
   

   FrameTransformMatrix {
    0.999994,0.003274,0.000796,0.000000,-0.003274,0.999995,-0.000495,0.000000,-0.000798,0.000493,1.000000,0.000000,14.260574,0.200615,-0.012833,1.000000;;
   }

   Frame Bip001_Spine1 {
    

    FrameTransformMatrix {
     1.000000,0.000000,0.000000,0.000000,-0.000000,1.000000,0.000000,0.000000,0.000000,0.000000,1.000000,0.000000,16.122208,0.000000,-0.012836,1.000000;;
    }

    Frame Bip001_Spine2 {
     

     FrameTransformMatrix {
      1.000000,0.000000,0.000000,0.000000,-0.000000,1.000000,0.000000,0.000000,0.000000,0.000000,1.000000,0.000000,16.122238,-0.000002,-0.012840,1.000000;;
     }

     Frame Bip001_Spine3 {
      

      FrameTransformMatrix {
       1.000000,0.000000,0.000000,0.000000,-0.000000,1.000000,0.000000,0.000000,0.000000,0.000000,1.000000,0.000000,16.122208,0.000000,-0.012836,1.000000;;
      }

      Frame Bip001_Neck {
       

       FrameTransformMatrix {
        0.931494,-0.128781,0.340198,0.000000,0.127377,0.991499,0.026559,0.000000,-0.340726,0.018594,0.939979,0.000000,16.124755,-0.000137,-0.006962,1.000000;;
       }

       Frame Bip001_L_Clavicle {
        

        FrameTransformMatrix {
         -0.504271,0.863494,0.009444,0.000000,0.802974,0.472896,-0.362770,0.000000,-0.317716,-0.175351,-0.931831,0.000000,-0.558960,4.303700,0.088112,1.000000;;
        }

        Frame Bip001_L_UpperArm {
         

         FrameTransformMatrix {
          0.589301,-0.564709,-0.577778,0.000000,0.649630,0.756374,-0.076679,0.000000,0.480318,-0.330155,0.812584,0.000000,16.122219,0.000000,0.000000,1.000000;;
         }

         Frame Bip001_L_Forearm {
          

          FrameTransformMatrix {
           -0.197394,-0.000000,-0.980324,0.000000,0.000000,1.000000,-0.000000,0.000000,0.980324,-0.000000,-0.197394,0.000000,44.136810,0.000008,0.000000,1.000000;;
          }

          Frame Bip001_L_Hand {
           

           FrameTransformMatrix {
            0.858041,-0.512948,-0.025490,0.000000,-0.009200,-0.064975,0.997845,0.000000,-0.513499,-0.855957,-0.060470,0.000000,37.683357,0.000000,0.000000,1.000000;;
           }

           Frame Bip001_L_Finger0 {
            

            FrameTransformMatrix {
             0.749785,-0.647519,0.136165,0.000000,0.512024,0.437437,-0.739243,0.000000,0.419111,0.623993,0.659529,0.000000,4.289875,-5.456856,2.394806,1.000000;;
            }

            Frame Bip001_L_Finger01 {
             

             FrameTransformMatrix {
              -0.147649,-0.000000,0.989040,0.000000,-0.043682,0.999024,-0.006521,0.000000,-0.988075,-0.044167,-0.147504,0.000000,3.875549,0.000008,0.000000,1.000000;;
             }

             Frame Bip001_L_Finger02 {
              

              FrameTransformMatrix {
               0.883867,0.001709,0.467736,0.000000,-0.022152,0.999024,0.038210,0.000000,-0.467214,-0.044133,0.883042,0.000000,3.875534,0.000000,0.000008,1.000000;;
              }

              Frame Bip001_L_Finger0Nub {
               

               FrameTransformMatrix {
                1.000000,0.000000,-0.000000,0.000000,0.000000,1.000000,0.000000,0.000000,0.000000,0.000000,1.000000,0.000000,3.875534,0.000000,0.000000,1.000000;;
               }
              }
             }
            }
           }

           Frame Bip001_L_Finger1 {
            

            FrameTransformMatrix {
             0.698976,-0.000569,0.715144,0.000000,0.000000,1.000000,0.000796,0.000000,-0.715145,-0.000557,0.698976,0.000000,11.734268,-5.461197,-0.417755,1.000000;;
            }

            Frame Bip001_L_Finger11 {
             

             FrameTransformMatrix {
              0.368318,0.000000,0.929700,0.000000,0.000000,1.000000,0.000000,0.000000,-0.929700,0.000000,0.368318,0.000000,4.650650,0.000000,0.000015,1.000000;;
             }

             Frame Bip001_L_Finger12 {
              

              FrameTransformMatrix {
               1.000000,0.000000,0.000000,0.000000,0.000000,1.000000,0.000000,0.000000,-0.000000,0.000000,1.000000,0.000000,4.650650,0.000000,0.000002,1.000000;;
              }

              Frame Bip001_L_Finger1Nub {
               

               FrameTransformMatrix {
                1.000000,0.000000,0.000000,0.000000,0.000000,1.000000,0.000000,0.000000,-0.000000,0.000000,1.000000,0.000000,4.650635,0.000000,0.000000,1.000000;;
               }
              }
             }
            }
           }

           Frame Bip001_L_Finger2 {
            

            FrameTransformMatrix {
             0.712052,0.024166,0.701710,0.000000,-0.054546,0.998291,0.020970,0.000000,-0.700004,-0.053207,0.712154,0.000000,11.686764,-1.501320,-0.364777,1.000000;;
            }

            Frame Bip001_L_Finger21 {
             

             FrameTransformMatrix {
              0.368318,0.000000,0.929700,0.000000,0.000000,1.000000,0.000000,0.000000,-0.929700,-0.000000,0.368318,0.000000,4.698433,-0.000008,0.000015,1.000000;;
             }

             Frame Bip001_L_Finger22 {
              

              FrameTransformMatrix {
               1.000000,0.000000,0.000000,0.000000,0.000000,1.000000,-0.000000,0.000000,-0.000000,0.000000,1.000000,0.000000,5.425751,0.000008,0.000000,1.000000;;
              }

              Frame Bip001_L_Finger2Nub {
               

               FrameTransformMatrix {
                1.000000,0.000000,0.000000,0.000000,0.000000,1.000000,-0.000000,0.000000,-0.000000,0.000000,1.000000,0.000000,5.425751,0.000008,0.000000,1.000000;;
               }
              }
             }
            }
           }

           Frame Bip001_L_Finger3 {
            

            FrameTransformMatrix {
             0.167991,-0.027036,0.985418,0.000000,-0.084190,0.995578,0.041667,0.000000,-0.982187,-0.089962,0.164972,0.000000,11.686191,1.606102,-0.362915,1.000000;;
            }

            Frame Bip001_L_Finger31 {
             

             FrameTransformMatrix {
              0.368318,0.000000,0.929700,0.000000,-0.000000,1.000000,0.000000,0.000000,-0.929700,0.000000,0.368318,0.000000,4.316544,0.000000,0.000008,1.000000;;
             }

             Frame Bip001_L_Finger32 {
              

              FrameTransformMatrix {
               1.000000,0.000000,-0.000000,0.000000,-0.000000,1.000000,0.000000,0.000000,-0.000000,-0.000000,1.000000,0.000000,4.650635,0.000000,0.000008,1.000000;;
              }

              Frame Bip001_L_Finger3Nub {
               

               FrameTransformMatrix {
                1.000000,0.000000,-0.000000,0.000000,-0.000000,1.000000,0.000000,0.000000,-0.000000,-0.000000,1.000000,0.000000,4.650642,0.000000,-0.000008,1.000000;;
               }
              }
             }
            }
           }

           Frame Bip001_L_Finger4 {
            

            FrameTransformMatrix {
             0.815660,0.032401,0.577623,0.000000,-0.043233,0.999052,0.005008,0.000000,-0.576914,-0.029057,0.816288,0.000000,10.216778,4.386826,-0.631805,1.000000;;
            }

            Frame Bip001_L_Finger41 {
             

             FrameTransformMatrix {
              0.763396,0.000000,0.645931,0.000000,-0.000000,1.000000,0.000000,0.000000,-0.645931,0.000000,0.763396,0.000000,3.003708,-0.000015,0.000000,1.000000;;
             }

             Frame Bip001_L_Finger42 {
              

              FrameTransformMatrix {
               0.763396,-0.000000,0.645931,0.000000,-0.000000,1.000000,0.000000,0.000000,-0.645931,0.000000,0.763396,0.000000,3.003708,0.000008,0.000000,1.000000;;
              }

              Frame Bip001_L_Finger4Nub {
               

               FrameTransformMatrix {
                1.000000,0.000000,-0.000000,0.000000,-0.000000,1.000000,-0.000000,0.000000,-0.000000,-0.000000,1.000000,0.000000,3.003708,0.000000,0.000002,1.000000;;
               }
              }
             }
            }
           }
          }
         }
        }
       }

       Frame Bip001_R_Clavicle {
        

        FrameTransformMatrix {
         -0.167592,-0.984026,0.060052,0.000000,-0.923727,0.178020,0.339170,0.000000,-0.344443,0.001371,-0.938806,0.000000,0.558991,-4.303700,-0.073288,1.000000;;
        }

        Frame Bip001_R_UpperArm {
         

         FrameTransformMatrix {
          0.761480,0.643390,-0.078721,0.000000,-0.610732,0.671479,-0.419669,0.000000,-0.217152,0.367647,0.904257,0.000000,16.122230,-0.000015,0.000000,1.000000;;
         }

         Frame Bip001_R_Forearm {
          

          FrameTransformMatrix {
           -0.458426,0.000000,-0.888733,0.000000,0.000000,1.000000,-0.000000,0.000000,0.888733,-0.000000,-0.458426,0.000000,44.136826,0.000000,0.000000,1.000000;;
          }

          Frame Bip001_R_Hand {
           

           FrameTransformMatrix {
            0.707296,0.489243,-0.510269,0.000000,-0.576976,-0.017535,-0.816573,0.000000,-0.408450,0.871972,0.269878,0.000000,37.683373,0.000000,0.000000,1.000000;;
           }

           Frame Bip001_R_Finger0 {
            

            FrameTransformMatrix {
             0.614817,0.788309,-0.023870,0.000000,-0.492975,0.407753,0.768579,0.000000,0.615610,-0.460768,0.639310,0.000000,4.289879,5.456854,2.394821,1.000000;;
            }

            Frame Bip001_R_Finger01 {
             

             FrameTransformMatrix {
              0.068423,0.277770,0.958208,0.000000,-0.358211,0.903253,-0.236261,0.000000,-0.931130,-0.327075,0.161304,0.000000,3.875542,0.000000,-0.000004,1.000000;;
             }

             Frame Bip001_R_Finger02 {
              

              FrameTransformMatrix {
               0.741602,0.108354,0.662032,0.000000,-0.351587,0.903253,0.246010,0.000000,-0.571326,-0.415203,0.707950,0.000000,3.875534,0.000000,0.000002,1.000000;;
              }

              Frame Bip001_R_Finger0Nub {
               

               FrameTransformMatrix {
                -1.000000,0.000000,0.000000,0.000000,-0.000000,1.000000,-0.000000,0.000000,0.000000,-0.000000,-1.000000,0.000000,3.875542,0.000008,-0.000015,1.000000;;
               }
              }
             }
            }
           }

           Frame Bip001_R_Finger1 {
            

            FrameTransformMatrix {
             0.698977,0.000569,0.715144,0.000000,-0.000000,1.000000,-0.000796,0.000000,-0.715145,0.000557,0.698976,0.000000,11.734268,5.461195,-0.417755,1.000000;;
            }

            Frame Bip001_R_Finger11 {
             

             FrameTransformMatrix {
              0.368318,0.000000,0.929700,0.000000,0.000000,1.000000,0.000000,0.000000,-0.929700,-0.000000,0.368318,0.000000,4.650646,-0.000004,0.000015,1.000000;;
             }

             Frame Bip001_R_Finger12 {
              

              FrameTransformMatrix {
               0.910602,0.000000,0.413285,0.000000,0.000000,1.000000,0.000000,0.000000,-0.413285,-0.000000,0.910602,0.000000,4.650620,0.000006,-0.000006,1.000000;;
              }

              Frame Bip001_R_Finger1Nub {
               

               FrameTransformMatrix {
                -1.000000,-0.000000,0.000000,0.000000,0.000000,1.000000,-0.000000,0.000000,0.000000,-0.000000,-1.000000,0.000000,4.650620,-0.000002,0.000000,1.000000;;
               }
              }
             }
            }
           }

           Frame Bip001_R_Finger2 {
            

            FrameTransformMatrix {
             0.712053,-0.024166,0.701710,0.000000,0.054546,0.998291,-0.020970,0.000000,-0.700004,0.053207,0.712154,0.000000,11.686760,1.501310,-0.364777,1.000000;;
            }

            Frame Bip001_R_Finger21 {
             

             FrameTransformMatrix {
              0.368318,0.000000,0.929700,0.000000,-0.000000,1.000000,0.000000,0.000000,-0.929700,-0.000000,0.368318,0.000000,4.698433,-0.000002,0.000015,1.000000;;
             }

             Frame Bip001_R_Finger22 {
              

              FrameTransformMatrix {
               0.790469,0.009625,0.612427,0.000000,-0.000000,0.999877,-0.015715,0.000000,-0.612502,0.012422,0.790371,0.000000,5.425751,0.000004,0.000002,1.000000;;
              }

              Frame Bip001_R_Finger2Nub {
               

               FrameTransformMatrix {
                -1.000000,0.000000,-0.000000,0.000000,0.000000,1.000000,0.000000,0.000000,0.000000,-0.000000,-1.000000,0.000000,5.425751,0.000000,-0.000008,1.000000;;
               }
              }
             }
            }
           }

           Frame Bip001_R_Finger3 {
            

            FrameTransformMatrix {
             0.167991,0.027036,0.985418,0.000000,0.084190,0.995578,-0.041667,0.000000,-0.982187,0.089962,0.164972,0.000000,11.686195,-1.606100,-0.362915,1.000000;;
            }

            Frame Bip001_R_Finger31 {
             

             FrameTransformMatrix {
              0.368318,-0.000000,0.929700,0.000000,0.000000,1.000000,0.000000,0.000000,-0.929700,0.000000,0.368318,0.000000,4.316528,0.000004,-0.000008,1.000000;;
             }

             Frame Bip001_R_Finger32 {
              

              FrameTransformMatrix {
               1.000000,-0.000000,-0.000000,0.000000,0.000000,1.000000,0.000000,0.000000,0.000000,-0.000000,1.000000,0.000000,4.650665,0.000000,-0.000008,1.000000;;
              }

              Frame Bip001_R_Finger3Nub {
               

               FrameTransformMatrix {
                -1.000000,-0.000000,0.000000,0.000000,0.000000,1.000000,-0.000000,0.000000,-0.000000,-0.000000,-1.000000,0.000000,4.650635,-0.000002,0.000000,1.000000;;
               }
              }
             }
            }
           }

           Frame Bip001_R_Finger4 {
            

            FrameTransformMatrix {
             0.558893,-0.020030,0.828998,0.000000,0.043233,0.999053,-0.005008,0.000000,-0.828112,0.038639,0.559230,0.000000,10.216782,-4.386831,-0.631805,1.000000;;
            }

            Frame Bip001_R_Finger41 {
             

             FrameTransformMatrix {
              0.485596,0.000000,0.874183,0.000000,-0.000000,1.000000,-0.000000,0.000000,-0.874183,-0.000000,0.485596,0.000000,3.003716,-0.000004,0.000015,1.000000;;
             }

             Frame Bip001_R_Finger42 {
              

              FrameTransformMatrix {
               0.485596,0.000000,0.874183,0.000000,0.000000,1.000000,0.000000,0.000000,-0.874183,-0.000000,0.485596,0.000000,3.003693,0.000008,-0.000003,1.000000;;
              }

              Frame Bip001_R_Finger4Nub {
               

               FrameTransformMatrix {
                -1.000000,-0.000000,0.000000,0.000000,-0.000000,1.000000,0.000000,0.000000,-0.000000,-0.000000,-1.000000,0.000000,3.003708,-0.000004,0.000000,1.000000;;
               }
              }
             }
            }
           }
          }
         }
        }
       }

       Frame Bip001_Head {
        

        FrameTransformMatrix {
         0.991262,0.131876,-0.002771,0.000000,-0.131882,0.990479,-0.039472,0.000000,-0.002461,0.039493,0.999217,0.000000,15.765397,-0.911511,-0.005150,1.000000;;
        }

        Frame Bip001_HeadNub {
         

         FrameTransformMatrix {
          1.000000,-0.000000,0.000000,0.000000,0.000000,1.000000,-0.000000,0.000000,0.000000,0.000000,1.000000,0.000000,29.144013,0.000000,-0.000008,1.000000;;
         }
        }
       }
      }
     }
    }
   }

   Frame Bip001_L_Thigh {
    

    FrameTransformMatrix {
     -0.820612,0.214901,0.529541,0.000000,-0.283605,-0.957590,-0.050879,0.000000,0.496150,-0.191933,0.846757,0.000000,-14.220542,12.247700,0.030247,1.000000;;
    }

    Frame Bip001_L_Calf {
     

     FrameTransformMatrix {
      0.582878,-0.000000,-0.812560,0.000000,0.000000,1.000000,0.000000,0.000000,0.812560,-0.000000,0.582878,0.000000,54.040723,0.000000,0.000002,1.000000;;
     }

     Frame Bip001_L_Foot {
      

      FrameTransformMatrix {
       0.860074,0.411082,0.302134,0.000000,-0.342675,0.904236,-0.254816,0.000000,-0.377950,0.115627,0.918577,0.000000,58.826861,-0.000004,-0.000004,1.000000;;
      }

      Frame Bip001_L_Toe0 {
       

       FrameTransformMatrix {
        -0.442366,0.161008,0.882263,0.000000,0.037840,0.986227,-0.161008,0.000000,-0.896036,-0.037839,-0.442367,0.000000,14.261971,0.000000,18.354525,1.000000;;
       }

       Frame Bip001_L_Toe01 {
        

        FrameTransformMatrix {
         1.000000,0.000000,-0.000000,0.000000,0.000000,1.000000,-0.000000,0.000000,0.000000,-0.000000,1.000000,0.000000,1.860256,0.000000,0.000001,1.000000;;
        }

        Frame Bip001_L_Toe02 {
         

         FrameTransformMatrix {
          1.000000,0.000000,-0.000000,0.000000,0.000000,1.000000,-0.000000,0.000000,0.000000,-0.000000,1.000000,0.000000,1.860258,0.000004,0.000000,1.000000;;
         }

         Frame Bip001_L_Toe0Nub {
          

          FrameTransformMatrix {
           -1.000000,-0.000000,0.000000,0.000000,-0.000000,1.000000,0.000000,0.000000,0.000000,0.000000,-1.000000,0.000000,1.860256,0.000004,0.000000,1.000000;;
          }
         }
        }
       }
      }
     }
    }
   }

   Frame Bip001_R_Thigh {
    

    FrameTransformMatrix {
     -0.943966,-0.271272,0.187990,0.000000,0.256069,-0.961327,-0.101390,0.000000,0.208224,-0.047571,0.976924,0.000000,-14.301712,-12.555579,0.017990,1.000000;;
    }

    Frame Bip001_R_Calf {
     

     FrameTransformMatrix {
      0.439461,0.000000,-0.898262,0.000000,0.000000,1.000000,0.000000,0.000000,0.898262,0.000000,0.439461,0.000000,53.736064,0.000000,0.000001,1.000000;;
     }

     Frame Bip001_R_Foot {
      

      FrameTransformMatrix {
       0.898855,-0.336659,0.280574,0.000000,0.325527,0.941533,0.086872,0.000000,-0.293416,0.013249,0.955893,0.000000,59.151962,0.000000,0.000000,1.000000;;
      }

      Frame Bip001_R_Toe0 {
       

       FrameTransformMatrix {
        -0.475191,-0.172955,0.862717,0.000000,-0.044121,0.983941,0.172955,0.000000,-0.878776,0.044123,-0.475190,0.000000,14.261973,0.000000,18.354530,1.000000;;
       }

       Frame Bip001_R_Toe01 {
        

        FrameTransformMatrix {
         1.000000,0.000000,0.000000,0.000000,0.000000,1.000000,0.000000,0.000000,0.000000,0.000000,1.000000,0.000000,1.860256,0.000002,-0.000000,1.000000;;
        }

        Frame Bip001_R_Toe02 {
         

         FrameTransformMatrix {
          1.000000,0.000000,0.000000,0.000000,0.000000,1.000000,0.000000,0.000000,0.000000,0.000000,1.000000,0.000000,1.860256,0.000000,-0.000000,1.000000;;
         }

         Frame Bip001_R_Toe0Nub {
          

          FrameTransformMatrix {
           1.000000,0.000000,0.000000,0.000000,0.000000,1.000000,0.000000,0.000000,0.000000,0.000000,1.000000,0.000000,1.860256,-0.000002,0.000000,1.000000;;
          }
         }
        }
       }
      }
     }
    }
   }
  }
 }
}

Frame Box001 {
 

 FrameTransformMatrix {
  0.667112,0.000000,0.000000,0.000000,0.000000,0.696682,0.000000,0.000000,0.000000,0.000000,0.492662,0.000000,0.000000,0.000000,0.000000,1.000000;;
 }

 Mesh Box001 {
  24;
  15.053160;42.729232;-65.278061;,
  18.486162;40.853914;-67.898118;,
  17.203733;40.537331;-64.267424;,
  16.335589;43.045814;-68.908755;,
  16.274126;44.063622;-64.254618;,
  19.707133;42.188301;-66.874682;,
  17.556555;44.380205;-67.885299;,
  18.424699;41.871718;-63.243987;,
  15.053160;42.729232;-65.278061;,
  17.556555;44.380205;-67.885299;,
  16.335589;43.045814;-68.908755;,
  16.274126;44.063622;-64.254618;,
  16.335589;43.045814;-68.908755;,
  19.707133;42.188301;-66.874682;,
  18.486162;40.853914;-67.898118;,
  17.556555;44.380205;-67.885299;,
  18.486162;40.853914;-67.898118;,
  18.424699;41.871718;-63.243987;,
  17.203733;40.537331;-64.267424;,
  19.707133;42.188301;-66.874682;,
  17.203733;40.537331;-64.267424;,
  16.274126;44.063622;-64.254618;,
  15.053160;42.729232;-65.278061;,
  18.424699;41.871718;-63.243987;;
  12;
  3;0,1,2;,
  3;1,0,3;,
  3;4,5,6;,
  3;5,4,7;,
  3;8,9,10;,
  3;9,8,11;,
  3;12,13,14;,
  3;13,12,15;,
  3;16,17,18;,
  3;17,16,19;,
  3;20,21,22;,
  3;21,20,23;;

  MeshMaterialList {
   1;
   12;
   0,
   0,
   0,
   0,
   0,
   0,
   0,
   0,
   0,
   0,
   0,
   0;

   Material  {
    0.529412;0.231373;0.031373;1.000000;;
    0.000000;
    0.000000;0.000000;0.000000;;
    0.000000;0.000000;0.000000;;
   }
  }

  DeclData {
   2;
   2;0;3;0;,
   1;0;5;0;;
   120;
   3206405561,
   3208391217,
   3197130313,
   1065353216,
   1065353216,
   3206405562,
   3208391216,
   3197130313,
   0,
   0,
   3206405561,
   3208391218,
   3197130310,
   1065353216,
   0,
   3206405562,
   3208391216,
   3197130316,
   0,
   1065353216,
   1058921917,
   1060907563,
   1049646679,
   0,
   1065353216,
   1058921917,
   1060907563,
   1049646681,
   1065353216,
   0,
   1058921918,
   1060907561,
   1049646684,
   1065353216,
   1065353216,
   1058921917,
   1060907564,
   1049646675,
   0,
   0,
   3207119134,
   1060869430,
   3190620377,
   0,
   1065353216,
   3207119133,
   1060869432,
   3190620371,
   1065353216,
   0,
   3207119132,
   1060869433,
   3190620365,
   1065353216,
   1065353216,
   3207119135,
   1060869429,
   3190620382,
   0,
   0,
   1057600029,
   1041517165,
   3209993023,
   0,
   1065353216,
   1057600025,
   1041517013,
   3209993032,
   1065353216,
   0,
   1057600020,
   1041516800,
   3209993045,
   1065353216,
   1065353216,
   1057600035,
   1041517377,
   3209993010,
   0,
   0,
   1059635487,
   3208353077,
   1043136733,
   0,
   1065353216,
   1059635492,
   3208353073,
   1043136730,
   1065353216,
   0,
   1059635497,
   3208353069,
   1043136726,
   1065353216,
   1065353216,
   1059635482,
   3208353081,
   1043136738,
   0,
   0,
   3205083686,
   3189000626,
   1062509378,
   0,
   1065353216,
   3205083692,
   3189000632,
   1062509373,
   1065353216,
   0,
   3205083699,
   3189000641,
   1062509368,
   1065353216,
   1065353216,
   3205083679,
   3189000618,
   1062509382,
   0,
   0;
  }

  XSkinMeshHeader {
   1;
   1;
   1;
  }

  SkinWeights {
   "Bip001_L_Toe0Nub";
   24;
   0,
   1,
   2,
   3,
   4,
   5,
   6,
   7,
   8,
   9,
   10,
   11,
   12,
   13,
   14,
   15,
   16,
   17,
   18,
   19,
   20,
   21,
   22,
   23;
   1.000000,
   1.000000,
   1.000000,
   1.000000,
   1.000000,
   1.000000,
   1.000000,
   1.000000,
   1.000000,
   1.000000,
   1.000000,
   1.000000,
   1.000000,
   1.000000,
   1.000000,
   1.000000,
   1.000000,
   1.000000,
   1.000000,
   1.000000,
   1.000000,
   1.000000,
   1.000000,
   1.000000;
   0.468365,-0.411476,-0.237402,0.000000,-0.259930,0.074571,-0.642060,0.000000,0.298816,0.384181,-0.076352,0.000000,-7.733805,52.386611,12.595247,1.000000;;
  }
 }
}

AnimTicksPerSecond  {
 4800;
}

AnimationSet Anim1 {
 

 Animation {
  
  { Bip001 }

  AnimationKey S {
   1;
   2;
   0;3;1.000000,1.000000,1.000000;;,
   6080;3;1.000000,1.000000,1.000000;;;
  }

  AnimationKey R {
   0;
   39;
   0;4;-0.471091,-0.022190,0.881773,-0.007543;;,
   160;4;-0.471098,-0.025599,0.881667,-0.008674;;,
   320;4;-0.458419,-0.028773,0.888198,-0.011305;;,
   480;4;-0.439872,-0.028827,0.897521,-0.011707;;,
   640;4;-0.412030,-0.025531,0.910745,-0.011077;;,
   800;4;-0.380636,-0.020090,0.924414,-0.013110;;,
   960;4;-0.351714,-0.009657,0.935926,-0.015727;;,
   1120;4;-0.326672,-0.002081,0.945038,-0.013620;;,
   1280;4;-0.296870,0.002244,0.954854,-0.010805;;,
   1440;4;-0.260139,0.005320,0.965521,-0.008266;;,
   1600;4;-0.225840,0.005645,0.974126,-0.006521;;,
   1760;4;-0.191952,0.005653,0.981380,-0.004036;;,
   1920;4;-0.164992,0.001275,0.986291,0.002593;;,
   2080;4;-0.143690,-0.005937,0.989567,0.008666;;,
   2240;4;-0.123571,-0.013293,0.992132,0.015060;;,
   2400;4;-0.101697,-0.018127,0.994457,0.019601;;,
   2560;4;-0.070962,-0.028463,0.996824,0.022271;;,
   2720;4;-0.038327,-0.034863,0.998419,0.021812;;,
   2880;4;-0.015601,-0.035182,0.999026,0.021576;;,
   3040;4;-0.012165,-0.028508,0.999307,0.020635;;,
   3200;4;-0.030749,-0.015147,0.999257,0.017643;;,
   3360;4;-0.057359,-0.007739,0.998323,-0.000969;;,
   3520;4;-0.120292,-0.011097,0.992560,-0.015237;;,
   3680;4;-0.216286,-0.012609,0.976020,-0.021136;;,
   3840;4;-0.308911,-0.023829,0.950383,-0.027897;;,
   4000;4;-0.369401,-0.039740,0.927750,-0.035256;;,
   4160;4;-0.401665,-0.059528,0.912922,-0.041166;;,
   4320;4;-0.429961,-0.068489,0.899441,-0.038059;;,
   4480;4;-0.476631,-0.071983,0.875090,-0.043119;;,
   4640;4;-0.513733,-0.076249,0.852945,-0.052441;;,
   4800;4;-0.518050,-0.076824,0.850033,-0.056276;;,
   4960;4;-0.507921,-0.074184,0.856418,-0.055328;;,
   5120;4;-0.500118,-0.067656,0.861525,-0.055500;;,
   5280;4;-0.494440,-0.056424,0.865352,-0.059268;;,
   5440;4;-0.489505,-0.041554,0.868606,-0.064672;;,
   5600;4;-0.477192,-0.026136,0.875936,-0.065882;;,
   5760;4;-0.454670,-0.015190,0.888677,-0.057426;;,
   5920;4;-0.425524,-0.005679,0.903564,-0.049686;;,
   6080;4;-0.398586,0.000898,0.916315,-0.038675;;;
  }

  AnimationKey T {
   2;
   39;
   0;3;24.837922,112.450650,5.304400;;,
   160;3;24.042686,112.444070,5.195499;;,
   320;3;23.047178,113.260736,5.381298;;,
   480;3;21.690904,114.602419,5.859847;;,
   640;3;19.870456,116.161229,6.501309;;,
   800;3;17.667365,117.593267,7.615894;;,
   960;3;15.136338,118.815846,8.580866;;,
   1120;3;12.807885,119.379776,9.255853;;,
   1280;3;10.276415,119.272154,9.875723;;,
   1440;3;7.971370,118.658509,10.425983;;,
   1600;3;6.251948,117.871693,10.477470;;,
   1760;3;4.716709,116.933069,10.126175;;,
   1920;3;3.333579,116.139341,9.404972;;,
   2080;3;1.949621,115.998195,8.017196;;,
   2240;3;0.415057,116.351206,5.990440;;,
   2400;3;-1.422441,117.116352,3.598584;;,
   2560;3;-3.116175,117.841869,0.810331;;,
   2720;3;-5.084354,118.677798,-1.927091;;,
   2880;3;-7.399775,118.952320,-4.451405;;,
   3040;3;-10.155546,118.019533,-6.780476;;,
   3200;3;-13.446747,116.427098,-9.066679;;,
   3360;3;-16.867795,114.412570,-10.824362;;,
   3520;3;-20.000603,112.682022,-12.471519;;,
   3680;3;-22.792938,111.820416,-13.655962;;,
   3840;3;-24.011760,111.568320,-13.784592;;,
   4000;3;-24.289350,111.566912,-12.912447;;,
   4160;3;-24.347722,111.609229,-11.591922;;,
   4320;3;-25.122227,112.128474,-10.909533;;,
   4480;3;-26.440312,112.333504,-10.487007;;,
   4640;3;-27.960250,112.472973,-9.821968;;,
   4800;3;-29.276118,112.703667,-9.448490;;,
   4960;3;-30.157882,112.636198,-9.094446;;,
   5120;3;-30.799661,112.218509,-8.680153;;,
   5280;3;-31.318739,111.339136,-8.187420;;,
   5440;3;-31.604499,110.214054,-7.522148;;,
   5600;3;-31.457286,109.226893,-6.922446;;,
   5760;3;-30.764842,108.477453,-5.668817;;,
   5920;3;-29.467853,108.595750,-3.949082;;,
   6080;3;-27.681430,109.513446,-1.781606;;;
  }
 }

 Animation {
  
  { Bip001_Pelvis }

  AnimationKey S {
   1;
   2;
   0;3;1.000000,1.000000,1.000000;;,
   6080;3;1.000000,1.000000,1.000000;;;
  }

  AnimationKey R {
   0;
   33;
   0;4;0.503505,-0.496471,-0.503504,-0.496471;;,
   160;4;0.493668,-0.506253,-0.493667,-0.506254;;,
   320;4;0.481623,-0.517725,-0.481623,-0.517725;;,
   480;4;0.474645,-0.524130,-0.474644,-0.524131;;,
   640;4;0.473733,-0.524954,-0.473733,-0.524955;;,
   800;4;0.477788,-0.521266,-0.477788,-0.521267;;,
   960;4;0.478931,-0.520217,-0.478930,-0.520217;;,
   1120;4;0.485201,-0.514373,-0.485200,-0.514374;;,
   1280;4;0.486478,-0.513166,-0.486477,-0.513167;;,
   1440;4;0.478269,-0.520825,-0.478268,-0.520826;;,
   1600;4;0.479670,-0.519535,-0.479669,-0.519536;;,
   1760;4;0.480154,-0.519088,-0.480153,-0.519088;;,
   1920;4;0.479767,-0.519445,-0.479767,-0.519446;;,
   2080;4;0.482227,-0.517162,-0.482227,-0.517163;;,
   2240;4;0.485954,-0.513662,-0.485953,-0.513663;;,
   2400;4;0.492840,-0.507059,-0.492840,-0.507059;;,
   2560;4;0.500978,-0.499020,-0.500977,-0.499021;;,
   2720;4;0.508062,-0.491806,-0.508061,-0.491807;;,
   2880;4;0.510423,-0.489355,-0.510422,-0.489356;;,
   3040;4;0.508560,-0.491291,-0.508560,-0.491291;;,
   3200;4;0.507167,-0.492729,-0.507166,-0.492730;;,
   3360;4;0.504478,-0.495481,-0.504478,-0.495482;;,
   3520;4;0.503702,-0.496271,-0.503701,-0.496271;;,
   3680;4;0.504361,-0.495601,-0.504360,-0.495602;;,
   3840;4;0.505579,-0.494358,-0.505579,-0.494359;;,
   4000;4;0.508231,-0.491631,-0.508230,-0.491632;;,
   4160;4;0.511475,-0.488256,-0.511474,-0.488256;;,
   4320;4;0.514428,-0.485144,-0.514427,-0.485144;;,
   4480;4;0.516883,-0.482527,-0.516882,-0.482528;;,
   4640;4;0.518438,-0.480856,-0.518437,-0.480857;;,
   4800;4;0.512298,-0.487392,-0.512297,-0.487392;;,
   4960;4;0.500001,-0.499999,-0.500000,-0.500000;;,
   6080;4;0.500001,-0.499999,-0.500000,-0.500000;;;
  }

  AnimationKey T {
   2;
   2;
   0;3;0.000000,0.000000,0.000000;;,
   6080;3;0.000000,0.000000,0.000000;;;
  }
 }

 Animation {
  
  { Bip001_Spine }

  AnimationKey S {
   1;
   2;
   0;3;1.000000,1.000000,1.000000;;,
   6080;3;1.000000,1.000000,1.000000;;;
  }

  AnimationKey R {
   0;
   39;
   0;4;0.999999,0.000247,0.000399,-0.001637;;,
   160;4;0.999846,0.000270,0.000393,0.017557;;,
   320;4;0.999221,0.000220,0.000390,0.039454;;,
   480;4;0.998656,0.000164,0.000390,0.051831;;,
   640;4;0.998662,0.000045,0.000396,0.051703;;,
   800;4;0.999228,-0.000185,0.000406,0.039275;;,
   960;4;0.999469,-0.000243,0.000406,0.032587;;,
   1120;4;0.999804,-0.000115,0.000400,0.019779;;,
   1280;4;0.999877,-0.000019,0.000398,0.015703;;,
   1440;4;0.999440,0.000066,0.000396,0.033461;;,
   1600;4;0.999375,0.000048,0.000397,0.035355;;,
   1760;4;0.999293,0.000026,0.000397,0.037592;;,
   1920;4;0.999209,0.000013,0.000398,0.039755;;,
   2080;4;0.999390,0.000012,0.000398,0.034935;;,
   2240;4;0.999616,0.000009,0.000398,0.027709;;,
   2400;4;0.999899,0.000004,0.000398,0.014219;;,
   2560;4;1.000000,0.000092,0.000398,-0.000209;;,
   2720;4;0.999940,0.000353,0.000402,-0.010981;;,
   2880;4;0.999922,0.000595,0.000406,-0.012451;;,
   3040;4;0.999953,0.000422,0.000402,-0.009709;;,
   3200;4;0.999946,0.000111,0.000399,-0.010416;;,
   3360;4;0.999959,-0.000006,0.000398,-0.009032;;,
   3520;4;0.999962,-0.000039,0.000398,-0.008735;;,
   3680;4;0.999896,-0.000200,0.000395,-0.014438;;,
   3840;4;0.999738,-0.000742,0.000381,-0.022886;;,
   4000;4;0.999546,-0.001367,0.000357,-0.030089;;,
   4160;4;0.999392,-0.001680,0.000340,-0.034836;;,
   4320;4;0.999350,-0.001081,0.000359,-0.036029;;,
   4480;4;0.999109,-0.001344,0.000342,-0.042174;;,
   4640;4;0.998608,-0.002847,0.000249,-0.052675;;,
   4800;4;0.999024,-0.003695,0.000236,-0.044018;;,
   4960;4;0.999869,-0.002969,0.000351,-0.015881;;,
   5120;4;0.999906,-0.002365,0.000366,-0.013494;;,
   5280;4;0.999934,-0.001803,0.000378,-0.011342;;,
   5440;4;0.999978,-0.000895,0.000392,-0.006491;;,
   5600;4;1.000000,-0.000019,0.000398,-0.000154;;,
   5760;4;1.000000,-0.000002,0.000398,-0.000001;;,
   5920;4;1.000000,-0.000002,0.000398,-0.000001;;,
   6080;4;1.000000,-0.000022,0.000398,-0.000661;;;
  }

  AnimationKey T {
   2;
   33;
   0;3;14.260574,0.200615,-0.012833;;,
   160;3;14.257454,-0.358985,-0.012835;;,
   320;3;14.224808,-1.029102,-0.012836;;,
   480;3;14.192146,-1.409809,-0.012836;;,
   640;3;14.187141,-1.459113,-0.012835;;,
   800;3;14.208061,-1.238997,-0.012835;;,
   960;3;14.213363,-1.176634,-0.012836;;,
   1120;3;14.237701,-0.831766,-0.012835;;,
   1280;3;14.241661,-0.761008,-0.012835;;,
   1440;3;14.210312,-1.212786,-0.012836;;,
   1600;3;14.216637,-1.136238,-0.012836;;,
   1760;3;14.218734,-1.109716,-0.012836;;,
   1920;3;14.217072,-1.130888,-0.012838;;,
   2080;3;14.227150,-0.995884,-0.012837;;,
   2240;3;14.240082,-0.790067,-0.012837;;,
   2400;3;14.256226,-0.405544,-0.012838;;,
   2560;3;14.261878,0.055819,-0.012837;;,
   2720;3;14.254448,0.463597,-0.012837;;,
   2880;3;14.249336,0.600782,-0.012836;;,
   3040;3;14.253478,0.492504,-0.012836;;,
   3200;3;14.256043,0.411756,-0.012836;;,
   3360;3;14.259659,0.256602,-0.012836;;,
   3520;3;14.260406,0.211953,-0.012836;;,
   3680;3;14.259789,0.249836,-0.012835;;,
   3840;3;14.258384,0.320065,-0.012831;;,
   4000;3;14.254120,0.473452,-0.012834;;,
   4160;3;14.246597,0.662152,-0.012835;;,
   4320;3;14.237518,0.834950,-0.012833;;,
   4480;3;14.228302,0.979394,-0.012831;;,
   4640;3;14.221688,1.071287,-0.012831;;,
   4800;3;14.244278,0.710283,-0.012827;;,
   4960;3;14.261986,0.000097,-0.012831;;,
   6080;3;14.261986,0.000086,-0.012835;;;
  }
 }

 Animation {
  
  { Bip001_Spine1 }

  AnimationKey S {
   1;
   2;
   0;3;1.000000,1.000000,1.000000;;,
   6080;3;1.000000,1.000000,1.000000;;;
  }

  AnimationKey R {
   0;
   2;
   0;4;1.000000,0.000000,0.000000,-0.000000;;,
   6080;4;1.000000,-0.000000,0.000000,0.000000;;;
  }

  AnimationKey T {
   2;
   2;
   0;3;16.122208,0.000000,-0.012836;;,
   6080;3;16.122208,0.000000,-0.012838;;;
  }
 }

 Animation {
  
  { Bip001_Spine2 }

  AnimationKey S {
   1;
   2;
   0;3;1.000000,1.000000,1.000000;;,
   6080;3;1.000000,1.000000,1.000000;;;
  }

  AnimationKey R {
   0;
   2;
   0;4;1.000000,0.000000,0.000000,-0.000000;;,
   6080;4;1.000000,-0.000000,0.000000,0.000000;;;
  }

  AnimationKey T {
   2;
   2;
   0;3;16.122238,-0.000002,-0.012840;;,
   6080;3;16.122222,-0.000002,-0.012836;;;
  }
 }

 Animation {
  
  { Bip001_Spine3 }

  AnimationKey S {
   1;
   2;
   0;3;1.000000,1.000000,1.000000;;,
   6080;3;1.000000,1.000000,1.000000;;;
  }

  AnimationKey R {
   0;
   2;
   0;4;1.000000,0.000000,0.000000,-0.000000;;,
   6080;4;1.000000,-0.000000,0.000000,0.000000;;;
  }

  AnimationKey T {
   2;
   2;
   0;3;16.122208,0.000000,-0.012836;;,
   6080;3;16.122222,0.000002,-0.012836;;;
  }
 }

 Animation {
  
  { Bip001_Neck }

  AnimationKey S {
   1;
   2;
   0;3;1.000000,1.000000,1.000000;;,
   6080;3;1.000000,1.000000,1.000000;;;
  }

  AnimationKey R {
   0;
   39;
   0;4;0.982722,-0.002026,0.173224,0.065165;;,
   160;4;0.982465,-0.007791,0.172834,0.069506;;,
   320;4;0.981818,-0.008242,0.174171,0.075027;;,
   480;4;0.981489,-0.007621,0.175707,0.075818;;,
   640;4;0.980770,-0.003117,0.175630,0.085053;;,
   800;4;0.979905,-0.001514,0.177682,0.090627;;,
   960;4;0.978990,0.002168,0.183631,0.088623;;,
   1120;4;0.978353,0.004215,0.184524,0.093591;;,
   1280;4;0.978395,0.005526,0.185705,0.090700;;,
   1440;4;0.977933,0.008124,0.190777,0.084765;;,
   1600;4;0.978697,0.013666,0.191279,0.073335;;,
   1760;4;0.979318,0.016297,0.188748,0.071032;;,
   1920;4;0.980417,0.019597,0.184784,0.065221;;,
   2080;4;0.980760,0.025197,0.185034,0.056898;;,
   2240;4;0.980682,0.035749,0.187375,0.043309;;,
   2400;4;0.979732,0.047663,0.192250,0.029882;;,
   2560;4;0.977935,0.065139,0.198166,0.011451;;,
   2720;4;0.976576,0.080360,0.199600,-0.000771;;,
   2880;4;0.974684,0.096844,0.201344,-0.008520;;,
   3040;4;0.971941,0.108361,0.208389,-0.012752;;,
   3200;4;0.968186,0.127048,0.214399,-0.022513;;,
   3360;4;0.967778,0.137740,0.209078,-0.026846;;,
   3520;4;0.970941,0.117130,0.208539,-0.008056;;,
   3680;4;0.972607,0.079295,0.216001,0.033050;;,
   3840;4;0.975748,0.025327,0.202045,0.080322;;,
   4000;4;0.977014,-0.029417,0.171296,0.123430;;,
   4160;4;0.978310,-0.050888,0.159534,0.121943;;,
   4320;4;0.978455,-0.054306,0.156989,0.122605;;,
   4480;4;0.972995,-0.078686,0.155935,0.150909;;,
   4640;4;0.967949,-0.095105,0.149120,0.178306;;,
   4800;4;0.968579,-0.085942,0.141986,0.185228;;,
   4960;4;0.968817,-0.081546,0.143912,0.184480;;,
   5120;4;0.970412,-0.078493,0.139599,0.180696;;,
   5280;4;0.972314,-0.072266,0.136173,0.175613;;,
   5440;4;0.973520,-0.062995,0.140176,0.169239;;,
   5600;4;0.975150,-0.057560,0.140391,0.161429;;,
   5760;4;0.976357,-0.046687,0.147706,0.150768;;,
   5920;4;0.977255,-0.032735,0.155239,0.140717;;,
   6080;4;0.978586,-0.021211,0.157383,0.130956;;;
  }

  AnimationKey T {
   2;
   32;
   0;3;16.124755,-0.000137,-0.006962;;,
   480;3;16.124741,-0.000065,-0.006966;;,
   640;3;16.124786,-0.000175,-0.006950;;,
   960;3;16.124818,-0.000216,-0.006941;;,
   1120;3;16.124878,-0.000318,-0.006903;;,
   1600;3;16.124893,-0.000329,-0.006896;;,
   1760;3;16.124923,-0.000435,-0.006876;;,
   2080;3;16.124878,-0.000463,-0.006896;;,
   2240;3;16.124923,-0.000638,-0.006868;;,
   2400;3;16.124954,-0.000777,-0.006826;;,
   2560;3;16.125061,-0.000978,-0.006763;;,
   2720;3;16.125107,-0.001161,-0.006721;;,
   2880;3;16.125152,-0.001374,-0.006668;;,
   3040;3;16.125229,-0.001521,-0.006590;;,
   3200;3;16.125336,-0.001750,-0.006488;;,
   3360;3;16.125259,-0.001892,-0.006479;;,
   3520;3;16.125245,-0.001660,-0.006561;;,
   3680;3;16.125306,-0.001249,-0.006626;;,
   3840;3;16.125122,-0.000607,-0.006798;;,
   4000;3;16.124771,0.000113,-0.006962;;,
   4160;3;16.124619,0.000446,-0.006987;;,
   4320;3;16.124603,0.000504,-0.007002;;,
   4480;3;16.124650,0.000788,-0.006960;;,
   4640;3;16.124603,0.000971,-0.006943;;,
   4800;3;16.124496,0.000843,-0.007004;;,
   5120;3;16.124496,0.000780,-0.007000;;,
   5280;3;16.124374,0.000687,-0.007053;;,
   5440;3;16.124390,0.000557,-0.007055;;,
   5600;3;16.124390,0.000496,-0.007067;;,
   5760;3;16.124466,0.000345,-0.007052;;,
   5920;3;16.124526,0.000153,-0.007033;;,
   6080;3;16.124557,0.000004,-0.007032;;;
  }
 }

 Animation {
  
  { Bip001_L_Clavicle }

  AnimationKey S {
   1;
   2;
   0;3;1.000000,1.000000,1.000000;;,
   6080;3;1.000000,1.000000,1.000000;;;
  }

  AnimationKey R {
   0;
   39;
   0;4;0.095909,0.488535,0.852789,-0.157753;;,
   160;4;0.092083,0.484598,0.854644,-0.162080;;,
