xof 0303txt 0032
template Frame {
 <3d82ab46-62da-11cf-ab39-0020af71e433>
 [...]
}

template Matrix4x4 {
 <f6f23f45-7686-11cf-8f52-0040333594a3>
 array FLOAT matrix[16];
}

template FrameTransformMatrix {
 <f6f23f41-7686-11cf-8f52-0040333594a3>
 Matrix4x4 frameMatrix;
}

template Vector {
 <3d82ab5e-62da-11cf-ab39-0020af71e433>
 FLOAT x;
 FLOAT y;
 FLOAT z;
}

template MeshFace {
 <3d82ab5f-62da-11cf-ab39-0020af71e433>
 DWORD nFaceVertexIndices;
 array DWORD faceVertexIndices[nFaceVertexIndices];
}

template Mesh {
 <3d82ab44-62da-11cf-ab39-0020af71e433>
 DWORD nVertices;
 array Vector vertices[nVertices];
 DWORD nFaces;
 array MeshFace faces[nFaces];
 [...]
}

template VertexElement {
 <f752461c-1e23-48f6-b9f8-8350850f336f>
 DWORD Type;
 DWORD Method;
 DWORD Usage;
 DWORD UsageIndex;
}

template DeclData {
 <bf22e553-292c-4781-9fea-62bd554bdd93>
 DWORD nElements;
 array VertexElement Elements[nElements];
 DWORD nDWords;
 array DWORD data[nDWords];
}

template XSkinMeshHeader {
 <3cf169ce-ff7c-44ab-93c0-f78f62d172e2>
 WORD nMaxSkinWeightsPerVertex;
 WORD nMaxSkinWeightsPerFace;
 WORD nBones;
}

template SkinWeights {
 <6f0d123b-bad2-4167-a0d0-80224f25fabb>
 STRING transformNodeName;
 DWORD nWeights;
 array DWORD vertexIndices[nWeights];
 array FLOAT weights[nWeights];
 Matrix4x4 matrixOffset;
}

template AnimTicksPerSecond {
 <9e415a43-7ba6-4a73-8743-b73d47e88476>
 DWORD AnimTicksPerSecond;
}

template Animation {
 <3d82ab4f-62da-11cf-ab39-0020af71e433>
 [...]
}

template AnimationSet {
 <3d82ab50-62da-11cf-ab39-0020af71e433>
 [Animation <3d82ab4f-62da-11cf-ab39-0020af71e433>]
}

template FloatKeys {
 <10dd46a9-775b-11cf-8f52-0040333594a3>
 DWORD nValues;
 array FLOAT values[nValues];
}

template TimedFloatKeys {
 <f406b180-7b3b-11cf-8f52-0040333594a3>
 DWORD time;
 FloatKeys tfkeys;
}

template AnimationKey {
 <10dd46a8-775b-11cf-8f52-0040333594a3>
 DWORD keyType;
 DWORD nKeys;
 array TimedFloatKeys keys[nKeys];
}


Frame Bip001 {
 

 FrameTransformMatrix {
  -0.267466,0.149107,-0.951961,0.000000,0.040332,0.988821,0.143548,0.000000,0.962723,-0.000000,-0.270490,0.000000,0.000000,126.293875,0.000000,1.000000;;
 }

 Frame Bip001_Pelvis {
  

  FrameTransformMatrix {
   0.000000,0.999887,0.015037,0.000000,-0.000001,-0.015037,0.999887,0.000000,1.000000,-0.000000,0.000001,0.000000,0.000000,0.000000,0.000000,1.000000;;
  }

  Frame Bip001_Spine {
   

   FrameTransformMatrix {
    0.998284,-0.008124,0.057998,0.000000,0.014871,0.993037,-0.116858,0.000000,-0.056645,0.117520,0.991454,0.000000,14.261085,-0.215969,-0.012724,1.000000;;
   }

   Frame Bip001_Spine1 {
    

    FrameTransformMatrix {
     1.000000,-0.000000,-0.000000,0.000000,-0.000000,1.000000,0.000000,0.000000,0.000000,0.000000,1.000000,0.000000,16.122208,0.000000,-0.012838,1.000000;;
    }

    Frame Bip001_Spine2 {
     

     FrameTransformMatrix {
      0.999914,0.004178,0.012470,0.000000,-0.003859,0.999667,-0.025507,0.000000,-0.012572,0.025456,0.999597,0.000000,16.122390,-0.000327,-0.012833,1.000000;;
     }

     Frame Bip001_Spine3 {
      

      FrameTransformMatrix {
       0.999914,0.004178,0.012470,0.000000,-0.003859,0.999667,-0.025507,0.000000,-0.012572,0.025456,0.999597,0.000000,16.122390,-0.000326,-0.012833,1.000000;;
      }

      Frame Bip001_Neck {
       

       FrameTransformMatrix {
        0.996562,-0.004599,-0.082726,0.000000,0.018395,0.985821,0.166790,0.000000,0.080786,-0.167738,0.982516,0.000000,16.121597,0.001243,-0.007276,1.000000;;
       }

       Frame Bip001_L_Clavicle {
        

        FrameTransformMatrix {
         -0.107946,0.961473,-0.252820,0.000000,0.990766,0.125026,0.052450,0.000000,0.082039,-0.244824,-0.966091,0.000000,-0.019943,4.279051,-0.720688,1.000000;;
        }

        Frame Bip001_L_UpperArm {
         

         FrameTransformMatrix {
          0.590897,-0.753228,0.288942,0.000000,0.750965,0.382684,-0.538150,0.000000,0.294776,0.534976,0.791775,0.000000,16.122221,0.000000,0.000000,1.000000;;
         }

         Frame Bip001_L_Forearm {
          

          FrameTransformMatrix {
           0.590770,0.000000,-0.806840,0.000000,0.000000,1.000000,-0.000000,0.000000,0.806840,0.000000,0.590770,0.000000,44.136803,0.000000,0.000000,1.000000;;
          }

          Frame Bip001_L_Hand {
           

           FrameTransformMatrix {
            0.997875,0.008990,-0.064534,0.000000,0.065052,-0.081135,0.994578,0.000000,0.003706,-0.996663,-0.081547,0.000000,37.683373,-0.000008,-0.000008,1.000000;;
           }

           Frame Bip001_L_Finger0 {
            

            FrameTransformMatrix {
             0.820473,-0.503828,0.270153,0.000000,0.512024,0.437437,-0.739243,0.000000,0.254276,0.744853,0.616877,0.000000,4.289871,-5.456860,2.394806,1.000000;;
            }

            Frame Bip001_L_Finger01 {
             

             FrameTransformMatrix {
              0.983438,0.181246,0.000000,0.000000,-0.181246,0.983438,-0.000000,0.000000,0.000000,0.000000,1.000000,0.000000,3.875534,0.000000,0.000008,1.000000;;
             }

             Frame Bip001_L_Finger02 {
              

              FrameTransformMatrix {
               0.983438,0.181246,-0.000000,0.000000,-0.181246,0.983438,-0.000000,0.000000,0.000000,0.000000,1.000000,0.000000,3.875542,0.000000,-0.000008,1.000000;;
              }

              Frame Bip001_L_Finger0Nub {
               

               FrameTransformMatrix {
                1.000000,0.000000,0.000000,0.000000,-0.000000,1.000000,0.000000,0.000000,0.000000,0.000000,1.000000,0.000000,3.875534,0.000000,0.000000,1.000000;;
               }
              }
             }
            }
           }

           Frame Bip001_L_Finger1 {
            

            FrameTransformMatrix {
             0.958409,0.003139,-0.285381,0.000000,-0.010497,0.999651,-0.024258,0.000000,0.285205,0.026245,0.958107,0.000000,11.734268,-5.461197,-0.417755,1.000000;;
            }

            Frame Bip001_L_Finger11 {
             

             FrameTransformMatrix {
              0.994239,0.002912,0.107152,0.000000,-0.000000,0.999631,-0.027164,0.000000,-0.107192,0.027008,0.993872,0.000000,4.650642,0.000000,0.000000,1.000000;;
             }

             Frame Bip001_L_Finger12 {
              

              FrameTransformMatrix {
               0.994238,0.002912,0.107152,0.000000,0.000000,0.999631,-0.027164,0.000000,-0.107191,0.027008,0.993872,0.000000,4.650642,0.000000,0.000000,1.000000;;
              }

              Frame Bip001_L_Finger1Nub {
               

               FrameTransformMatrix {
                1.000000,0.000000,0.000000,0.000000,0.000000,1.000000,-0.000000,0.000000,0.000000,-0.000000,1.000000,0.000000,4.650642,0.000000,0.000000,1.000000;;
               }
              }
             }
            }
           }

           Frame Bip001_L_Finger2 {
            

            FrameTransformMatrix {
             0.981353,0.057473,-0.183420,0.000000,-0.054546,0.998291,0.020970,0.000000,0.184312,-0.010574,0.982811,0.000000,11.686760,-1.501312,-0.364784,1.000000;;
            }

            Frame Bip001_L_Finger21 {
             

             FrameTransformMatrix {
              0.973419,0.000000,0.229029,0.000000,0.000000,1.000000,-0.000000,0.000000,-0.229029,-0.000000,0.973419,0.000000,4.698433,0.000000,-0.000008,1.000000;;
             }

             Frame Bip001_L_Finger22 {
              

              FrameTransformMatrix {
               0.973419,-0.000000,0.229029,0.000000,-0.000000,1.000000,0.000000,0.000000,-0.229029,0.000000,0.973419,0.000000,5.425751,0.000000,0.000000,1.000000;;
              }

              Frame Bip001_L_Finger2Nub {
               

               FrameTransformMatrix {
                1.000000,0.000000,-0.000000,0.000000,0.000000,1.000000,0.000000,0.000000,-0.000000,-0.000000,1.000000,0.000000,5.425751,0.000000,0.000000,1.000000;;
               }
              }
             }
            }
           }

           Frame Bip001_L_Finger3 {
            

            FrameTransformMatrix {
             0.983158,0.089801,-0.159175,0.000000,-0.084190,0.995578,0.041667,0.000000,0.162213,-0.027564,0.986371,0.000000,11.686188,1.606094,-0.362915,1.000000;;
            }

            Frame Bip001_L_Finger31 {
             

             FrameTransformMatrix {
              0.958189,0.000000,0.286137,0.000000,0.000000,1.000000,0.000000,0.000000,-0.286137,0.000000,0.958189,0.000000,4.316551,0.000004,0.000008,1.000000;;
             }

             Frame Bip001_L_Finger32 {
              

              FrameTransformMatrix {
               0.958189,-0.000000,0.286137,0.000000,-0.000000,1.000000,0.000000,0.000000,-0.286137,-0.000000,0.958189,0.000000,4.650642,0.000004,-0.000004,1.000000;;
              }

              Frame Bip001_L_Finger3Nub {
               

               FrameTransformMatrix {
                1.000000,-0.000000,0.000000,0.000000,0.000000,1.000000,-0.000000,0.000000,-0.000000,-0.000000,1.000000,0.000000,4.650635,-0.000004,-0.000004,1.000000;;
               }
              }
             }
            }
           }

           Frame Bip001_L_Finger4 {
            

            FrameTransformMatrix {
             0.995111,0.042616,0.089099,0.000000,-0.043233,0.999052,0.005008,0.000000,-0.088802,-0.008835,0.996010,0.000000,10.216782,4.386829,-0.631813,1.000000;;
            }

            Frame Bip001_L_Finger41 {
             

             FrameTransformMatrix {
              0.984615,0.000000,0.174737,0.000000,0.000000,1.000000,0.000000,0.000000,-0.174737,0.000000,0.984615,0.000000,3.003716,0.000000,-0.000008,1.000000;;
             }

             Frame Bip001_L_Finger42 {
              

              FrameTransformMatrix {
               0.984615,-0.000000,0.174737,0.000000,0.000000,1.000000,0.000000,0.000000,-0.174737,0.000000,0.984615,0.000000,3.003700,-0.000008,0.000000,1.000000;;
              }

              Frame Bip001_L_Finger4Nub {
               

               FrameTransformMatrix {
                1.000000,-0.000000,0.000000,0.000000,0.000000,1.000000,-0.000000,0.000000,-0.000000,-0.000000,1.000000,0.000000,3.003708,0.000000,-0.000004,1.000000;;
               }
              }
             }
            }
           }
          }
         }
        }
       }

       Frame Bip001_R_Clavicle {
        

        FrameTransformMatrix {
         -0.034289,-0.998029,0.052552,0.000000,-0.996132,0.029872,-0.082632,0.000000,0.080900,-0.055182,-0.995194,0.000000,0.019989,-4.279052,0.735506,1.000000;;
        }

        Frame Bip001_R_UpperArm {
         

         FrameTransformMatrix {
          0.388522,0.894653,0.220558,0.000000,-0.872125,0.279783,0.401398,0.000000,0.297404,-0.348306,0.888951,0.000000,16.122221,0.000000,0.000001,1.000000;;
         }

         Frame Bip001_R_Forearm {
          

          FrameTransformMatrix {
           0.822029,0.000000,-0.569445,0.000000,0.000000,1.000000,0.000000,0.000000,0.569445,-0.000000,0.822029,0.000000,44.136826,-0.000008,0.000008,1.000000;;
          }

          Frame Bip001_R_Hand {
           

           FrameTransformMatrix {
            0.996957,-0.008978,-0.077442,0.000000,-0.077936,-0.089694,-0.992916,0.000000,0.001968,0.995929,-0.090121,0.000000,37.683357,0.000000,0.000000,1.000000;;
           }

           Frame Bip001_R_Finger0 {
            

            FrameTransformMatrix {
             0.820473,0.503828,0.270153,0.000000,-0.512024,0.437437,0.739243,0.000000,0.254276,-0.744853,0.616877,0.000000,4.289879,5.456852,2.394806,1.000000;;
            }

            Frame Bip001_R_Finger01 {
             

             FrameTransformMatrix {
              1.000000,0.000000,0.000000,0.000000,-0.000000,1.000000,0.000000,0.000000,0.000000,-0.000000,1.000000,0.000000,3.875534,0.000004,0.000008,1.000000;;
             }

             Frame Bip001_R_Finger02 {
              

              FrameTransformMatrix {
               0.040700,-0.366584,0.929494,0.000000,-0.386706,0.851989,0.352950,0.000000,-0.921305,-0.373806,-0.107084,0.000000,3.875526,-0.000004,-0.000008,1.000000;;
              }

              Frame Bip001_R_Finger0Nub {
               

               FrameTransformMatrix {
                -1.000000,-0.000000,0.000000,0.000000,-0.000000,1.000000,-0.000000,0.000000,-0.000000,-0.000000,-1.000000,0.000000,3.875534,0.000000,0.000000,1.000000;;
               }
              }
             }
            }
           }

           Frame Bip001_R_Finger1 {
            

            FrameTransformMatrix {
             0.928037,0.000297,0.372487,0.000000,0.000000,1.000000,-0.000796,0.000000,-0.372487,0.000739,0.928037,0.000000,11.734268,5.461197,-0.417755,1.000000;;
            }

            Frame Bip001_R_Finger11 {
             

             FrameTransformMatrix {
              0.712000,-0.000000,0.702180,0.000000,0.000000,1.000000,0.000000,0.000000,-0.702180,0.000000,0.712000,0.000000,4.650650,-0.000004,-0.000002,1.000000;;
             }

             Frame Bip001_R_Finger12 {
              

              FrameTransformMatrix {
               0.087608,-0.000000,0.996155,0.000000,0.000000,1.000000,0.000000,0.000000,-0.996155,0.000000,0.087608,0.000000,4.650642,0.000000,-0.000008,1.000000;;
              }

              Frame Bip001_R_Finger1Nub {
               

               FrameTransformMatrix {
                -1.000000,0.000000,0.000000,0.000000,-0.000000,1.000000,-0.000000,0.000000,0.000000,0.000000,-1.000000,0.000000,4.650642,0.000000,0.000000,1.000000;;
               }
              }
             }
            }
           }

           Frame Bip001_R_Finger2 {
            

            FrameTransformMatrix {
             0.905812,-0.040634,0.421727,0.000000,0.054546,0.998291,-0.020970,0.000000,-0.420155,0.041998,0.906480,0.000000,11.686760,1.501312,-0.364777,1.000000;;
            }

            Frame Bip001_R_Finger21 {
             

             FrameTransformMatrix {
              0.387773,-0.000000,0.921755,0.000000,0.000000,1.000000,0.000000,0.000000,-0.921755,0.000000,0.387773,0.000000,4.698440,-0.000004,-0.000002,1.000000;;
             }

             Frame Bip001_R_Finger22 {
              

              FrameTransformMatrix {
               0.280687,-0.000000,0.959799,0.000000,0.000000,1.000000,0.000000,0.000000,-0.959799,-0.000000,0.280687,0.000000,5.425751,0.000000,0.000000,1.000000;;
              }

              Frame Bip001_R_Finger2Nub {
               

               FrameTransformMatrix {
                -1.000000,-0.000000,-0.000000,0.000000,-0.000000,1.000000,-0.000000,0.000000,0.000000,-0.000000,-1.000000,0.000000,5.425743,0.000000,0.000000,1.000000;;
               }
              }
             }
            }
           }

           Frame Bip001_R_Finger3 {
            

            FrameTransformMatrix {
             0.928603,-0.054359,0.367070,0.000000,0.078981,0.995499,-0.052381,0.000000,-0.362571,0.077633,0.928717,0.000000,11.686188,-1.606102,-0.362915,1.000000;;
            }

            Frame Bip001_R_Finger31 {
             

             FrameTransformMatrix {
              0.242284,0.011558,0.970137,0.000000,0.000000,0.999929,-0.011913,0.000000,-0.970205,0.002886,0.242267,0.000000,4.316536,0.000000,0.000000,1.000000;;
             }

             Frame Bip001_R_Finger32 {
              

              FrameTransformMatrix {
               0.242284,0.011558,0.970137,0.000000,-0.000000,0.999929,-0.011913,0.000000,-0.970205,0.002886,0.242267,0.000000,4.650650,0.000000,-0.000008,1.000000;;
              }

              Frame Bip001_R_Finger3Nub {
               

               FrameTransformMatrix {
                -1.000000,0.000000,0.000000,0.000000,0.000000,1.000000,-0.000000,0.000000,-0.000000,0.000000,-1.000000,0.000000,4.650650,0.000002,0.000000,1.000000;;
               }
              }
             }
            }
           }

           Frame Bip001_R_Finger4 {
            

            FrameTransformMatrix {
             0.928441,-0.013192,0.371246,0.000000,0.038352,0.997433,-0.060472,0.000000,-0.369495,0.070383,0.926563,0.000000,10.216782,-4.386831,-0.631798,1.000000;;
            }

            Frame Bip001_R_Finger41 {
             

             FrameTransformMatrix {
              0.892625,0.025101,0.450100,0.000000,-0.000000,0.998449,-0.055681,0.000000,-0.450800,0.049702,0.891240,0.000000,3.003708,0.000000,0.000000,1.000000;;
             }

             Frame Bip001_R_Finger42 {
              

              FrameTransformMatrix {
               0.892625,0.025101,0.450100,0.000000,0.000000,0.998449,-0.055681,0.000000,-0.450800,0.049702,0.891241,0.000000,3.003700,0.000000,-0.000002,1.000000;;
              }

              Frame Bip001_R_Finger4Nub {
               

               FrameTransformMatrix {
                -1.000000,0.000000,-0.000000,0.000000,0.000000,1.000000,0.000000,0.000000,0.000000,0.000000,-1.000000,0.000000,3.003708,-0.000004,0.000000,1.000000;;
               }
              }
             }
            }
           }
          }
         }
        }
       }

       Frame Bip001_Head {
        

        FrameTransformMatrix {
         0.998924,0.022926,0.040325,0.000000,-0.014051,0.978034,-0.207970,0.000000,-0.044207,0.207179,0.977304,0.000000,15.765381,-0.911515,-0.005146,1.000000;;
        }

        Frame Bip001_HeadNub {
         

         FrameTransformMatrix {
          1.000000,0.000000,0.000000,0.000000,0.000000,1.000000,0.000000,0.000000,0.000000,-0.000000,1.000000,0.000000,29.144013,0.000000,0.000000,1.000000;;
         }
        }
       }
      }
     }
    }
   }

   Frame Bip001_L_Thigh {
    

    FrameTransformMatrix {
     -0.967190,0.223648,-0.120520,0.000000,-0.250218,-0.920699,0.299507,0.000000,-0.043979,0.319837,0.946452,0.000000,-14.338402,12.316267,2.303279,1.000000;;
    }

    Frame Bip001_L_Calf {
     

     FrameTransformMatrix {
      0.989188,0.000000,-0.146653,0.000000,-0.000000,1.000000,0.000000,0.000000,0.146653,0.000000,0.989188,0.000000,54.040710,0.000000,0.000000,1.000000;;
     }

     Frame Bip001_L_Foot {
      

      FrameTransformMatrix {
       0.978504,0.018071,0.205433,0.000000,-0.018197,0.999834,-0.001280,0.000000,-0.205422,-0.002485,0.978670,0.000000,58.826880,0.000008,-0.000002,1.000000;;
      }

      Frame Bip001_L_Toe0 {
       

       FrameTransformMatrix {
        0.000000,0.000000,1.000000,0.000000,-0.000000,1.000000,0.000000,0.000000,-1.000000,-0.000000,-0.000000,0.000000,14.261973,0.000000,18.354528,1.000000;;
       }

       Frame Bip001_L_Toe01 {
        

        FrameTransformMatrix {
         1.000000,0.000000,0.000000,0.000000,0.000000,1.000000,0.000000,0.000000,-0.000000,0.000000,1.000000,0.000000,1.860256,0.000000,-0.000001,1.000000;;
        }

        Frame Bip001_L_Toe02 {
         

         FrameTransformMatrix {
          1.000000,0.000000,0.000000,0.000000,0.000000,1.000000,0.000000,0.000000,-0.000000,0.000000,1.000000,0.000000,1.860260,0.000000,0.000000,1.000000;;
         }

         Frame Bip001_L_Toe0Nub {
          

          FrameTransformMatrix {
           -1.000000,-0.000000,0.000000,0.000000,-0.000000,1.000000,0.000000,0.000000,-0.000000,-0.000000,-1.000000,0.000000,1.860256,0.000004,-0.000000,1.000000;;
          }
         }
        }
       }
      }
     }
    }
   }

   Frame Bip001_R_Thigh {
    

    FrameTransformMatrix {
     -0.982881,-0.147242,-0.110749,0.000000,0.179972,-0.895964,-0.406029,0.000000,-0.039442,-0.419010,0.907125,0.000000,-14.136864,-12.314451,-0.611648,1.000000;;
    }

    Frame Bip001_R_Calf {
     

     FrameTransformMatrix {
      0.985889,0.000000,-0.167399,0.000000,0.000000,1.000000,0.000000,0.000000,0.167399,-0.000000,0.985889,0.000000,53.736070,-0.000002,0.000001,1.000000;;
     }

     Frame Bip001_R_Foot {
      

      FrameTransformMatrix {
       0.982267,0.000800,0.187485,0.000000,-0.000803,1.000000,-0.000065,0.000000,-0.187485,-0.000087,0.982267,0.000000,59.151962,-0.000002,-0.000000,1.000000;;
      }

      Frame Bip001_R_Toe0 {
       

       FrameTransformMatrix {
        0.000000,-0.000000,1.000000,0.000000,-0.000000,1.000000,0.000000,0.000000,-1.000000,-0.000000,0.000000,0.000000,14.261973,-0.000004,18.354526,1.000000;;
       }

       Frame Bip001_R_Toe01 {
        

        FrameTransformMatrix {
         1.000000,-0.000000,0.000000,0.000000,0.000000,1.000000,0.000000,0.000000,0.000000,0.000000,1.000000,0.000000,1.860256,0.000000,0.000000,1.000000;;
        }

        Frame Bip001_R_Toe02 {
         

         FrameTransformMatrix {
          1.000000,-0.000000,0.000000,0.000000,0.000000,1.000000,0.000000,0.000000,0.000000,0.000000,1.000000,0.000000,1.860256,0.000002,-0.000000,1.000000;;
         }

         Frame Bip001_R_Toe0Nub {
          

          FrameTransformMatrix {
           1.000000,-0.000000,0.000000,0.000000,0.000000,1.000000,0.000000,0.000000,0.000000,0.000000,1.000000,0.000000,1.860258,-0.000004,0.000000,1.000000;;
          }
         }
        }
       }
      }
     }
    }
   }
  }
 }
}

Frame Box001 {
 

 FrameTransformMatrix {
  0.667112,0.000000,0.000000,0.000000,0.000000,0.696682,0.000000,0.000000,0.000000,0.000000,0.492662,0.000000,0.000000,0.000000,0.000000,1.000000;;
 }

 Mesh Box001 {
  24;
  28.950534;22.811536;-108.445722;,
  32.527994;22.497904;-105.004243;,
  29.712064;21.584475;-104.568237;,
  31.766461;23.724966;-108.881728;,
  28.469891;24.460554;-107.229082;,
  32.047350;24.146922;-103.787616;,
  31.285821;25.373984;-107.665088;,
  29.231424;23.233491;-103.351610;,
  28.950534;22.811536;-108.445722;,
  31.285821;25.373984;-107.665088;,
  31.766461;23.724966;-108.881728;,
  28.469891;24.460554;-107.229082;,
  31.766461;23.724966;-108.881728;,
  32.047350;24.146922;-103.787616;,
  32.527994;22.497904;-105.004243;,
  31.285821;25.373984;-107.665088;,
  32.527994;22.497904;-105.004243;,
  29.231424;23.233491;-103.351610;,
  29.712064;21.584475;-104.568237;,
  32.047350;24.146922;-103.787616;,
  29.712064;21.584475;-104.568237;,
  28.469891;24.460554;-107.229082;,
  28.950534;22.811536;-108.445722;,
  29.231424;23.233491;-103.351610;;
  12;
  3;0,1,2;,
  3;1,0,3;,
  3;4,5,6;,
  3;5,4,7;,
  3;8,9,10;,
  3;9,8,11;,
  3;12,13,14;,
  3;13,12,15;,
  3;16,17,18;,
  3;17,16,19;,
  3;20,21,22;,
  3;21,20,23;;

  DeclData {
   2;
   2;0;3;0;,
   1;0;5;0;;
   120;
   1048119962,
   3211327154,
   3198936818,
   1065353216,
   1065353216,
   1048119962,
   3211327154,
   3198936818,
   0,
   0,
   1048119962,
   3211327154,
   3198936817,
   1065353216,
   0,
   1048119962,
   3211327154,
   3198936817,
   0,
   1065353216,
   3195603589,
   1063843500,
   1051453209,
   0,
   1065353216,
   3195603589,
   1063843500,
   1051453209,
   1065353216,
   0,
   3195603589,
   1063843500,
   1051453208,
   1065353216,
   1065353216,
   3195603589,
   1063843500,
   1051453208,
   0,
   0,
   3197439387,
   1057159067,
   3209622494,
   0,
   1065353216,
   3197439387,
   1057159067,
   3209622494,
   1065353216,
   0,
   3197439387,
   1057159067,
   3209622494,
   1065353216,
   1065353216,
   3197439387,
   1057159067,
   3209622494,
   0,
   0,
   1064342735,
   1051343092,
   3181545081,
   0,
   1065353216,
   1064342736,
   1051343085,
   3181545079,
   1065353216,
   0,
   1064342737,
   1051343077,
   3181545077,
   1065353216,
   1065353216,
   1064342733,
   1051343100,
   3181545083,
   0,
   0,
   1049955705,
   3204642636,
   1062138902,
   0,
   1065353216,
   1049955705,
   3204642636,
   1062138902,
   1065353216,
   0,
   1049955705,
   3204642636,
   1062138902,
   1065353216,
   1065353216,
   1049955705,
   3204642636,
   1062138902,
   0,
   0,
   3211826383,
   3198826735,
   1034061446,
   0,
   1065353216,
   3211826383,
   3198826740,
   1034061419,
   1065353216,
   0,
   3211826382,
   3198826744,
   1034061402,
   1065353216,
   1065353216,
   3211826384,
   3198826732,
   1034061463,
   0,
   0;
  }

  XSkinMeshHeader {
   1;
   1;
   1;
  }

  SkinWeights {
   "Bip001_L_Toe0Nub";
   24;
   0,
   1,
   2,
   3,
   4,
   5,
   6,
   7,
   8,
   9,
   10,
   11,
   12,
   13,
   14,
   15,
   16,
   17,
   18,
   19,
   20,
   21,
   22,
   23;
   1.000000,
   1.000000,
   1.000000,
   1.000000,
   1.000000,
   1.000000,
   1.000000,
   1.000000,
   1.000000,
   1.000000,
   1.000000,
   1.000000,
   1.000000,
   1.000000,
   1.000000,
   1.000000,
   1.000000,
   1.000000,
   1.000000,
   1.000000,
   1.000000,
   1.000000,
   1.000000,
   1.000000;
   -0.104814,-0.644986,0.134333,0.000000,-0.065957,-0.131125,-0.681045,0.000000,0.484302,-0.085060,-0.030526,0.000000,25.763306,36.739846,-5.092793,1.000000;;
  }
 }
}

AnimTicksPerSecond  {
 4800;
}

AnimationSet Anim1 {
 

 Animation {
  
  { Bip001 }

  AnimationKey S {
   1;
   2;
   0;3;1.000000,1.000000,1.000000;;,
   54880;3;1.000000,1.000000,1.000000;;;
  }

  AnimationKey R {
   0;
   344;
   0;4;0.602259,-0.059587,-0.794792,-0.045153;;,
   160;4;0.602026,-0.065257,-0.794267,-0.049462;;,
   320;4;0.601831,-0.068510,-0.793983,-0.051930;;,
   480;4;0.601822,-0.069013,-0.793921,-0.052314;;,
   640;4;0.601982,-0.067783,-0.793966,-0.051393;;,
   800;4;0.602057,-0.067410,-0.793959,-0.051117;;,
   960;4;0.602035,-0.068596,-0.793815,-0.052024;;,
   1120;4;0.602017,-0.069583,-0.793693,-0.052779;;,
   1280;4;0.602081,-0.069827,-0.793609,-0.052975;;,
   1440;4;0.602217,-0.069869,-0.793499,-0.053026;;,
   1600;4;0.602279,-0.070198,-0.793405,-0.053288;;,
   1760;4;0.602342,-0.070527,-0.793311,-0.053549;;,
   1920;4;0.602478,-0.070568,-0.793201,-0.053600;;,
   2080;4;0.602554,-0.070177,-0.793197,-0.053310;;,
   2240;4;0.602697,-0.069916,-0.793124,-0.053130;;,
   2400;4;0.602836,-0.069807,-0.793032,-0.053065;;,
   2560;4;0.602974,-0.069763,-0.792932,-0.053051;;,
   2720;4;0.603108,-0.069872,-0.792813,-0.053153;;,
   2880;4;0.603254,-0.069460,-0.792759,-0.052856;;,
   3040;4;0.603483,-0.068210,-0.792754,-0.051925;;,
   3200;4;0.603709,-0.067112,-0.792729,-0.051109;;,
   3360;4;0.603855,-0.066700,-0.792672,-0.050812;;,
   3520;4;0.604001,-0.066222,-0.792623,-0.050463;;,
   3680;4;0.604214,-0.065808,-0.792513,-0.050172;;,
   3840;4;0.604259,-0.067040,-0.792315,-0.051128;;,
   4000;4;0.604380,-0.067899,-0.792105,-0.051807;;,
   4160;4;0.604505,-0.068540,-0.791921,-0.052320;;,
   4320;4;0.604630,-0.069115,-0.791745,-0.052781;;,
   4480;4;0.604827,-0.069536,-0.791534,-0.053134;;,
   4640;4;0.605227,-0.069948,-0.791167,-0.053509;;,
   4800;4;0.605829,-0.070400,-0.790636,-0.053944;;,
   4960;4;0.606493,-0.071115,-0.790018,-0.054595;;,
   5120;4;0.607284,-0.072140,-0.789253,-0.055507;;,
   5280;4;0.608078,-0.072997,-0.788507,-0.056293;;,
   5440;4;0.609018,-0.073317,-0.787724,-0.056684;;,
   5600;4;0.609954,-0.073705,-0.786931,-0.057129;;,
   5760;4;0.610888,-0.074147,-0.786129,-0.057618;;,
   5920;4;0.611827,-0.074310,-0.785363,-0.057890;;,
   6080;4;0.612766,-0.074394,-0.784607,-0.058101;;,
   6240;4;0.613631,-0.074684,-0.783876,-0.058464;;,
   6400;4;0.614346,-0.075478,-0.783183,-0.059207;;,
   6560;4;0.614926,-0.076280,-0.782595,-0.059937;;,
   6720;4;0.615431,-0.077250,-0.782036,-0.060793;;,
   6880;4;0.615735,-0.078228,-0.781635,-0.061625;;,
   7040;4;0.615913,-0.078962,-0.781373,-0.062241;;,
   7200;4;0.615888,-0.079733,-0.781264,-0.062855;;,
   7360;4;0.615612,-0.080063,-0.781431,-0.063074;;,
   7520;4;0.615160,-0.079587,-0.781872,-0.062618;;,
   7680;4;0.614516,-0.078814,-0.782513,-0.061894;;,
   7840;4;0.612572,-0.079130,-0.784010,-0.061826;;,
   8000;4;0.609326,-0.080425,-0.786365,-0.062318;;,
   8160;4;0.604717,-0.082353,-0.789657,-0.063065;;,
   8320;4;0.599302,-0.083494,-0.793657,-0.063048;;,
   8480;4;0.594507,-0.082572,-0.797467,-0.061557;;,
   8640;4;0.590375,-0.080738,-0.800872,-0.059517;;,
   8800;4;0.585581,-0.080422,-0.804488,-0.058539;;,
   8960;4;0.579644,-0.082061,-0.808591,-0.058826;;,
   9120;4;0.573960,-0.083307,-0.812506,-0.058848;;,
   9280;4;0.569852,-0.082969,-0.815489,-0.057978;;,
   9440;4;0.566776,-0.083195,-0.817629,-0.057671;;,
   9600;4;0.561999,-0.083661,-0.820900,-0.057276;;,
   9760;4;0.556999,-0.085625,-0.824058,-0.057876;;,
   9920;4;0.552393,-0.085354,-0.827241,-0.056996;;,
   10080;4;0.548158,-0.082109,-0.830569,-0.054190;;,
   10240;4;0.545082,-0.077450,-0.833259,-0.050665;;,
   10400;4;0.543068,-0.073112,-0.835148,-0.047542;;,
   10560;4;0.541135,-0.070008,-0.836793,-0.045273;;,
   10720;4;0.538769,-0.067850,-0.838584,-0.043592;;,
   10880;4;0.536395,-0.065797,-0.840350,-0.041998;;,
   11040;4;0.534090,-0.063791,-0.842046,-0.040461;;,
   11200;4;0.531503,-0.061685,-0.843914,-0.038849;;,
   11360;4;0.529242,-0.060734,-0.845440,-0.038019;;,
   11520;4;0.528567,-0.062090,-0.845728,-0.038805;;,
   11680;4;0.529244,-0.065234,-0.844971,-0.040859;;,
   11840;4;0.528540,-0.068823,-0.845018,-0.043047;;,
   12000;4;0.523668,-0.072164,-0.847689,-0.044580;;,
   12160;4;0.514741,-0.075221,-0.852832,-0.045401;;,
   12320;4;0.504265,-0.078411,-0.858748,-0.046043;;,
   12480;4;0.494521,-0.082188,-0.863992,-0.047042;;,
   12640;4;0.487344,-0.085785,-0.867649,-0.048184;;,
   12800;4;0.484176,-0.088079,-0.869142,-0.049067;;,
   12960;4;0.485465,-0.089593,-0.868209,-0.050097;;,
   13120;4;0.490179,-0.091369,-0.865273,-0.051761;;,
   13280;4;0.496303,-0.094781,-0.861230,-0.054619;;,
   13440;4;0.504291,-0.097583,-0.856075,-0.057483;;,
   13600;4;0.514712,-0.098995,-0.849514,-0.059980;;,
   13760;4;0.526918,-0.099285,-0.841806,-0.062146;;,
   13920;4;0.539151,-0.099605,-0.833815,-0.064406;;,
   14080;4;0.550526,-0.102338,-0.825707,-0.068232;;,
   14240;4;0.561363,-0.105247,-0.817663,-0.072257;;,
   14400;4;0.571414,-0.106056,-0.810336,-0.074786;;,
   14560;4;0.580075,-0.105453,-0.804118,-0.076072;;,
   14720;4;0.586709,-0.104993,-0.799255,-0.077072;;,
   14880;4;0.591411,-0.104940,-0.795699,-0.077998;;,
   15040;4;0.595502,-0.103995,-0.792755,-0.078119;;,
   15200;4;0.599880,-0.101753,-0.789822,-0.077282;;,
   15360;4;0.604674,-0.098799,-0.786664,-0.075942;;,
   15520;4;0.609196,-0.096035,-0.783635,-0.074657;;,
   15680;4;0.611609,-0.094991,-0.781915,-0.074302;;,
   15840;4;0.611240,-0.096113,-0.781987,-0.075127;;,
   16000;4;0.609257,-0.098177,-0.783157,-0.076377;;,
   16160;4;0.606077,-0.100363,-0.785237,-0.077464;;,
   16320;4;0.602020,-0.102891,-0.787912,-0.078616;;,
   16480;4;0.598216,-0.105824,-0.790267,-0.080106;;,
   16640;4;0.595622,-0.108389,-0.791731,-0.081541;;,
   16800;4;0.595200,-0.109176,-0.791887,-0.082059;;,
   16960;4;0.597421,-0.107968,-0.790425,-0.081605;;,
   17120;4;0.600365,-0.106990,-0.788338,-0.081479;;,
   17280;4;0.599826,-0.107373,-0.788677,-0.081662;;,
   17440;4;0.594082,-0.108912,-0.792808,-0.081612;;,
   17600;4;0.586575,-0.110550,-0.798190,-0.081241;;,
   17760;4;0.579637,-0.111783,-0.803129,-0.080677;;,
   17920;4;0.574352,-0.113421,-0.806681,-0.080755;;,
   18080;4;0.571430,-0.115676,-0.808332,-0.081774;;,
   18240;4;0.571096,-0.117194,-0.808243,-0.082808;;,
   18400;4;0.572588,-0.118466,-0.806872,-0.084068;;,
   18560;4;0.574887,-0.118853,-0.805094,-0.084869;;,
   18720;4;0.577539,-0.116480,-0.803663,-0.083706;;,
   18880;4;0.580816,-0.111952,-0.802216,-0.081055;;,
   19040;4;0.586049,-0.107379,-0.799260,-0.078734;;,
   19200;4;0.593278,-0.103858,-0.794493,-0.077555;;,
   19360;4;0.599803,-0.101299,-0.789974,-0.076914;;,
   19520;4;0.602889,-0.100071,-0.787811,-0.076582;;,
   19680;4;0.603456,-0.100790,-0.787219,-0.077263;;,
   19840;4;0.603032,-0.103377,-0.787014,-0.079211;;,
   20000;4;0.601664,-0.106581,-0.787407,-0.081439;;,
   20160;4;0.597541,-0.109348,-0.790030,-0.082706;;,
   20320;4;0.591914,-0.111074,-0.794005,-0.082803;;,
   20480;4;0.589062,-0.112556,-0.795862,-0.083309;;,
   20640;4;0.590871,-0.114072,-0.794138,-0.084874;;,
   20800;4;0.593890,-0.115845,-0.791402,-0.086933;;,
   20960;4;0.592334,-0.118247,-0.792047,-0.088431;;,
   21120;4;0.584348,-0.121007,-0.797518,-0.088663;;,
   21280;4;0.573101,-0.123543,-0.805334,-0.087917;;,
   21440;4;0.564306,-0.125045,-0.811394,-0.086966;;,
   21600;4;0.559896,-0.125278,-0.814497,-0.086118;;,
   21760;4;0.557511,-0.125466,-0.816146,-0.085706;;,
   21920;4;0.555347,-0.126494,-0.817437,-0.085937;;,
   22080;4;0.554167,-0.127984,-0.817924,-0.086713;;,
   22240;4;0.555271,-0.128245,-0.817088,-0.087152;;,
   22400;4;0.558451,-0.127634,-0.814980,-0.087459;;,
   22560;4;0.562868,-0.125580,-0.812304,-0.087018;;,
   22720;4;0.567613,-0.120913,-0.809948,-0.084736;;,
   22880;4;0.572557,-0.114203,-0.807827,-0.080943;;,
   23040;4;0.577980,-0.107273,-0.805298,-0.076992;;,
   23200;4;0.581546,-0.103220,-0.803473,-0.074709;;,
   23360;4;0.582356,-0.102658,-0.802982,-0.074452;;,
   23520;4;0.580221,-0.104599,-0.804181,-0.075468;;,
   23680;4;0.575423,-0.108638,-0.806898,-0.077473;;,
   23840;4;0.570488,-0.113962,-0.809385,-0.080325;;,
   24000;4;0.567331,-0.118317,-0.810729,-0.082796;;,
   24160;4;0.566754,-0.119737,-0.810832,-0.083694;;,
   24320;4;0.570477,-0.118544,-0.808397,-0.083655;;,
   24480;4;0.577471,-0.115839,-0.803855,-0.083216;;,
   24640;4;0.581887,-0.113655,-0.801045,-0.082560;;,
   24800;4;0.579949,-0.112833,-0.802672,-0.081524;;,
   24960;4;0.573454,-0.113455,-0.807332,-0.080588;;,
   25120;4;0.566782,-0.115644,-0.811705,-0.080749;;,
   25280;4;0.561990,-0.119045,-0.814400,-0.082149;;,
   25440;4;0.558480,-0.121755,-0.816295,-0.083300;;,
   25600;4;0.555233,-0.123495,-0.818194,-0.083805;;,
   25760;4;0.551992,-0.125038,-0.820115,-0.084159;;,
   25920;4;0.549165,-0.126433,-0.821762,-0.084493;;,
   26080;4;0.547451,-0.126834,-0.822854,-0.084384;;,
   26240;4;0.547189,-0.125609,-0.823309,-0.083483;;,
   26400;4;0.548004,-0.122324,-0.823469,-0.081405;;,
   26560;4;0.550102,-0.118062,-0.822934,-0.078920;;,
   26720;4;0.553431,-0.113950,-0.821484,-0.076768;;,
   26880;4;0.557682,-0.110599,-0.819201,-0.075292;;,
   27040;4;0.563479,-0.108074,-0.815621,-0.074664;;,
   27200;4;0.570842,-0.106763,-0.810610,-0.075184;;,
   27360;4;0.577168,-0.107623,-0.805824,-0.077084;;,
   27520;4;0.580273,-0.111390,-0.802741,-0.080520;;,
   27680;4;0.580320,-0.118276,-0.801187,-0.085670;;,
   27840;4;0.582208,-0.125829,-0.797981,-0.091805;;,
   28000;4;0.591234,-0.130633,-0.789820,-0.097788;;,
   28160;4;0.591196,-0.130613,-0.789855,-0.097763;;,
   28320;4;0.591051,-0.130423,-0.790017,-0.097582;;,
   28480;4;0.590827,-0.129903,-0.790325,-0.097132;;,
   28640;4;0.590318,-0.129097,-0.790927,-0.096405;;,
   28800;4;0.589179,-0.128178,-0.792039,-0.095461;;,
   28960;4;0.587259,-0.127349,-0.793722,-0.094415;;,
   29120;4;0.584802,-0.126742,-0.795750,-0.093408;;,
   29280;4;0.581953,-0.126499,-0.797973,-0.092559;;,
   29440;4;0.578740,-0.126797,-0.800324,-0.091996;;,
   29600;4;0.575436,-0.127604,-0.802603,-0.091752;;,
   29760;4;0.572317,-0.128501,-0.804705,-0.091606;;,
   29920;4;0.569571,-0.128786,-0.806660,-0.091123;;,
   30080;4;0.567663,-0.128306,-0.808171,-0.090306;;,
   30240;4;0.566712,-0.127151,-0.809139,-0.089238;;,
   30400;4;0.566488,-0.125730,-0.809638,-0.088143;;,
   30560;4;0.566779,-0.123999,-0.809832,-0.086940;;,
   30720;4;0.567794,-0.121330,-0.809708,-0.085221;;,
   30880;4;0.570420,-0.117851,-0.808580,-0.083253;;,
   31040;4;0.575323,-0.115237,-0.805567,-0.082370;;,
   31200;4;0.580721,-0.114028,-0.801833,-0.082616;;,
   31360;4;0.582251,-0.114303,-0.800629,-0.083141;;,
   31520;4;0.577710,-0.116092,-0.803622,-0.083465;;,
   31680;4;0.570567,-0.118596,-0.808319,-0.083716;;,
   31840;4;0.566754,-0.119737,-0.810832,-0.083694;;,
   32000;4;0.567331,-0.118317,-0.810729,-0.082796;;,
   32160;4;0.570488,-0.113962,-0.809385,-0.080325;;,
   32320;4;0.575423,-0.108638,-0.806898,-0.077473;;,
   32480;4;0.580221,-0.104599,-0.804181,-0.075468;;,
   32640;4;0.582356,-0.102658,-0.802982,-0.074452;;,
   32800;4;0.581546,-0.103220,-0.803473,-0.074709;;,
   32960;4;0.577980,-0.107273,-0.805298,-0.076992;;,
   33120;4;0.572557,-0.114203,-0.807827,-0.080943;;,
   33280;4;0.567613,-0.120913,-0.809948,-0.084736;;,
   33440;4;0.562868,-0.125580,-0.812304,-0.087018;;,
   33600;4;0.558451,-0.127634,-0.814980,-0.087459;;,
   33760;4;0.555271,-0.128245,-0.817088,-0.087152;;,
   33920;4;0.554167,-0.127984,-0.817924,-0.086713;;,
   34080;4;0.555347,-0.126494,-0.817437,-0.085937;;,
   34240;4;0.557511,-0.125466,-0.816146,-0.085706;;,
   34400;4;0.559896,-0.125278,-0.814497,-0.086118;;,
   34560;4;0.564306,-0.125045,-0.811394,-0.086966;;,
   34720;4;0.573101,-0.123543,-0.805334,-0.087917;;,
   34880;4;0.584348,-0.121007,-0.797518,-0.088663;;,
   35040;4;0.592334,-0.118247,-0.792047,-0.088431;;,
   35200;4;0.593890,-0.115845,-0.791402,-0.086933;;,
   35360;4;0.590871,-0.114072,-0.794138,-0.084874;;,
   35520;4;0.589062,-0.112556,-0.795862,-0.083309;;,
   35680;4;0.591914,-0.111074,-0.794005,-0.082803;;,
   35840;4;0.597541,-0.109348,-0.790030,-0.082706;;,
   36000;4;0.601664,-0.106581,-0.787407,-0.081439;;,
   36160;4;0.603032,-0.103377,-0.787014,-0.079211;;,
   36320;4;0.603456,-0.100790,-0.787219,-0.077263;;,
   36480;4;0.602889,-0.100071,-0.787811,-0.076582;;,
   36640;4;0.599803,-0.101299,-0.789974,-0.076914;;,
   36800;4;0.593278,-0.103858,-0.794493,-0.077555;;,
   36960;4;0.586049,-0.107379,-0.799260,-0.078734;;,
   37120;4;0.580816,-0.111952,-0.802216,-0.081055;;,
   37280;4;0.577539,-0.116480,-0.803663,-0.083706;;,
   37440;4;0.574887,-0.118853,-0.805094,-0.084869;;,
   37600;4;0.572588,-0.118466,-0.806872,-0.084068;;,
   37760;4;0.571096,-0.117194,-0.808243,-0.082808;;,
   37920;4;0.571430,-0.115676,-0.808332,-0.081774;;,
   38080;4;0.574352,-0.113421,-0.806681,-0.080755;;,
   38240;4;0.579637,-0.111783,-0.803129,-0.080677;;,
   38400;4;0.586575,-0.110550,-0.798190,-0.081241;;,
   38560;4;0.594082,-0.108912,-0.792808,-0.081612;;,
   38720;4;0.599826,-0.107373,-0.788677,-0.081662;;,
   38880;4;0.600365,-0.106990,-0.788338,-0.081479;;,
   39040;4;0.597421,-0.107968,-0.790425,-0.081605;;,
   39200;4;0.595200,-0.109176,-0.791887,-0.082059;;,
   39360;4;0.595622,-0.108389,-0.791731,-0.081541;;,
   39520;4;0.598216,-0.105824,-0.790267,-0.080106;;,
   39680;4;0.602020,-0.102891,-0.787912,-0.078616;;,
   39840;4;0.606077,-0.100363,-0.785237,-0.077464;;,
   40000;4;0.609257,-0.098177,-0.783157,-0.076377;;,
   40160;4;0.611240,-0.096113,-0.781987,-0.075127;;,
   40320;4;0.611609,-0.094991,-0.781915,-0.074302;;,
   40480;4;0.609196,-0.096035,-0.783635,-0.074657;;,
   40640;4;0.604674,-0.098799,-0.786664,-0.075942;;,
   40800;4;0.599880,-0.101753,-0.789822,-0.077282;;,
   40960;4;0.595502,-0.103995,-0.792755,-0.078119;;,
   41120;4;0.591411,-0.104940,-0.795699,-0.077998;;,
   41280;4;0.586709,-0.104993,-0.799255,-0.077072;;,
   41440;4;0.580075,-0.105453,-0.804118,-0.076072;;,
   41600;4;0.571414,-0.106056,-0.810336,-0.074786;;,
   41760;4;0.561363,-0.105247,-0.817663,-0.072257;;,
   41920;4;0.550526,-0.102338,-0.825707,-0.068232;;,
   42080;4;0.539151,-0.099605,-0.833815,-0.064406;;,
   42240;4;0.526918,-0.099285,-0.841806,-0.062146;;,
   42400;4;0.514712,-0.098995,-0.849514,-0.059980;;,
   42560;4;0.504291,-0.097583,-0.856075,-0.057483;;,
   42720;4;0.496303,-0.094781,-0.861230,-0.054619;;,
   42880;4;0.490179,-0.091369,-0.865273,-0.051761;;,
   43040;4;0.485465,-0.089593,-0.868209,-0.050097;;,
   43200;4;0.484176,-0.088079,-0.869142,-0.049067;;,
   43360;4;0.487344,-0.085785,-0.867649,-0.048184;;,
   43520;4;0.494521,-0.082188,-0.863992,-0.047042;;,
   43680;4;0.504265,-0.078411,-0.858748,-0.046043;;,
   43840;4;0.514741,-0.075221,-0.852832,-0.045401;;,
   44000;4;0.523668,-0.072164,-0.847689,-0.044580;;,
   44160;4;0.528540,-0.068823,-0.845018,-0.043047;;,
   44320;4;0.529244,-0.065234,-0.844971,-0.040859;;,
   44480;4;0.528567,-0.062090,-0.845728,-0.038805;;,
   44640;4;0.529242,-0.060734,-0.845440,-0.038019;;,
   44800;4;0.531503,-0.061685,-0.843914,-0.038849;;,
   44960;4;0.534090,-0.063791,-0.842046,-0.040461;;,
   45120;4;0.536395,-0.065797,-0.840350,-0.041998;;,
   45280;4;0.538769,-0.067850,-0.838584,-0.043592;;,
   45440;4;0.541135,-0.070008,-0.836793,-0.045273;;,
   45600;4;0.543068,-0.073112,-0.835148,-0.047542;;,
   45760;4;0.545082,-0.077450,-0.833259,-0.050665;;,
