xof 0303txt 0032
template Frame {
 <3d82ab46-62da-11cf-ab39-0020af71e433>
 [...]
}

template Matrix4x4 {
 <f6f23f45-7686-11cf-8f52-0040333594a3>
 array FLOAT matrix[16];
}

template FrameTransformMatrix {
 <f6f23f41-7686-11cf-8f52-0040333594a3>
 Matrix4x4 frameMatrix;
}

template Vector {
 <3d82ab5e-62da-11cf-ab39-0020af71e433>
 FLOAT x;
 FLOAT y;
 FLOAT z;
}

template MeshFace {
 <3d82ab5f-62da-11cf-ab39-0020af71e433>
 DWORD nFaceVertexIndices;
 array DWORD faceVertexIndices[nFaceVertexIndices];
}

template Mesh {
 <3d82ab44-62da-11cf-ab39-0020af71e433>
 DWORD nVertices;
 array Vector vertices[nVertices];
 DWORD nFaces;
 array MeshFace faces[nFaces];
 [...]
}

template VertexElement {
 <f752461c-1e23-48f6-b9f8-8350850f336f>
 DWORD Type;
 DWORD Method;
 DWORD Usage;
 DWORD UsageIndex;
}

template DeclData {
 <bf22e553-292c-4781-9fea-62bd554bdd93>
 DWORD nElements;
 array VertexElement Elements[nElements];
 DWORD nDWords;
 array DWORD data[nDWords];
}

template XSkinMeshHeader {
 <3cf169ce-ff7c-44ab-93c0-f78f62d172e2>
 WORD nMaxSkinWeightsPerVertex;
 WORD nMaxSkinWeightsPerFace;
 WORD nBones;
}

template SkinWeights {
 <6f0d123b-bad2-4167-a0d0-80224f25fabb>
 STRING transformNodeName;
 DWORD nWeights;
 array DWORD vertexIndices[nWeights];
 array FLOAT weights[nWeights];
 Matrix4x4 matrixOffset;
}

template AnimTicksPerSecond {
 <9e415a43-7ba6-4a73-8743-b73d47e88476>
 DWORD AnimTicksPerSecond;
}

template Animation {
 <3d82ab4f-62da-11cf-ab39-0020af71e433>
 [...]
}

template AnimationSet {
 <3d82ab50-62da-11cf-ab39-0020af71e433>
 [Animation <3d82ab4f-62da-11cf-ab39-0020af71e433>]
}

template FloatKeys {
 <10dd46a9-775b-11cf-8f52-0040333594a3>
 DWORD nValues;
 array FLOAT values[nValues];
}

template TimedFloatKeys {
 <f406b180-7b3b-11cf-8f52-0040333594a3>
 DWORD time;
 FloatKeys tfkeys;
}

template AnimationKey {
 <10dd46a8-775b-11cf-8f52-0040333594a3>
 DWORD keyType;
 DWORD nKeys;
 array TimedFloatKeys keys[nKeys];
}


Frame Bip001 {
 

 FrameTransformMatrix {
  0.267469,0.149107,0.951960,0.000000,-0.040332,0.988821,-0.143548,0.000000,-0.962722,-0.000000,0.270493,0.000000,0.000000,126.293875,0.000000,1.000000;;
 }

 Frame Bip001_Pelvis {
  

  FrameTransformMatrix {
   -0.000000,0.999887,0.015037,0.000000,-0.000001,-0.015037,0.999887,0.000000,1.000000,-0.000000,0.000001,0.000000,0.000000,0.000000,0.000000,1.000000;;
  }

  Frame Bip001_Spine {
   

   FrameTransformMatrix {
    0.998284,-0.008124,0.057998,0.000000,0.014871,0.993038,-0.116858,0.000000,-0.056645,0.117520,0.991454,0.000000,14.261093,-0.215973,-0.012735,1.000000;;
   }

   Frame Bip001_Spine1 {
    

    FrameTransformMatrix {
     1.000000,0.000000,-0.000000,0.000000,0.000000,1.000000,-0.000000,0.000000,0.000000,0.000000,1.000000,0.000000,16.122208,0.000000,-0.012837,1.000000;;
    }

    Frame Bip001_Spine2 {
     

     FrameTransformMatrix {
      0.999914,0.004178,0.012470,0.000000,-0.003859,0.999667,-0.025507,0.000000,-0.012572,0.025456,0.999597,0.000000,16.122390,-0.000326,-0.012833,1.000000;;
     }

     Frame Bip001_Spine3 {
      

      FrameTransformMatrix {
       0.999914,0.004178,0.012470,0.000000,-0.003859,0.999667,-0.025507,0.000000,-0.012572,0.025456,0.999597,0.000000,16.122376,-0.000327,-0.012833,1.000000;;
      }

      Frame Bip001_Neck {
       

       FrameTransformMatrix {
        0.996562,-0.004599,-0.082726,0.000000,0.018395,0.985821,0.166790,0.000000,0.080786,-0.167738,0.982516,0.000000,16.121597,0.001243,-0.007278,1.000000;;
       }

       Frame Bip001_L_Clavicle {
        

        FrameTransformMatrix {
         -0.107946,0.961473,-0.252820,0.000000,0.990766,0.125027,0.052450,0.000000,0.082039,-0.244824,-0.966091,0.000000,-0.019943,4.279050,-0.720686,1.000000;;
        }

        Frame Bip001_L_UpperArm {
         

         FrameTransformMatrix {
          0.590897,-0.753229,0.288942,0.000000,0.750965,0.382684,-0.538150,0.000000,0.294776,0.534976,0.791775,0.000000,16.122222,0.000000,0.000001,1.000000;;
         }

         Frame Bip001_L_Forearm {
          

          FrameTransformMatrix {
           0.590770,-0.000000,-0.806840,0.000000,-0.000000,1.000000,-0.000000,0.000000,0.806840,0.000000,0.590770,0.000000,44.136810,-0.000008,0.000000,1.000000;;
          }

          Frame Bip001_L_Hand {
           

           FrameTransformMatrix {
            0.997875,0.008990,-0.064534,0.000000,0.065052,-0.081135,0.994578,0.000000,0.003706,-0.996663,-0.081547,0.000000,37.683366,0.000008,0.000000,1.000000;;
           }

           Frame Bip001_L_Finger0 {
            

            FrameTransformMatrix {
             0.820473,-0.503828,0.270153,0.000000,0.512024,0.437437,-0.739243,0.000000,0.254276,0.744853,0.616877,0.000000,4.289871,-5.456864,2.394814,1.000000;;
            }

            Frame Bip001_L_Finger01 {
             

             FrameTransformMatrix {
              0.983438,0.181246,-0.000000,0.000000,-0.181246,0.983438,0.000000,0.000000,0.000000,0.000000,1.000000,0.000000,3.875542,0.000004,0.000000,1.000000;;
             }

             Frame Bip001_L_Finger02 {
              

              FrameTransformMatrix {
               0.983438,0.181246,0.000000,0.000000,-0.181246,0.983438,0.000000,0.000000,0.000000,-0.000000,1.000000,0.000000,3.875542,-0.000004,0.000008,1.000000;;
              }

              Frame Bip001_L_Finger0Nub {
               

               FrameTransformMatrix {
                1.000000,-0.000000,0.000000,0.000000,-0.000000,1.000000,0.000000,0.000000,0.000000,0.000000,1.000000,0.000000,3.875534,0.000000,0.000000,1.000000;;
               }
              }
             }
            }
           }

           Frame Bip001_L_Finger1 {
            

            FrameTransformMatrix {
             0.958409,0.003139,-0.285381,0.000000,-0.010497,0.999651,-0.024258,0.000000,0.285205,0.026245,0.958107,0.000000,11.734268,-5.461201,-0.417755,1.000000;;
            }

            Frame Bip001_L_Finger11 {
             

             FrameTransformMatrix {
              0.994239,0.002912,0.107152,0.000000,-0.000000,0.999631,-0.027164,0.000000,-0.107192,0.027008,0.993872,0.000000,4.650642,0.000000,0.000000,1.000000;;
             }

             Frame Bip001_L_Finger12 {
              

              FrameTransformMatrix {
               0.994238,0.002912,0.107152,0.000000,0.000000,0.999631,-0.027164,0.000000,-0.107191,0.027008,0.993872,0.000000,4.650650,0.000000,0.000000,1.000000;;
              }

              Frame Bip001_L_Finger1Nub {
               

               FrameTransformMatrix {
                1.000000,0.000000,0.000000,0.000000,0.000000,1.000000,-0.000000,0.000000,0.000000,0.000000,1.000000,0.000000,4.650642,0.000000,0.000000,1.000000;;
               }
              }
             }
            }
           }

           Frame Bip001_L_Finger2 {
            

            FrameTransformMatrix {
             0.981353,0.057473,-0.183420,0.000000,-0.054546,0.998291,0.020970,0.000000,0.184312,-0.010574,0.982811,0.000000,11.686760,-1.501320,-0.364777,1.000000;;
            }

            Frame Bip001_L_Finger21 {
             

             FrameTransformMatrix {
              0.973419,-0.000000,0.229029,0.000000,0.000000,1.000000,-0.000000,0.000000,-0.229029,0.000000,0.973420,0.000000,4.698425,0.000000,0.000000,1.000000;;
             }

             Frame Bip001_L_Finger22 {
              

              FrameTransformMatrix {
               0.973419,0.000000,0.229029,0.000000,0.000000,1.000000,0.000000,0.000000,-0.229029,-0.000000,0.973419,0.000000,5.425751,0.000000,0.000000,1.000000;;
              }

              Frame Bip001_L_Finger2Nub {
               

               FrameTransformMatrix {
                1.000000,0.000000,-0.000000,0.000000,0.000000,1.000000,0.000000,0.000000,-0.000000,0.000000,1.000000,0.000000,5.425751,0.000000,0.000000,1.000000;;
               }
              }
             }
            }
           }

           Frame Bip001_L_Finger3 {
            

            FrameTransformMatrix {
             0.983158,0.089801,-0.159176,0.000000,-0.084190,0.995578,0.041667,0.000000,0.162213,-0.027564,0.986371,0.000000,11.686188,1.606094,-0.362915,1.000000;;
            }

            Frame Bip001_L_Finger31 {
             

             FrameTransformMatrix {
              0.958189,0.000000,0.286137,0.000000,-0.000000,1.000000,-0.000000,0.000000,-0.286137,-0.000000,0.958189,0.000000,4.316544,-0.000004,0.000000,1.000000;;
             }

             Frame Bip001_L_Finger32 {
              

              FrameTransformMatrix {
               0.958189,0.000000,0.286137,0.000000,-0.000000,1.000000,0.000000,0.000000,-0.286137,-0.000000,0.958189,0.000000,4.650642,0.000004,-0.000004,1.000000;;
              }

              Frame Bip001_L_Finger3Nub {
               

               FrameTransformMatrix {
                1.000000,-0.000000,-0.000000,0.000000,0.000000,1.000000,0.000000,0.000000,-0.000000,0.000000,1.000000,0.000000,4.650642,0.000000,0.000000,1.000000;;
               }
              }
             }
            }
           }

           Frame Bip001_L_Finger4 {
            

            FrameTransformMatrix {
             0.995111,0.042616,0.089099,0.000000,-0.043233,0.999053,0.005008,0.000000,-0.088802,-0.008835,0.996010,0.000000,10.216782,4.386826,-0.631805,1.000000;;
            }

            Frame Bip001_L_Finger41 {
             

             FrameTransformMatrix {
              0.984615,0.000000,0.174737,0.000000,0.000000,1.000000,0.000000,0.000000,-0.174737,0.000000,0.984615,0.000000,3.003716,0.000000,0.000000,1.000000;;
             }

             Frame Bip001_L_Finger42 {
              

              FrameTransformMatrix {
               0.984615,-0.000000,0.174737,0.000000,-0.000000,1.000000,-0.000000,0.000000,-0.174737,-0.000000,0.984615,0.000000,3.003700,-0.000004,0.000004,1.000000;;
              }

              Frame Bip001_L_Finger4Nub {
               

               FrameTransformMatrix {
                1.000000,-0.000000,-0.000000,0.000000,-0.000000,1.000000,0.000000,0.000000,0.000000,0.000000,1.000000,0.000000,3.003708,0.000000,0.000000,1.000000;;
               }
              }
             }
            }
           }
          }
         }
        }
       }

       Frame Bip001_R_Clavicle {
        

        FrameTransformMatrix {
         -0.034289,-0.998029,0.052552,0.000000,-0.996132,0.029872,-0.082632,0.000000,0.080900,-0.055182,-0.995194,0.000000,0.019989,-4.279051,0.735502,1.000000;;
        }

        Frame Bip001_R_UpperArm {
         

         FrameTransformMatrix {
          0.388522,0.894654,0.220558,0.000000,-0.872125,0.279783,0.401398,0.000000,0.297404,-0.348306,0.888951,0.000000,16.122226,0.000015,-0.000001,1.000000;;
         }

         Frame Bip001_R_Forearm {
          

          FrameTransformMatrix {
           0.822029,-0.000000,-0.569445,0.000000,-0.000000,1.000000,0.000000,0.000000,0.569445,-0.000000,0.822029,0.000000,44.136810,0.000000,0.000000,1.000000;;
          }

          Frame Bip001_R_Hand {
           

           FrameTransformMatrix {
            0.996957,-0.008978,-0.077442,0.000000,-0.077936,-0.089694,-0.992916,0.000000,0.001968,0.995929,-0.090121,0.000000,37.683379,0.000000,0.000004,1.000000;;
           }

           Frame Bip001_R_Finger0 {
            

            FrameTransformMatrix {
             0.820473,0.503828,0.270153,0.000000,-0.512024,0.437437,0.739243,0.000000,0.254276,-0.744853,0.616877,0.000000,4.289879,5.456852,2.394806,1.000000;;
            }

            Frame Bip001_R_Finger01 {
             

             FrameTransformMatrix {
              1.000000,0.000000,0.000000,0.000000,-0.000000,1.000000,0.000000,0.000000,0.000000,0.000000,1.000000,0.000000,3.875534,0.000004,0.000008,1.000000;;
             }

             Frame Bip001_R_Finger02 {
              

              FrameTransformMatrix {
               0.040701,-0.366584,0.929494,0.000000,-0.386705,0.851989,0.352950,0.000000,-0.921305,-0.373806,-0.107084,0.000000,3.875526,-0.000002,-0.000008,1.000000;;
              }

              Frame Bip001_R_Finger0Nub {
               

               FrameTransformMatrix {
                -1.000000,-0.000000,0.000000,0.000000,-0.000000,1.000000,0.000000,0.000000,0.000000,0.000000,-1.000000,0.000000,3.875534,-0.000004,0.000000,1.000000;;
               }
              }
             }
            }
           }

           Frame Bip001_R_Finger1 {
            

            FrameTransformMatrix {
             0.928037,0.000297,0.372487,0.000000,0.000000,1.000000,-0.000796,0.000000,-0.372487,0.000739,0.928037,0.000000,11.734268,5.461201,-0.417770,1.000000;;
            }

            Frame Bip001_R_Finger11 {
             

             FrameTransformMatrix {
              0.712000,-0.000000,0.702180,0.000000,0.000000,1.000000,0.000000,0.000000,-0.702180,-0.000000,0.712000,0.000000,4.650650,-0.000004,0.000000,1.000000;;
             }

             Frame Bip001_R_Finger12 {
              

              FrameTransformMatrix {
               0.087608,-0.000000,0.996155,0.000000,0.000000,1.000000,-0.000000,0.000000,-0.996155,0.000000,0.087608,0.000000,4.650635,0.000000,0.000000,1.000000;;
              }

              Frame Bip001_R_Finger1Nub {
               

               FrameTransformMatrix {
                -1.000000,-0.000000,-0.000000,0.000000,-0.000000,1.000000,-0.000000,0.000000,-0.000000,-0.000000,-1.000000,0.000000,4.650646,0.000004,0.000000,1.000000;;
               }
              }
             }
            }
           }

           Frame Bip001_R_Finger2 {
            

            FrameTransformMatrix {
             0.905812,-0.040634,0.421727,0.000000,0.054546,0.998291,-0.020970,0.000000,-0.420154,0.041998,0.906480,0.000000,11.686760,1.501316,-0.364792,1.000000;;
            }

            Frame Bip001_R_Finger21 {
             

             FrameTransformMatrix {
              0.387773,0.000000,0.921755,0.000000,-0.000000,1.000000,-0.000000,0.000000,-0.921755,0.000000,0.387773,0.000000,4.698440,0.000000,0.000002,1.000000;;
             }

             Frame Bip001_R_Finger22 {
              

              FrameTransformMatrix {
               0.280687,0.000000,0.959799,0.000000,-0.000000,1.000000,0.000000,0.000000,-0.959799,-0.000000,0.280687,0.000000,5.425754,0.000000,0.000000,1.000000;;
              }

              Frame Bip001_R_Finger2Nub {
               

               FrameTransformMatrix {
                -1.000000,-0.000000,0.000000,0.000000,-0.000000,1.000000,-0.000000,0.000000,0.000000,-0.000000,-1.000000,0.000000,5.425751,0.000000,0.000000,1.000000;;
               }
              }
             }
            }
           }

           Frame Bip001_R_Finger3 {
            

            FrameTransformMatrix {
             0.928604,-0.054359,0.367070,0.000000,0.078981,0.995499,-0.052381,0.000000,-0.362571,0.077633,0.928717,0.000000,11.686195,-1.606102,-0.362923,1.000000;;
            }

            Frame Bip001_R_Finger31 {
             

             FrameTransformMatrix {
              0.242284,0.011558,0.970136,0.000000,-0.000000,0.999929,-0.011913,0.000000,-0.970205,0.002886,0.242267,0.000000,4.316544,0.000000,0.000000,1.000000;;
             }

             Frame Bip001_R_Finger32 {
              

              FrameTransformMatrix {
               0.242284,0.011558,0.970136,0.000000,0.000000,0.999929,-0.011913,0.000000,-0.970205,0.002886,0.242267,0.000000,4.650646,-0.000004,-0.000008,1.000000;;
              }

              Frame Bip001_R_Finger3Nub {
               

               FrameTransformMatrix {
                -1.000000,0.000000,0.000000,0.000000,0.000000,1.000000,0.000000,0.000000,0.000000,0.000000,-1.000000,0.000000,4.650642,0.000000,0.000000,1.000000;;
               }
              }
             }
            }
           }

           Frame Bip001_R_Finger4 {
            

            FrameTransformMatrix {
             0.928441,-0.013192,0.371246,0.000000,0.038352,0.997433,-0.060473,0.000000,-0.369495,0.070383,0.926563,0.000000,10.216790,-4.386829,-0.631813,1.000000;;
            }

            Frame Bip001_R_Finger41 {
             

             FrameTransformMatrix {
              0.892625,0.025101,0.450100,0.000000,0.000000,0.998449,-0.055681,0.000000,-0.450800,0.049702,0.891240,0.000000,3.003708,0.000000,0.000002,1.000000;;
             }

             Frame Bip001_R_Finger42 {
              

              FrameTransformMatrix {
               0.892625,0.025101,0.450100,0.000000,0.000000,0.998449,-0.055681,0.000000,-0.450800,0.049702,0.891240,0.000000,3.003708,0.000004,0.000000,1.000000;;
              }

              Frame Bip001_R_Finger4Nub {
               

               FrameTransformMatrix {
                -1.000000,-0.000000,-0.000000,0.000000,0.000000,1.000000,-0.000000,0.000000,-0.000000,0.000000,-1.000000,0.000000,3.003700,0.000000,0.000000,1.000000;;
               }
              }
             }
            }
           }
          }
         }
        }
       }

       Frame Bip001_Head {
        

        FrameTransformMatrix {
         0.998924,0.022926,0.040325,0.000000,-0.014051,0.978034,-0.207970,0.000000,-0.044207,0.207179,0.977304,0.000000,15.765397,-0.911514,-0.005148,1.000000;;
        }

        Frame Bip001_HeadNub {
         

         FrameTransformMatrix {
          1.000000,0.000000,0.000000,0.000000,-0.000000,1.000000,-0.000000,0.000000,-0.000000,-0.000000,1.000000,0.000000,29.143997,0.000000,-0.000001,1.000000;;
         }
        }
       }
      }
     }
    }
   }

   Frame Bip001_L_Thigh {
    

    FrameTransformMatrix {
     -0.967190,0.223648,-0.120520,0.000000,-0.250218,-0.920699,0.299507,0.000000,-0.043979,0.319837,0.946452,0.000000,-14.338402,12.316265,2.303279,1.000000;;
    }

    Frame Bip001_L_Calf {
     

     FrameTransformMatrix {
      0.989188,0.000000,-0.146653,0.000000,0.000000,1.000000,-0.000000,0.000000,0.146653,0.000000,0.989188,0.000000,54.040710,0.000000,0.000001,1.000000;;
     }

     Frame Bip001_L_Foot {
      

      FrameTransformMatrix {
       0.978504,0.018071,0.205433,0.000000,-0.018197,0.999834,-0.001280,0.000000,-0.205422,-0.002485,0.978670,0.000000,58.826880,0.000004,-0.000000,1.000000;;
      }

      Frame Bip001_L_Toe0 {
       

       FrameTransformMatrix {
        0.000000,-0.000000,1.000000,0.000000,-0.000000,1.000000,0.000000,0.000000,-1.000000,-0.000000,0.000000,0.000000,14.261973,0.000000,18.354528,1.000000;;
       }

       Frame Bip001_L_Toe01 {
        

        FrameTransformMatrix {
         1.000000,-0.000000,0.000000,0.000000,0.000000,1.000000,0.000000,0.000000,0.000000,0.000000,1.000000,0.000000,1.860256,-0.000004,0.000000,1.000000;;
        }

        Frame Bip001_L_Toe02 {
         

         FrameTransformMatrix {
          1.000000,-0.000000,0.000000,0.000000,0.000000,1.000000,0.000000,0.000000,0.000000,0.000000,1.000000,0.000000,1.860254,0.000000,0.000000,1.000000;;
         }

         Frame Bip001_L_Toe0Nub {
          

          FrameTransformMatrix {
           -1.000000,0.000000,-0.000000,0.000000,-0.000000,1.000000,-0.000000,0.000000,0.000000,-0.000000,-1.000000,0.000000,1.860260,0.000004,0.000000,1.000000;;
          }
         }
        }
       }
      }
     }
    }
   }

   Frame Bip001_R_Thigh {
    

    FrameTransformMatrix {
     -0.982881,-0.147242,-0.110749,0.000000,0.179972,-0.895963,-0.406029,0.000000,-0.039442,-0.419010,0.907125,0.000000,-14.136864,-12.314450,-0.611647,1.000000;;
    }

    Frame Bip001_R_Calf {
     

     FrameTransformMatrix {
      0.985889,0.000000,-0.167399,0.000000,0.000000,1.000000,0.000000,0.000000,0.167399,0.000000,0.985889,0.000000,53.736064,0.000000,-0.000001,1.000000;;
     }

     Frame Bip001_R_Foot {
      

      FrameTransformMatrix {
       0.982267,0.000800,0.187485,0.000000,-0.000803,1.000000,-0.000065,0.000000,-0.187485,-0.000087,0.982267,0.000000,59.151962,-0.000002,0.000000,1.000000;;
      }

      Frame Bip001_R_Toe0 {
       

       FrameTransformMatrix {
        0.000000,-0.000000,1.000000,0.000000,-0.000000,1.000000,0.000000,0.000000,-1.000000,-0.000000,0.000000,0.000000,14.261973,0.000000,18.354526,1.000000;;
       }

       Frame Bip001_R_Toe01 {
        

        FrameTransformMatrix {
         1.000000,-0.000000,-0.000000,0.000000,0.000000,1.000000,0.000000,0.000000,-0.000000,0.000000,1.000000,0.000000,1.860254,0.000000,0.000000,1.000000;;
        }

        Frame Bip001_R_Toe02 {
         

         FrameTransformMatrix {
          1.000000,-0.000000,-0.000000,0.000000,0.000000,1.000000,0.000000,0.000000,-0.000000,0.000000,1.000000,0.000000,1.860256,0.000000,-0.000000,1.000000;;
         }

         Frame Bip001_R_Toe0Nub {
          

          FrameTransformMatrix {
           1.000000,-0.000000,-0.000000,0.000000,0.000000,1.000000,0.000000,0.000000,-0.000000,0.000000,1.000000,0.000000,1.860256,0.000000,0.000000,1.000000;;
          }
         }
        }
       }
      }
     }
    }
   }
  }
 }
}

Frame Box001 {
 

 FrameTransformMatrix {
  0.667112,0.000000,0.000000,0.000000,0.000000,0.696682,0.000000,0.000000,0.000000,0.000000,0.492662,0.000000,0.000000,0.000000,0.000000,1.000000;;
 }

 Mesh Box001 {
  24;
  -28.950320;22.811544;108.445811;,
  -32.527789;22.497912;105.004346;,
  -29.711859;21.584482;104.568326;,
  -31.766253;23.724974;108.881830;,
  -28.469683;24.460562;107.229184;,
  -32.047149;24.146928;103.787706;,
  -31.285613;25.373990;107.665190;,
  -29.231222;23.233499;103.351699;,
  -28.950320;22.811544;108.445811;,
  -31.285613;25.373990;107.665190;,
  -31.766253;23.724974;108.881830;,
  -28.469683;24.460562;107.229184;,
  -31.766253;23.724974;108.881830;,
  -32.047149;24.146928;103.787706;,
  -32.527789;22.497912;105.004346;,
  -31.285613;25.373990;107.665190;,
  -32.527789;22.497912;105.004346;,
  -29.231222;23.233499;103.351699;,
  -29.711859;21.584482;104.568326;,
  -32.047149;24.146928;103.787706;,
  -29.711859;21.584482;104.568326;,
  -28.469683;24.460562;107.229184;,
  -28.950320;22.811544;108.445811;,
  -29.231222;23.233499;103.351699;;
  12;
  3;0,1,2;,
  3;1,0,3;,
  3;4,5,6;,
  3;5,4,7;,
  3;8,9,10;,
  3;9,8,11;,
  3;12,13,14;,
  3;13,12,15;,
  3;16,17,18;,
  3;17,16,19;,
  3;20,21,22;,
  3;21,20,23;;

  DeclData {
   2;
   2;0;3;0;,
   1;0;5;0;;
   120;
   3195603474,
   3211327162,
   1051453177,
   1065353216,
   1065353216,
   3195603474,
   3211327162,
   1051453177,
   0,
   0,
   3195603473,
   3211327162,
   1051453177,
   1065353216,
   0,
   3195603473,
   3211327162,
   1051453177,
   0,
   1065353216,
   1048119956,
   1063843504,
   3198936833,
   0,
   1065353216,
   1048119956,
   1063843504,
   3198936833,
   1065353216,
   0,
   1048119954,
   1063843504,
   3198936833,
   1065353216,
   1065353216,
   1048119954,
   1063843504,
   3198936833,
   0,
   0,
   1049955765,
   1057159015,
   1062138874,
   0,
   1065353216,
   1049955798,
   1057159026,
   1062138861,
   1065353216,
   0,
   1049955857,
   1057159045,
   1062138838,
   1065353216,
   1065353216,
   1049955707,
   1057158996,
   1062138897,
   0,
   0,
   3211826375,
   1051343127,
   1034061598,
   0,
   1065353216,
   3211826375,
   1051343127,
   1034061598,
   1065353216,
   0,
   3211826375,
   1051343128,
   1034061599,
   1065353216,
   1065353216,
   3211826375,
   1051343128,
   1034061599,
   0,
   0,
   3197439422,
   3204642678,
   3209622511,
   0,
   1065353216,
   3197439440,
   3204642658,
   3209622520,
   1065353216,
   0,
   3197439474,
   3204642621,
   3209622537,
   1065353216,
   1065353216,
   3197439387,
   3204642715,
   3209622494,
   0,
   0,
   1064342738,
   3198826705,
   3181545354,
   0,
   1065353216,
   1064342738,
   3198826705,
   3181545354,
   1065353216,
   0,
   1064342738,
   3198826704,
   3181545354,
   1065353216,
   1065353216,
   1064342738,
   3198826704,
   3181545354,
   0,
   0;
  }

  XSkinMeshHeader {
   1;
   1;
   1;
  }

  SkinWeights {
   "Bip001_L_Toe0Nub";
   24;
   0,
   1,
   2,
   3,
   4,
   5,
   6,
   7,
   8,
   9,
   10,
   11,
   12,
   13,
   14,
   15,
   16,
   17,
   18,
   19,
   20,
   21,
   22,
   23;
   1.000000,
   1.000000,
   1.000000,
   1.000000,
   1.000000,
   1.000000,
   1.000000,
   1.000000,
   1.000000,
   1.000000,
   1.000000,
   1.000000,
   1.000000,
   1.000000,
   1.000000,
   1.000000,
   1.000000,
   1.000000,
   1.000000,
   1.000000,
   1.000000,
   1.000000,
   1.000000,
   1.000000;
   0.104812,0.644986,-0.134333,0.000000,-0.065957,-0.131125,-0.681045,0.000000,-0.484303,0.085058,0.030527,0.000000,25.763304,36.739850,-5.092798,1.000000;;
  }
 }
}

AnimTicksPerSecond  {
 4800;
}

AnimationSet Anim1 {
 

 Animation {
  
  { Bip001 }

  AnimationKey S {
   1;
   2;
   0;3;1.000000,1.000000,1.000000;;,
   54880;3;1.000000,1.000000,1.000000;;;
  }

  AnimationKey R {
   0;
   344;
   0;4;0.794793,0.045153,0.602258,-0.059587;;,
   160;4;0.794268,0.049462,0.602025,-0.065257;;,
   320;4;0.793984,0.051930,0.601830,-0.068510;;,
   480;4;0.793922,0.052314,0.601821,-0.069013;;,
   640;4;0.793967,0.051392,0.601981,-0.067783;;,
   800;4;0.793960,0.051117,0.602056,-0.067410;;,
   960;4;0.793815,0.052024,0.602034,-0.068596;;,
   1120;4;0.793694,0.052779,0.602016,-0.069583;;,
   1280;4;0.793610,0.052975,0.602080,-0.069828;;,
   1440;4;0.793500,0.053026,0.602216,-0.069869;;,
   1600;4;0.793406,0.053288,0.602278,-0.070198;;,
   1760;4;0.793312,0.053549,0.602341,-0.070527;;,
   1920;4;0.793202,0.053600,0.602477,-0.070568;;,
   2080;4;0.793198,0.053310,0.602553,-0.070178;;,
   2240;4;0.793125,0.053129,0.602696,-0.069916;;,
   2400;4;0.793033,0.053064,0.602835,-0.069807;;,
   2560;4;0.792933,0.053050,0.602973,-0.069763;;,
   2720;4;0.792814,0.053153,0.603107,-0.069872;;,
   2880;4;0.792760,0.052856,0.603253,-0.069460;;,
   3040;4;0.792755,0.051925,0.603482,-0.068210;;,
   3200;4;0.792730,0.051109,0.603708,-0.067112;;,
   3360;4;0.792673,0.050812,0.603853,-0.066700;;,
   3520;4;0.792624,0.050463,0.604000,-0.066222;;,
   3680;4;0.792514,0.050172,0.604213,-0.065808;;,
   3840;4;0.792315,0.051128,0.604258,-0.067040;;,
   4000;4;0.792106,0.051807,0.604379,-0.067899;;,
   4160;4;0.791922,0.052319,0.604504,-0.068540;;,
   4320;4;0.791746,0.052781,0.604629,-0.069115;;,
   4480;4;0.791535,0.053134,0.604826,-0.069536;;,
   4640;4;0.791168,0.053509,0.605226,-0.069948;;,
   4800;4;0.790637,0.053944,0.605828,-0.070400;;,
   4960;4;0.790019,0.054595,0.606492,-0.071115;;,
   5120;4;0.789254,0.055507,0.607283,-0.072140;;,
   5280;4;0.788508,0.056293,0.608077,-0.072997;;,
   5440;4;0.787725,0.056684,0.609017,-0.073317;;,
   5600;4;0.786931,0.057129,0.609953,-0.073705;;,
   5760;4;0.786130,0.057618,0.610887,-0.074147;;,
   5920;4;0.785364,0.057890,0.611826,-0.074310;;,
   6080;4;0.784608,0.058101,0.612765,-0.074394;;,
   6240;4;0.783877,0.058464,0.613630,-0.074684;;,
   6400;4;0.783184,0.059207,0.614345,-0.075479;;,
   6560;4;0.782596,0.059937,0.614925,-0.076280;;,
   6720;4;0.782037,0.060793,0.615430,-0.077250;;,
   6880;4;0.781636,0.061624,0.615734,-0.078228;;,
   7040;4;0.781373,0.062241,0.615912,-0.078962;;,
   7200;4;0.781265,0.062855,0.615887,-0.079733;;,
   7360;4;0.781432,0.063074,0.615611,-0.080063;;,
   7520;4;0.781873,0.062617,0.615159,-0.079587;;,
   7680;4;0.782514,0.061894,0.614516,-0.078814;;,
   7840;4;0.784011,0.061826,0.612571,-0.079130;;,
   8000;4;0.786366,0.062318,0.609325,-0.080425;;,
   8160;4;0.789658,0.063065,0.604715,-0.082353;;,
   8320;4;0.793658,0.063048,0.599300,-0.083495;;,
   8480;4;0.797468,0.061557,0.594506,-0.082572;;,
   8640;4;0.800873,0.059517,0.590374,-0.080738;;,
   8800;4;0.804489,0.058538,0.585580,-0.080422;;,
   8960;4;0.808591,0.058826,0.579643,-0.082061;;,
   9120;4;0.812507,0.058848,0.573959,-0.083307;;,
   9280;4;0.815490,0.057977,0.569851,-0.082969;;,
   9440;4;0.817630,0.057670,0.566775,-0.083195;;,
   9600;4;0.820901,0.057275,0.561998,-0.083661;;,
   9760;4;0.824058,0.057876,0.556998,-0.085625;;,
   9920;4;0.827242,0.056995,0.552392,-0.085354;;,
   10080;4;0.830570,0.054190,0.548156,-0.082109;;,
   10240;4;0.833259,0.050664,0.545081,-0.077450;;,
   10400;4;0.835149,0.047542,0.543067,-0.073112;;,
   10560;4;0.836794,0.045272,0.541134,-0.070008;;,
   10720;4;0.838585,0.043592,0.538768,-0.067850;;,
   10880;4;0.840350,0.041998,0.536394,-0.065797;;,
   11040;4;0.842047,0.040461,0.534089,-0.063791;;,
   11200;4;0.843914,0.038849,0.531502,-0.061685;;,
   11360;4;0.845441,0.038019,0.529241,-0.060734;;,
   11520;4;0.845729,0.038805,0.528566,-0.062090;;,
   11680;4;0.844972,0.040859,0.529242,-0.065234;;,
   11840;4;0.845019,0.043047,0.528539,-0.068823;;,
   12000;4;0.847690,0.044580,0.523667,-0.072164;;,
   12160;4;0.852833,0.045401,0.514740,-0.075221;;,
   12320;4;0.858749,0.046043,0.504264,-0.078411;;,
   12480;4;0.863992,0.047042,0.494519,-0.082188;;,
   12640;4;0.867650,0.048184,0.487343,-0.085785;;,
   12800;4;0.869143,0.049067,0.484175,-0.088080;;,
   12960;4;0.868210,0.050097,0.485463,-0.089593;;,
   13120;4;0.865274,0.051760,0.490178,-0.091369;;,
   13280;4;0.861231,0.054619,0.496301,-0.094781;;,
   13440;4;0.856075,0.057483,0.504290,-0.097583;;,
   13600;4;0.849515,0.059980,0.514711,-0.098995;;,
   13760;4;0.841807,0.062146,0.526917,-0.099285;;,
   13920;4;0.833815,0.064406,0.539150,-0.099606;;,
   14080;4;0.825708,0.068232,0.550525,-0.102338;;,
   14240;4;0.817664,0.072257,0.561362,-0.105247;;,
   14400;4;0.810337,0.074786,0.571413,-0.106056;;,
   14560;4;0.804118,0.076072,0.580074,-0.105453;;,
   14720;4;0.799256,0.077072,0.586708,-0.104993;;,
   14880;4;0.795700,0.077998,0.591409,-0.104940;;,
   15040;4;0.792756,0.078119,0.595501,-0.103995;;,
   15200;4;0.789823,0.077282,0.599879,-0.101753;;,
   15360;4;0.786665,0.075942,0.604673,-0.098799;;,
   15520;4;0.783636,0.074657,0.609195,-0.096035;;,
   15680;4;0.781916,0.074301,0.611608,-0.094991;;,
   15840;4;0.781988,0.075126,0.611239,-0.096113;;,
   16000;4;0.783158,0.076376,0.609256,-0.098177;;,
   16160;4;0.785238,0.077464,0.606076,-0.100363;;,
   16320;4;0.787912,0.078616,0.602019,-0.102892;;,
   16480;4;0.790268,0.080106,0.598215,-0.105824;;,
   16640;4;0.791732,0.081541,0.595621,-0.108389;;,
   16800;4;0.791888,0.082059,0.595198,-0.109176;;,
   16960;4;0.790426,0.081605,0.597419,-0.107968;;,
   17120;4;0.788339,0.081479,0.600364,-0.106990;;,
   17280;4;0.788678,0.081662,0.599825,-0.107373;;,
   17440;4;0.792809,0.081612,0.594081,-0.108912;;,
   17600;4;0.798191,0.081241,0.586574,-0.110550;;,
   17760;4;0.803130,0.080677,0.579636,-0.111784;;,
   17920;4;0.806682,0.080755,0.574351,-0.113421;;,
   18080;4;0.808332,0.081774,0.571429,-0.115676;;,
   18240;4;0.808244,0.082808,0.571095,-0.117194;;,
   18400;4;0.806873,0.084068,0.572586,-0.118466;;,
   18560;4;0.805094,0.084868,0.574886,-0.118853;;,
   18720;4;0.803664,0.083706,0.577537,-0.116480;;,
   18880;4;0.802217,0.081055,0.580814,-0.111952;;,
   19040;4;0.799261,0.078734,0.586048,-0.107379;;,
   19200;4;0.794494,0.077555,0.593277,-0.103858;;,
   19360;4;0.789975,0.076913,0.599802,-0.101300;;,
   19520;4;0.787811,0.076582,0.602888,-0.100072;;,
   19680;4;0.787219,0.077262,0.603455,-0.100790;;,
   19840;4;0.787015,0.079211,0.603031,-0.103378;;,
   20000;4;0.787407,0.081439,0.601663,-0.106581;;,
   20160;4;0.790031,0.082706,0.597540,-0.109348;;,
   20320;4;0.794006,0.082803,0.591913,-0.111074;;,
   20480;4;0.795863,0.083309,0.589061,-0.112556;;,
   20640;4;0.794139,0.084874,0.590870,-0.114072;;,
   20800;4;0.791403,0.086933,0.593888,-0.115845;;,
   20960;4;0.792048,0.088431,0.592333,-0.118247;;,
   21120;4;0.797518,0.088662,0.584346,-0.121007;;,
   21280;4;0.805335,0.087917,0.573100,-0.123543;;,
   21440;4;0.811394,0.086966,0.564305,-0.125045;;,
   21600;4;0.814498,0.086118,0.559895,-0.125278;;,
   21760;4;0.816147,0.085706,0.557510,-0.125466;;,
   21920;4;0.817438,0.085937,0.555346,-0.126494;;,
   22080;4;0.817925,0.086713,0.554166,-0.127984;;,
   22240;4;0.817089,0.087151,0.555270,-0.128245;;,
   22400;4;0.814981,0.087459,0.558450,-0.127634;;,
   22560;4;0.812305,0.087017,0.562867,-0.125580;;,
   22720;4;0.809948,0.084736,0.567612,-0.120913;;,
   22880;4;0.807828,0.080943,0.572556,-0.114203;;,
   23040;4;0.805298,0.076992,0.577978,-0.107274;;,
   23200;4;0.803474,0.074709,0.581545,-0.103220;;,
   23360;4;0.802983,0.074452,0.582354,-0.102658;;,
   23520;4;0.804182,0.075468,0.580219,-0.104599;;,
   23680;4;0.806898,0.077473,0.575422,-0.108638;;,
   23840;4;0.809385,0.080325,0.570487,-0.113962;;,
   24000;4;0.810730,0.082796,0.567330,-0.118317;;,
   24160;4;0.810833,0.083694,0.566753,-0.119737;;,
   24320;4;0.808398,0.083655,0.570476,-0.118544;;,
   24480;4;0.803856,0.083216,0.577470,-0.115839;;,
   24640;4;0.801046,0.082560,0.581886,-0.113655;;,
   24800;4;0.802672,0.081524,0.579948,-0.112833;;,
   24960;4;0.807333,0.080588,0.573452,-0.113455;;,
   25120;4;0.811706,0.080749,0.566780,-0.115644;;,
   25280;4;0.814401,0.082149,0.561989,-0.119045;;,
   25440;4;0.816296,0.083300,0.558479,-0.121755;;,
   25600;4;0.818195,0.083804,0.555232,-0.123495;;,
   25760;4;0.820115,0.084159,0.551991,-0.125038;;,
   25920;4;0.821763,0.084493,0.549164,-0.126434;;,
   26080;4;0.822855,0.084384,0.547450,-0.126835;;,
   26240;4;0.823310,0.083483,0.547188,-0.125609;;,
   26400;4;0.823470,0.081405,0.548003,-0.122325;;,
   26560;4;0.822935,0.078920,0.550101,-0.118062;;,
   26720;4;0.821485,0.076768,0.553430,-0.113950;;,
   26880;4;0.819201,0.075292,0.557681,-0.110599;;,
   27040;4;0.815621,0.074664,0.563478,-0.108075;;,
   27200;4;0.810611,0.075184,0.570841,-0.106763;;,
   27360;4;0.805825,0.077084,0.577167,-0.107623;;,
   27520;4;0.802742,0.080520,0.580271,-0.111390;;,
   27680;4;0.801187,0.085670,0.580319,-0.118276;;,
   27840;4;0.797981,0.091805,0.582207,-0.125829;;,
   28000;4;0.789820,0.097788,0.591233,-0.130634;;,
   28160;4;0.789856,0.097762,0.591195,-0.130613;;,
   28320;4;0.790018,0.097582,0.591050,-0.130424;;,
   28480;4;0.790326,0.097132,0.590826,-0.129903;;,
   28640;4;0.790927,0.096405,0.590317,-0.129098;;,
   28800;4;0.792040,0.095460,0.589178,-0.128178;;,
   28960;4;0.793723,0.094415,0.587258,-0.127349;;,
   29120;4;0.795751,0.093408,0.584801,-0.126742;;,
   29280;4;0.797974,0.092559,0.581952,-0.126499;;,
   29440;4;0.800325,0.091996,0.578739,-0.126797;;,
   29600;4;0.802604,0.091752,0.575435,-0.127604;;,
   29760;4;0.804705,0.091606,0.572316,-0.128501;;,
   29920;4;0.806661,0.091122,0.569570,-0.128786;;,
   30080;4;0.808172,0.090306,0.567662,-0.128307;;,
   30240;4;0.809140,0.089238,0.566711,-0.127152;;,
   30400;4;0.809639,0.088143,0.566487,-0.125730;;,
   30560;4;0.809832,0.086940,0.566778,-0.123999;;,
   30720;4;0.809709,0.085221,0.567793,-0.121330;;,
   30880;4;0.808581,0.083253,0.570419,-0.117851;;,
   31040;4;0.805568,0.082370,0.575322,-0.115237;;,
   31200;4;0.801833,0.082616,0.580720,-0.114029;;,
   31360;4;0.800629,0.083141,0.582250,-0.114303;;,
   31520;4;0.803622,0.083465,0.577709,-0.116092;;,
   31680;4;0.808320,0.083716,0.570566,-0.118596;;,
   31840;4;0.810833,0.083694,0.566753,-0.119737;;,
   32000;4;0.810730,0.082796,0.567330,-0.118317;;,
   32160;4;0.809385,0.080325,0.570487,-0.113962;;,
   32320;4;0.806898,0.077473,0.575422,-0.108638;;,
   32480;4;0.804182,0.075468,0.580219,-0.104599;;,
   32640;4;0.802983,0.074452,0.582354,-0.102658;;,
   32800;4;0.803474,0.074709,0.581545,-0.103220;;,
   32960;4;0.805298,0.076992,0.577978,-0.107274;;,
   33120;4;0.807828,0.080943,0.572556,-0.114203;;,
   33280;4;0.809948,0.084736,0.567612,-0.120913;;,
   33440;4;0.812305,0.087017,0.562867,-0.125580;;,
   33600;4;0.814981,0.087459,0.558450,-0.127634;;,
   33760;4;0.817089,0.087151,0.555270,-0.128245;;,
   33920;4;0.817925,0.086713,0.554166,-0.127984;;,
   34080;4;0.817438,0.085937,0.555346,-0.126494;;,
   34240;4;0.816147,0.085706,0.557510,-0.125466;;,
   34400;4;0.814498,0.086118,0.559895,-0.125278;;,
   34560;4;0.811394,0.086966,0.564305,-0.125045;;,
   34720;4;0.805335,0.087917,0.573100,-0.123543;;,
   34880;4;0.797518,0.088662,0.584346,-0.121007;;,
   35040;4;0.792048,0.088431,0.592333,-0.118247;;,
   35200;4;0.791403,0.086933,0.593888,-0.115845;;,
   35360;4;0.794139,0.084874,0.590870,-0.114072;;,
   35520;4;0.795863,0.083309,0.589061,-0.112556;;,
   35680;4;0.794006,0.082803,0.591913,-0.111074;;,
   35840;4;0.790031,0.082706,0.597540,-0.109348;;,
   36000;4;0.787407,0.081439,0.601663,-0.106581;;,
   36160;4;0.787015,0.079211,0.603031,-0.103378;;,
   36320;4;0.787219,0.077262,0.603455,-0.100790;;,
   36480;4;0.787811,0.076582,0.602888,-0.100072;;,
   36640;4;0.789975,0.076913,0.599802,-0.101300;;,
   36800;4;0.794494,0.077555,0.593277,-0.103858;;,
   36960;4;0.799261,0.078734,0.586048,-0.107379;;,
   37120;4;0.802217,0.081055,0.580814,-0.111952;;,
   37280;4;0.803664,0.083706,0.577537,-0.116480;;,
   37440;4;0.805094,0.084868,0.574886,-0.118853;;,
   37600;4;0.806873,0.084068,0.572586,-0.118466;;,
   37760;4;0.808244,0.082808,0.571095,-0.117194;;,
   37920;4;0.808332,0.081774,0.571429,-0.115676;;,
   38080;4;0.806682,0.080755,0.574351,-0.113421;;,
   38240;4;0.803130,0.080677,0.579636,-0.111784;;,
   38400;4;0.798191,0.081241,0.586574,-0.110550;;,
   38560;4;0.792809,0.081612,0.594081,-0.108912;;,
   38720;4;0.788678,0.081662,0.599825,-0.107373;;,
   38880;4;0.788339,0.081479,0.600364,-0.106990;;,
   39040;4;0.790426,0.081605,0.597419,-0.107968;;,
   39200;4;0.791888,0.082059,0.595198,-0.109176;;,
   39360;4;0.791732,0.081541,0.595621,-0.108389;;,
   39520;4;0.790268,0.080106,0.598215,-0.105824;;,
   39680;4;0.787912,0.078616,0.602019,-0.102892;;,
   39840;4;0.785238,0.077464,0.606076,-0.100363;;,
   40000;4;0.783158,0.076376,0.609256,-0.098177;;,
   40160;4;0.781988,0.075126,0.611239,-0.096113;;,
   40320;4;0.781916,0.074301,0.611608,-0.094991;;,
   40480;4;0.783636,0.074657,0.609195,-0.096035;;,
   40640;4;0.786665,0.075942,0.604673,-0.098799;;,
   40800;4;0.789823,0.077282,0.599879,-0.101753;;,
   40960;4;0.792756,0.078119,0.595501,-0.103995;;,
   41120;4;0.795700,0.077998,0.591409,-0.104940;;,
   41280;4;0.799256,0.077072,0.586708,-0.104993;;,
   41440;4;0.804118,0.076072,0.580074,-0.105453;;,
   41600;4;0.810337,0.074786,0.571413,-0.106056;;,
   41760;4;0.817664,0.072257,0.561362,-0.105247;;,
   41920;4;0.825708,0.068232,0.550525,-0.102338;;,
   42080;4;0.833815,0.064406,0.539150,-0.099606;;,
   42240;4;0.841807,0.062146,0.526917,-0.099285;;,
   42400;4;0.849515,0.059980,0.514711,-0.098995;;,
   42560;4;0.856075,0.057483,0.504290,-0.097583;;,
   42720;4;0.861231,0.054619,0.496301,-0.094781;;,
   42880;4;0.865274,0.051760,0.490178,-0.091369;;,
   43040;4;0.868210,0.050097,0.485463,-0.089593;;,
   43200;4;0.869143,0.049067,0.484175,-0.088080;;,
   43360;4;0.867650,0.048184,0.487343,-0.085785;;,
   43520;4;0.863992,0.047042,0.494519,-0.082188;;,
   43680;4;0.858749,0.046043,0.504264,-0.078411;;,
   43840;4;0.852833,0.045401,0.514740,-0.075221;;,
   44000;4;0.847690,0.044580,0.523667,-0.072164;;,
   44160;4;0.845019,0.043047,0.528539,-0.068823;;,
   44320;4;0.844972,0.040859,0.529242,-0.065234;;,
   44480;4;0.845729,0.038805,0.528566,-0.062090;;,
   44640;4;0.845441,0.038019,0.529241,-0.060734;;,
   44800;4;0.843914,0.038849,0.531502,-0.061685;;,
   44960;4;0.842047,0.040461,0.534089,-0.063791;;,
   45120;4;0.840350,0.041998,0.536394,-0.065797;;,
   45280;4;0.838585,0.043592,0.538768,-0.067850;;,
   45440;4;0.836794,0.045272,0.541134,-0.070008;;,
   45600;4;0.835149,0.047542,0.543067,-0.073112;;,
   45760;4;0.833259,0.050664,0.545081,-0.077450;;,
   45920;4;0.830570,0.054190,0.548156,-0.082109;;,
   46080;4;0.827242,0.056995,0.552392,-0.085354;;,
   46240;4;0.824058,0.057876,0.556998,-0.085625;;,
   46400;4;0.820901,0.057275,0.561998,-0.083661;;,
   46560;4;0.817630,0.057670,0.566775,-0.083195;;,
   46720;4;0.815490,0.057977,0.569851,-0.082969;;,
   46880;4;0.812507,0.058848,0.573959,-0.083307;;,
   47040;4;0.808591,0.058826,0.579643,-0.082061;;,
   47200;4;0.804489,0.058538,0.585580,-0.080422;;,
   47360;4;0.800873,0.059517,0.590374,-0.080738;;,
   47520;4;0.797468,0.061557,0.594506,-0.082572;;,
