xof 0303txt 0032
template Frame {
 <3d82ab46-62da-11cf-ab39-0020af71e433>
 [...]
}

template Matrix4x4 {
 <f6f23f45-7686-11cf-8f52-0040333594a3>
 array FLOAT matrix[16];
}

template FrameTransformMatrix {
 <f6f23f41-7686-11cf-8f52-0040333594a3>
 Matrix4x4 frameMatrix;
}

template Vector {
 <3d82ab5e-62da-11cf-ab39-0020af71e433>
 FLOAT x;
 FLOAT y;
 FLOAT z;
}

template MeshFace {
 <3d82ab5f-62da-11cf-ab39-0020af71e433>
 DWORD nFaceVertexIndices;
 array DWORD faceVertexIndices[nFaceVertexIndices];
}

template Mesh {
 <3d82ab44-62da-11cf-ab39-0020af71e433>
 DWORD nVertices;
 array Vector vertices[nVertices];
 DWORD nFaces;
 array MeshFace faces[nFaces];
 [...]
}

template ColorRGBA {
 <35ff44e0-6c7c-11cf-8f52-0040333594a3>
 FLOAT red;
 FLOAT green;
 FLOAT blue;
 FLOAT alpha;
}

template ColorRGB {
 <d3e16e81-7835-11cf-8f52-0040333594a3>
 FLOAT red;
 FLOAT green;
 FLOAT blue;
}

template Material {
 <3d82ab4d-62da-11cf-ab39-0020af71e433>
 ColorRGBA faceColor;
 FLOAT power;
 ColorRGB specularColor;
 ColorRGB emissiveColor;
 [...]
}

template MeshMaterialList {
 <f6f23f42-7686-11cf-8f52-0040333594a3>
 DWORD nMaterials;
 DWORD nFaceIndexes;
 array DWORD faceIndexes[nFaceIndexes];
 [Material <3d82ab4d-62da-11cf-ab39-0020af71e433>]
}

template VertexElement {
 <f752461c-1e23-48f6-b9f8-8350850f336f>
 DWORD Type;
 DWORD Method;
 DWORD Usage;
 DWORD UsageIndex;
}

template DeclData {
 <bf22e553-292c-4781-9fea-62bd554bdd93>
 DWORD nElements;
 array VertexElement Elements[nElements];
 DWORD nDWords;
 array DWORD data[nDWords];
}

template XSkinMeshHeader {
 <3cf169ce-ff7c-44ab-93c0-f78f62d172e2>
 WORD nMaxSkinWeightsPerVertex;
 WORD nMaxSkinWeightsPerFace;
 WORD nBones;
}

template SkinWeights {
 <6f0d123b-bad2-4167-a0d0-80224f25fabb>
 STRING transformNodeName;
 DWORD nWeights;
 array DWORD vertexIndices[nWeights];
 array FLOAT weights[nWeights];
 Matrix4x4 matrixOffset;
}

template AnimTicksPerSecond {
 <9e415a43-7ba6-4a73-8743-b73d47e88476>
 DWORD AnimTicksPerSecond;
}

template Animation {
 <3d82ab4f-62da-11cf-ab39-0020af71e433>
 [...]
}

template AnimationSet {
 <3d82ab50-62da-11cf-ab39-0020af71e433>
 [Animation <3d82ab4f-62da-11cf-ab39-0020af71e433>]
}

template FloatKeys {
 <10dd46a9-775b-11cf-8f52-0040333594a3>
 DWORD nValues;
 array FLOAT values[nValues];
}

template TimedFloatKeys {
 <f406b180-7b3b-11cf-8f52-0040333594a3>
 DWORD time;
 FloatKeys tfkeys;
}

template AnimationKey {
 <10dd46a8-775b-11cf-8f52-0040333594a3>
 DWORD keyType;
 DWORD nKeys;
 array TimedFloatKeys keys[nKeys];
}


Frame Bip001 {
 

 FrameTransformMatrix {
  0.011756,0.000000,0.999931,0.000000,-0.000000,1.000000,-0.000000,0.000000,-0.999931,-0.000000,0.011756,0.000000,0.000000,121.765773,0.000000,1.000000;;
 }

 Frame Bip001_Pelvis {
  

  FrameTransformMatrix {
   0.000000,0.998049,-0.062430,0.000000,-0.000001,0.062430,0.998049,0.000000,1.000000,0.000000,0.000001,0.000000,0.000000,0.000000,0.000000,1.000000;;
  }

  Frame Bip001_Spine {
   

   FrameTransformMatrix {
    0.946006,-0.002780,0.324139,0.000000,-0.103750,0.944763,0.310901,0.000000,-0.307099,-0.327744,0.893462,0.000000,14.238098,0.894576,-0.011476,1.000000;;
   }

   Frame Bip001_Spine1 {
    

    FrameTransformMatrix {
     0.997733,0.065030,0.017316,0.000000,-0.066914,0.986042,0.152458,0.000000,-0.007160,-0.153271,0.988158,0.000000,16.122299,0.001967,-0.012684,1.000000;;
    }

    Frame Bip001_Spine2 {
     

     FrameTransformMatrix {
      0.997641,0.065549,0.020388,0.000000,-0.068621,0.960371,0.270146,0.000000,-0.001873,-0.270908,0.962603,0.000000,16.122253,0.003477,-0.012360,1.000000;;
     }

     Frame Bip001_Spine3 {
      

      FrameTransformMatrix {
       0.999957,0.001862,0.009120,0.000000,-0.004968,0.935325,0.353756,0.000000,-0.007871,-0.353786,0.935293,0.000000,16.122315,0.004543,-0.012009,1.000000;;
      }

      Frame Bip001_Neck {
       

       FrameTransformMatrix {
        0.914363,0.068046,0.399136,0.000000,-0.056589,0.997578,-0.040432,0.000000,-0.400921,0.014383,0.916000,0.000000,16.125198,-0.000107,-0.006786,1.000000;;
       }

       Frame Bip001_L_Clavicle {
        

        FrameTransformMatrix {
         -0.314372,0.933880,-0.170405,0.000000,0.861018,0.204911,-0.465467,0.000000,-0.399772,-0.293052,-0.868506,0.000000,0.295364,4.330086,0.069832,1.000000;;
        }

        Frame Bip001_L_UpperArm {
         

         FrameTransformMatrix {
          0.000542,-0.573227,-0.819396,0.000000,-0.411925,0.746520,-0.522518,0.000000,0.911218,0.337813,-0.235722,0.000000,16.122230,0.000000,0.000004,1.000000;;
         }

         Frame Bip001_L_Forearm {
          

          FrameTransformMatrix {
           0.643093,-0.000000,-0.765789,0.000000,0.000000,1.000000,0.000000,0.000000,0.765789,0.000000,0.643093,0.000000,44.136819,0.000000,0.000000,1.000000;;
          }

          Frame Bip001_L_Hand {
           

           FrameTransformMatrix {
            0.826350,0.488459,0.280272,0.000000,-0.533179,0.838800,0.110154,0.000000,-0.181287,-0.240462,0.953579,0.000000,37.683370,0.000000,0.000008,1.000000;;
           }

           Frame Bip001_L_Finger0 {
            

            FrameTransformMatrix {
             0.819792,-0.208733,0.533265,0.000000,0.571953,0.252143,-0.780573,0.000000,0.028472,0.944910,0.326090,0.000000,4.289875,-5.456848,2.394806,1.000000;;
            }

            Frame Bip001_L_Finger01 {
             

             FrameTransformMatrix {
              0.908864,-0.000000,0.417094,0.000000,0.000000,1.000000,0.000000,0.000000,-0.417094,0.000000,0.908864,0.000000,3.875538,-0.000015,-0.000008,1.000000;;
             }

             Frame Bip001_L_Finger02 {
              

              FrameTransformMatrix {
               0.979855,0.000000,0.199710,0.000000,0.000000,1.000000,0.000000,0.000000,-0.199710,-0.000000,0.979855,0.000000,3.875530,0.000031,0.000015,1.000000;;
              }

              Frame Bip001_L_Finger0Nub {
               

               FrameTransformMatrix {
                1.000000,0.000000,-0.000000,0.000000,0.000000,1.000000,0.000000,0.000000,-0.000000,-0.000000,1.000000,0.000000,3.875530,-0.000015,-0.000008,1.000000;;
               }
              }
             }
            }
           }

           Frame Bip001_L_Finger1 {
            

            FrameTransformMatrix {
             0.999481,-0.000026,0.032220,0.000000,-0.000000,1.000000,0.000796,0.000000,-0.032220,-0.000796,0.999481,0.000000,11.734272,-5.461197,-0.417755,1.000000;;
            }

            Frame Bip001_L_Finger11 {
             

             FrameTransformMatrix {
              0.361810,-0.000000,0.932252,0.000000,-0.000000,1.000000,-0.000000,0.000000,-0.932252,0.000000,0.361810,0.000000,4.650650,0.000008,0.000000,1.000000;;
             }

             Frame Bip001_L_Finger12 {
              

              FrameTransformMatrix {
               0.300231,0.000000,0.953867,0.000000,-0.000000,1.000000,0.000000,0.000000,-0.953867,0.000000,0.300231,0.000000,4.650635,0.000000,0.000000,1.000000;;
              }

              Frame Bip001_L_Finger1Nub {
               

               FrameTransformMatrix {
                1.000000,-0.000000,0.000000,0.000000,0.000000,1.000000,0.000000,0.000000,-0.000000,0.000000,1.000000,0.000000,4.650650,0.000000,0.000008,1.000000;;
               }
              }
             }
            }
           }

           Frame Bip001_L_Finger2 {
            

            FrameTransformMatrix {
             0.998501,0.054439,0.005635,0.000000,-0.054546,0.998291,0.020970,0.000000,-0.004484,-0.021246,0.999764,0.000000,11.686764,-1.501312,-0.364784,1.000000;;
            }

            Frame Bip001_L_Finger21 {
             

             FrameTransformMatrix {
              0.348076,0.000000,0.937466,0.000000,0.000000,1.000000,-0.000000,0.000000,-0.937466,0.000000,0.348076,0.000000,4.698425,0.000000,0.000008,1.000000;;
             }

             Frame Bip001_L_Finger22 {
              

              FrameTransformMatrix {
               0.030602,0.000000,0.999532,0.000000,0.000000,1.000000,0.000000,0.000000,-0.999532,0.000000,0.030602,0.000000,5.425743,0.000015,0.000000,1.000000;;
              }

              Frame Bip001_L_Finger2Nub {
               

               FrameTransformMatrix {
                1.000000,0.000000,0.000000,0.000000,0.000000,1.000000,0.000000,0.000000,0.000000,0.000000,1.000000,0.000000,5.425751,-0.000008,-0.000008,1.000000;;
               }
              }
             }
            }
           }

           Frame Bip001_L_Finger3 {
            

            FrameTransformMatrix {
             0.995686,0.085688,-0.035586,0.000000,-0.084190,0.995578,0.041667,0.000000,0.038999,-0.038491,0.998498,0.000000,11.686199,1.606110,-0.362915,1.000000;;
            }

            Frame Bip001_L_Finger31 {
             

             FrameTransformMatrix {
              0.419784,-0.000000,0.907624,0.000000,-0.000000,1.000000,0.000000,0.000000,-0.907624,-0.000000,0.419784,0.000000,4.316536,-0.000008,0.000000,1.000000;;
             }

             Frame Bip001_L_Finger32 {
              

              FrameTransformMatrix {
               0.000102,0.000000,1.000000,0.000000,0.000000,1.000000,0.000000,0.000000,-1.000000,0.000000,0.000102,0.000000,4.650642,-0.000015,0.000008,1.000000;;
              }

              Frame Bip001_L_Finger3Nub {
               

               FrameTransformMatrix {
                1.000000,0.000000,0.000000,0.000000,0.000000,1.000000,0.000000,0.000000,0.000000,0.000000,1.000000,0.000000,4.650642,0.000000,0.000004,1.000000;;
               }
              }
             }
            }
           }

           Frame Bip001_L_Finger4 {
            

            FrameTransformMatrix {
             0.964643,0.040438,0.260439,0.000000,-0.043233,0.999052,0.005008,0.000000,-0.259990,-0.016090,0.965477,0.000000,10.216786,4.386833,-0.631813,1.000000;;
            }

            Frame Bip001_L_Finger41 {
             

             FrameTransformMatrix {
              0.392584,-0.000000,0.919716,0.000000,0.000000,1.000000,0.000000,0.000000,-0.919716,-0.000000,0.392584,0.000000,3.003716,-0.000008,0.000008,1.000000;;
             }

             Frame Bip001_L_Finger42 {
              

              FrameTransformMatrix {
               0.022317,0.000000,0.999751,0.000000,-0.000000,1.000000,-0.000000,0.000000,-0.999751,-0.000000,0.022317,0.000000,3.003700,-0.000008,-0.000008,1.000000;;
              }

              Frame Bip001_L_Finger4Nub {
               

               FrameTransformMatrix {
                1.000000,0.000000,0.000000,0.000000,0.000000,1.000000,0.000000,0.000000,0.000000,-0.000000,1.000000,0.000000,3.003708,0.000000,-0.000008,1.000000;;
               }
              }
             }
            }
           }
          }
         }
        }
       }

       Frame Bip001_R_Clavicle {
        

        FrameTransformMatrix {
         -0.308141,-0.951315,0.006988,0.000000,-0.866331,0.283633,0.411124,0.000000,-0.393091,0.120631,-0.911552,0.000000,-0.295349,-4.330086,-0.055000,1.000000;;
        }

        Frame Bip001_R_UpperArm {
         

         FrameTransformMatrix {
          0.249106,0.842421,-0.477780,0.000000,-0.528267,0.531671,0.662013,0.000000,0.811715,0.087484,0.577465,0.000000,16.122229,0.000000,0.000001,1.000000;;
         }

         Frame Bip001_R_Forearm {
          

          FrameTransformMatrix {
           0.655402,-0.000000,-0.755280,0.000000,0.000000,1.000000,0.000000,0.000000,0.755280,0.000000,0.655402,0.000000,44.136826,-0.000008,-0.000002,1.000000;;
          }

          Frame Bip001_R_Hand {
           

           FrameTransformMatrix {
            0.981935,-0.181986,0.051817,0.000000,-0.072198,-0.107213,0.991611,0.000000,-0.174904,-0.977439,-0.118415,0.000000,37.683366,0.000008,-0.000008,1.000000;;
           }

           Frame Bip001_R_Finger0 {
            

            FrameTransformMatrix {
             0.819792,0.208733,0.533265,0.000000,-0.571953,0.252143,0.780572,0.000000,0.028472,-0.944910,0.326090,0.000000,4.289871,5.456852,2.394821,1.000000;;
            }

            Frame Bip001_R_Finger01 {
             

             FrameTransformMatrix {
              0.908864,0.000000,0.417094,0.000000,-0.000000,1.000000,-0.000000,0.000000,-0.417094,-0.000000,0.908864,0.000000,3.875534,0.000000,0.000008,1.000000;;
             }

             Frame Bip001_R_Finger02 {
              

              FrameTransformMatrix {
               0.979855,-0.000000,0.199710,0.000000,-0.000000,1.000000,0.000000,0.000000,-0.199710,0.000000,0.979855,0.000000,3.875526,-0.000015,-0.000015,1.000000;;
              }

              Frame Bip001_R_Finger0Nub {
               

               FrameTransformMatrix {
                -1.000000,0.000000,0.000000,0.000000,0.000000,1.000000,-0.000000,0.000000,0.000000,0.000000,-1.000000,0.000000,3.875542,0.000000,0.000004,1.000000;;
               }
              }
             }
            }
           }

           Frame Bip001_R_Finger1 {
            

            FrameTransformMatrix {
             0.999481,0.000026,0.032220,0.000000,0.000000,1.000000,-0.000796,0.000000,-0.032220,0.000796,0.999480,0.000000,11.734268,5.461197,-0.417755,1.000000;;
            }

            Frame Bip001_R_Finger11 {
             

             FrameTransformMatrix {
              0.361810,-0.000000,0.932252,0.000000,-0.000000,1.000000,0.000000,0.000000,-0.932252,0.000000,0.361810,0.000000,4.650654,-0.000004,0.000000,1.000000;;
             }

             Frame Bip001_R_Finger12 {
              

              FrameTransformMatrix {
               0.300231,-0.000000,0.953867,0.000000,0.000000,1.000000,-0.000000,0.000000,-0.953867,-0.000000,0.300231,0.000000,4.650642,-0.000004,0.000000,1.000000;;
              }

              Frame Bip001_R_Finger1Nub {
               

               FrameTransformMatrix {
                -1.000000,0.000000,-0.000000,0.000000,0.000000,1.000000,0.000000,0.000000,0.000000,0.000000,-1.000000,0.000000,4.650642,0.000000,0.000000,1.000000;;
               }
              }
             }
            }
           }

           Frame Bip001_R_Finger2 {
            

            FrameTransformMatrix {
             0.998501,-0.054439,0.005635,0.000000,0.054546,0.998291,-0.020970,0.000000,-0.004483,0.021246,0.999764,0.000000,11.686767,1.501316,-0.364777,1.000000;;
            }

            Frame Bip001_R_Finger21 {
             

             FrameTransformMatrix {
              0.348076,0.000000,0.937466,0.000000,0.000000,1.000000,0.000000,0.000000,-0.937466,0.000000,0.348076,0.000000,4.698437,0.000008,-0.000008,1.000000;;
             }

             Frame Bip001_R_Finger22 {
              

              FrameTransformMatrix {
               0.030602,0.000000,0.999532,0.000000,0.000000,1.000000,0.000000,0.000000,-0.999532,-0.000000,0.030602,0.000000,5.425758,-0.000008,0.000004,1.000000;;
              }

              Frame Bip001_R_Finger2Nub {
               

               FrameTransformMatrix {
                -1.000000,-0.000000,0.000000,0.000000,0.000000,1.000000,-0.000000,0.000000,-0.000000,-0.000000,-1.000000,0.000000,5.425754,0.000008,0.000000,1.000000;;
               }
              }
             }
            }
           }

           Frame Bip001_R_Finger3 {
            

            FrameTransformMatrix {
             0.995686,-0.085688,-0.035586,0.000000,0.084190,0.995578,-0.041667,0.000000,0.038999,0.038491,0.998498,0.000000,11.686195,-1.606094,-0.362915,1.000000;;
            }

            Frame Bip001_R_Finger31 {
             

             FrameTransformMatrix {
              0.419784,-0.000000,0.907624,0.000000,0.000000,1.000000,0.000000,0.000000,-0.907624,0.000000,0.419784,0.000000,4.316544,-0.000008,0.000000,1.000000;;
             }

             Frame Bip001_R_Finger32 {
              

              FrameTransformMatrix {
               0.000102,0.000000,1.000000,0.000000,0.000000,1.000000,0.000000,0.000000,-1.000000,-0.000000,0.000102,0.000000,4.650642,0.000000,0.000000,1.000000;;
              }

              Frame Bip001_R_Finger3Nub {
               

               FrameTransformMatrix {
                -1.000000,-0.000000,-0.000000,0.000000,0.000000,1.000000,0.000000,0.000000,0.000000,0.000000,-1.000000,0.000000,4.650650,0.000000,0.000000,1.000000;;
               }
              }
             }
            }
           }

           Frame Bip001_R_Finger4 {
            

            FrameTransformMatrix {
             0.964643,-0.040438,0.260439,0.000000,0.043233,0.999053,-0.005008,0.000000,-0.259990,0.016090,0.965477,0.000000,10.216786,-4.386826,-0.631798,1.000000;;
            }

            Frame Bip001_R_Finger41 {
             

             FrameTransformMatrix {
              0.392584,0.000000,0.919717,0.000000,0.000000,1.000000,-0.000000,0.000000,-0.919716,-0.000000,0.392584,0.000000,3.003716,0.000000,0.000000,1.000000;;
             }

             Frame Bip001_R_Finger42 {
              

              FrameTransformMatrix {
               0.022317,-0.000000,0.999751,0.000000,0.000000,1.000000,-0.000000,0.000000,-0.999751,0.000000,0.022317,0.000000,3.003716,0.000000,0.000000,1.000000;;
              }

              Frame Bip001_R_Finger4Nub {
               

               FrameTransformMatrix {
                -1.000000,-0.000000,0.000000,0.000000,-0.000000,1.000000,-0.000000,0.000000,-0.000000,-0.000000,-1.000000,0.000000,3.003704,0.000000,0.000000,1.000000;;
               }
              }
             }
            }
           }
          }
         }
        }
       }

       Frame Bip001_Head {
        

        FrameTransformMatrix {
         0.864106,-0.279970,-0.418255,0.000000,-0.251698,0.479260,-0.840808,0.000000,0.435854,0.831821,0.343663,0.000000,15.765366,-0.911507,-0.005135,1.000000;;
        }

        Frame Bip001_HeadNub {
         

         FrameTransformMatrix {
          1.000000,0.000000,0.000000,0.000000,-0.000000,1.000000,-0.000000,0.000000,-0.000000,0.000000,1.000000,0.000000,29.143981,-0.000000,0.000000,1.000000;;
         }
        }
       }
      }
     }
    }
   }

   Frame Bip001_L_Thigh {
    

    FrameTransformMatrix {
     -0.682391,0.153776,0.714630,0.000000,0.277214,-0.850156,0.447647,0.000000,0.676384,0.503576,0.537509,0.000000,-13.497605,12.352289,0.611378,1.000000;;
    }

    Frame Bip001_L_Calf {
     

     FrameTransformMatrix {
      0.880924,0.000000,-0.473257,0.000000,0.000000,1.000000,0.000000,0.000000,0.473257,-0.000000,0.880924,0.000000,54.040723,-0.000001,0.000000,1.000000;;
     }

     Frame Bip001_L_Foot {
      

      FrameTransformMatrix {
       0.951173,-0.166204,0.260091,0.000000,0.234534,0.936982,-0.258956,0.000000,-0.200661,0.307312,0.930212,0.000000,58.826867,0.000001,0.000002,1.000000;;
      }

      Frame Bip001_L_Toe0 {
       

       FrameTransformMatrix {
        0.000000,0.000000,1.000000,0.000000,-0.000000,1.000000,0.000000,0.000000,-1.000000,-0.000000,-0.000000,0.000000,14.261973,-0.000000,18.354526,1.000000;;
       }

       Frame Bip001_L_Toe01 {
        

        FrameTransformMatrix {
         1.000000,0.000000,-0.000000,0.000000,0.000000,1.000000,0.000000,0.000000,-0.000000,0.000000,1.000000,0.000000,1.860252,-0.000000,-0.000000,1.000000;;
        }

        Frame Bip001_L_Toe02 {
         

         FrameTransformMatrix {
          1.000000,0.000000,-0.000000,0.000000,0.000000,1.000000,0.000000,0.000000,-0.000000,0.000000,1.000000,0.000000,1.860260,0.000000,0.000000,1.000000;;
         }

         Frame Bip001_L_Toe0Nub {
          

          FrameTransformMatrix {
           -1.000000,-0.000000,0.000000,0.000000,-0.000000,1.000000,0.000000,0.000000,-0.000000,0.000000,-1.000000,0.000000,1.860256,0.000000,-0.000000,1.000000;;
          }
         }
        }
       }
      }
     }
    }
   }

   Frame Bip001_R_Thigh {
    

    FrameTransformMatrix {
     -0.960600,-0.055988,0.272238,0.000000,0.050886,-0.998372,-0.025770,0.000000,0.273238,-0.010902,0.961885,0.000000,-13.428627,-11.081065,8.740498,1.000000;;
    }

    Frame Bip001_R_Calf {
     

     FrameTransformMatrix {
      -0.398143,-0.000000,-0.917324,0.000000,0.000000,1.000000,-0.000000,0.000000,0.917324,0.000000,-0.398143,0.000000,53.736064,0.000000,0.000001,1.000000;;
     }

     Frame Bip001_R_Foot {
      

      FrameTransformMatrix {
       0.978806,-0.044684,-0.199858,0.000000,0.018254,0.991058,-0.132181,0.000000,0.203977,0.125732,0.970868,0.000000,59.151962,0.000000,0.000000,1.000000;;
      }

      Frame Bip001_R_Toe0 {
       

       FrameTransformMatrix {
        -0.000000,0.000000,1.000000,0.000000,-0.000000,1.000000,0.000000,0.000000,-1.000000,-0.000000,-0.000000,0.000000,14.261978,0.000004,18.354534,1.000000;;
       }

       Frame Bip001_R_Toe01 {
        

        FrameTransformMatrix {
         1.000000,0.000000,0.000000,0.000000,0.000000,1.000000,0.000000,0.000000,-0.000000,0.000000,1.000000,0.000000,1.860249,0.000000,0.000000,1.000000;;
        }

        Frame Bip001_R_Toe02 {
         

         FrameTransformMatrix {
          1.000000,0.000000,0.000000,0.000000,0.000000,1.000000,0.000000,0.000000,-0.000000,0.000000,1.000000,0.000000,1.860256,0.000000,0.000015,1.000000;;
         }

         Frame Bip001_R_Toe0Nub {
          

          FrameTransformMatrix {
           1.000000,0.000000,0.000000,0.000000,0.000000,1.000000,0.000000,0.000000,-0.000000,0.000000,1.000000,0.000000,1.860260,0.000000,-0.000008,1.000000;;
          }
         }
        }
       }
      }
     }
    }
   }
  }
 }
}

Frame Box001 {
 

 FrameTransformMatrix {
  0.667112,0.000000,0.000000,0.000000,0.000000,0.696682,0.000000,0.000000,0.000000,0.000000,0.492662,0.000000,0.000000,0.000000,0.000000,1.000000;;
 }

 Mesh Box001 {
  24;
  40.052125;37.082566;158.608128;,
  36.040931;36.146026;156.546240;,
  38.793664;35.429568;155.330752;,
  37.299392;37.799024;159.823603;,
  40.106301;38.629078;157.010176;,
  36.095104;37.692541;154.948288;,
  37.353568;39.345536;158.225664;,
  38.847837;36.976077;153.732800;,
  40.052125;37.082566;158.608128;,
  37.353568;39.345536;158.225664;,
  37.299392;37.799024;159.823603;,
  40.106301;38.629078;157.010176;,
  37.299392;37.799024;159.823603;,
  36.095104;37.692541;154.948288;,
  36.040931;36.146026;156.546240;,
  37.353568;39.345536;158.225664;,
  36.040931;36.146026;156.546240;,
  38.847837;36.976077;153.732800;,
  38.793664;35.429568;155.330752;,
  36.095104;37.692541;154.948288;,
  38.793664;35.429568;155.330752;,
  40.106301;38.629078;157.010176;,
  40.052125;37.082566;158.608128;,
  38.847837;36.976077;153.732800;;
  12;
  3;0,1,2;,
  3;1,0,3;,
  3;4,5,6;,
  3;5,4,7;,
  3;8,9,10;,
  3;9,8,11;,
  3;12,13,14;,
  3;13,12,15;,
  3;16,17,18;,
  3;17,16,19;,
  3;20,21,22;,
  3;21,20,23;;

  MeshMaterialList {
   1;
   12;
   0,
   0,
   0,
   0,
   0,
   0,
   0,
   0,
   0,
   0,
   0,
   0;

   Material  {
    0.529412;0.231373;0.031373;1.000000;;
    0.000000;
    0.000000;0.000000;0.000000;;
    0.000000;0.000000;0.000000;;
   }
  }

  DeclData {
   2;
   2;0;3;0;,
   1;0;5;0;;
   120;
   3169430341,
   3210958697,
   1055584054,
   1065353216,
   1065353216,
   3169430341,
   3210958697,
   1055584054,
   0,
   0,
   3169430342,
   3210958697,
   1055584054,
   1065353216,
   0,
   3169430342,
   3210958697,
   1055584054,
   0,
   1065353216,
   1021946829,
   1063475045,
   3203067716,
   0,
   1065353216,
   1021946881,
   1063475044,
   3203067721,
   1065353216,
   0,
   1021946688,
   1063475049,
   3203067701,
   1065353216,
   1065353216,
   1021947023,
   1063475040,
   3203067737,
   0,
   0,
   1055090217,
   1059250381,
   1059159432,
   0,
   1065353216,
   1055090217,
   1059250381,
   1059159432,
   1065353216,
   0,
   1055090217,
   1059250381,
   1059159432,
   1065353216,
   1065353216,
   1055090217,
   1059250381,
   1059159432,
   0,
   0,
   3211782830,
   1049113662,
   1046944454,
   0,
   1065353216,
   3211782833,
   1049113641,
   1046944457,
   1065353216,
   0,
   3211782836,
   1049113616,
   1046944462,
   1065353216,
   1065353216,
   3211782827,
   1049113686,
   1046944449,
   0,
   0,
   3202573876,
   3206734040,
   3206643064,
   0,
   1065353216,
   3202573870,
   3206734044,
   3206643062,
   1065353216,
   0,
   3202573860,
   3206734051,
   3206643059,
   1065353216,
   1065353216,
   3202573887,
   3206734033,
   3206643067,
   0,
   0,
   1064299183,
   3196597299,
   3194428102,
   0,
   1065353216,
   1064299184,
   3196597307,
   3194428076,
   1065353216,
   0,
   1064299184,
   3196597313,
   3194428054,
   1065353216,
   1065353216,
   1064299183,
   3196597292,
   3194428123,
   0,
   0;
  }

  XSkinMeshHeader {
   1;
   1;
   1;
  }

  SkinWeights {
   "Bip001_L_Toe0Nub";
   24;
   0,
   1,
   2,
   3,
   4,
   5,
   6,
   7,
   8,
   9,
   10,
   11,
   12,
   13,
   14,
   15,
   16,
   17,
   18,
   19,
   20,
   21,
   22,
   23;
   1.000000,
   1.000000,
   1.000000,
   1.000000,
   1.000000,
   1.000000,
   1.000000,
   1.000000,
   1.000000,
   1.000000,
   1.000000,
   1.000000,
   1.000000,
   1.000000,
   1.000000,
   1.000000,
   1.000000,
   1.000000,
   1.000000,
   1.000000,
   1.000000,
   1.000000,
   1.000000,
   1.000000;
   -0.045323,0.664075,-0.044592,0.000000,-0.150922,-0.055817,-0.677844,0.000000,-0.479797,-0.025432,0.108921,0.000000,52.215370,3.806376,-3.782507,1.000000;;
  }
 }
}

AnimTicksPerSecond  {
 4800;
}

AnimationSet Anim1 {
 

 Animation {
  
  { Bip001 }

  AnimationKey S {
   1;
   2;
   0;3;1.000000,1.000000,1.000000;;,
   4960;3;1.000000,1.000000,1.000000;;;
  }

  AnimationKey R {
   0;
   30;
   0;4;0.711251,0.000000,0.702938,-0.000000;;,
   160;4;0.705141,-0.007958,0.709020,0.001750;;,
   320;4;0.703237,-0.007575,0.710913,0.001666;;,
   480;4;0.698858,-0.006573,0.715229,0.001446;;,
   640;4;0.694020,-0.005173,0.719936,0.001138;;,
   800;4;0.690786,-0.003594,0.723050,0.000791;;,
   960;4;0.691244,-0.002058,0.722618,0.000453;;,
   1120;4;0.697443,-0.000786,0.716640,0.000173;;,
   1280;4;0.711251,-0.000000,0.702938,-0.000000;;,
   1440;4;0.732722,0.000384,0.680529,-0.000084;;,
   1600;4;0.759286,0.000613,0.650756,-0.000135;;,
   1760;4;0.788682,0.000711,0.614801,-0.000156;;,
   1920;4;0.818805,0.000702,0.574071,-0.000154;;,
   2080;4;0.847833,0.000614,0.530263,-0.000135;;,
   2240;4;0.874310,0.000474,0.485367,-0.000104;;,
   2400;4;0.897199,0.000313,0.441626,-0.000069;;,
   2560;4;0.915874,0.000159,0.401466,-0.000035;;,
   2720;4;0.930057,0.000045,0.367414,-0.000010;;,
   2880;4;0.939693,-0.000000,0.342020,-0.000000;;,
   3040;4;0.945512,-0.000000,0.325587,-0.000000;;,
   3200;4;0.948757,-0.000000,0.316006,-0.000000;;,
   3360;4;0.950042,-0.000000,0.312124,-0.000000;;,
   3520;4;0.949840,-0.000000,0.312737,-0.000000;;,
   3680;4;0.948553,-0.000000,0.316618,-0.000000;;,
   3840;4;0.946558,-0.000000,0.322533,-0.000000;;,
   4000;4;0.944244,-0.000000,0.329247,-0.000000;;,
   4160;4;0.942026,-0.000000,0.335540,-0.000000;;,
   4320;4;0.940353,-0.000000,0.340199,-0.000000;;,
   4480;4;0.939693,-0.000000,0.342020,-0.000000;;,
   4960;4;0.939693,-0.000000,0.342020,-0.000000;;;
  }

  AnimationKey T {
   2;
   32;
   0;3;0.000000,121.765773,0.000000;;,
   160;3;0.000000,128.270541,0.000000;;,
   320;3;0.000000,126.632064,0.000000;;,
   480;3;0.000000,124.448448,0.000000;;,
   640;3;0.000000,121.889357,0.000000;;,
   800;3;0.000000,119.124403,0.000000;;,
   960;3;0.000000,116.323251,0.000000;;,
   1120;3;0.000000,113.655526,0.000000;;,
   1280;3;0.000000,111.290880,0.000000;;,
   1440;3;0.000000,108.710554,0.000000;;,
   1600;3;0.000000,106.004659,0.000000;;,
   1760;3;0.000000,104.256269,0.000000;;,
   1920;3;0.000000,104.548448,0.000000;;,
   2080;3;0.000000,107.402240,0.000000;;,
   2240;3;0.000000,111.970995,0.000000;;,
   2400;3;0.000000,117.286234,0.000000;;,
   2560;3;0.000000,122.379392,0.000000;;,
   2720;3;0.000000,126.281984,0.000000;;,
   2880;3;0.000000,128.025446,0.000000;;,
   3040;3;0.000000,126.345498,0.000000;;,
   3200;3;0.000000,121.787290,0.000000;;,
   3360;3;0.000000,116.096563,0.000000;;,
   3520;3;0.000000,111.018995,0.000000;;,
   3680;3;0.000000,108.300378,0.000000;;,
   3840;3;0.000000,108.540544,0.000000;;,
   4000;3;0.000000,110.575680,0.000000;;,
   4160;3;0.000000,113.505997,0.000000;;,
   4320;3;0.000000,116.431693,0.000000;;,
   4480;3;0.000000,118.452902,0.000000;;,
   4640;3;0.000000,119.016922,0.000000;;,
   4800;3;0.000000,118.734912,0.000000;;,
   4960;3;0.000000,118.452902,0.000000;;;
  }
 }

 Animation {
  
  { Bip001_Pelvis }

  AnimationKey S {
   1;
   2;
   0;3;1.000000,1.000000,1.000000;;,
   4960;3;1.000000,1.000000,1.000000;;;
  }

  AnimationKey R {
   0;
   32;
   0;4;0.515371,-0.484141,-0.515371,-0.484141;;,
   160;4;0.511818,-0.487896,-0.511817,-0.487897;;,
   320;4;0.508126,-0.491740,-0.508125,-0.491741;;,
   480;4;0.504460,-0.495500,-0.504460,-0.495500;;,
   640;4;0.500992,-0.499006,-0.500992,-0.499006;;,
   800;4;0.497896,-0.502095,-0.497895,-0.502096;;,
   960;4;0.494853,-0.505095,-0.494852,-0.505096;;,
   1120;4;0.491648,-0.508215,-0.491648,-0.508215;;,
   1280;4;0.488624,-0.511123,-0.488624,-0.511123;;,
   1440;4;0.486129,-0.513496,-0.486129,-0.513497;;,
   1600;4;0.486082,-0.513541,-0.486081,-0.513542;;,
   1760;4;0.486089,-0.513534,-0.486088,-0.513535;;,
   1920;4;0.486143,-0.513483,-0.486143,-0.513484;;,
   2080;4;0.486237,-0.513395,-0.486236,-0.513395;;,
   2240;4;0.486361,-0.513277,-0.486360,-0.513277;;,
   2400;4;0.486509,-0.513136,-0.486508,-0.513137;;,
   2560;4;0.486673,-0.512981,-0.486672,-0.512982;;,
   2720;4;0.486844,-0.512819,-0.486843,-0.512819;;,
   2880;4;0.487015,-0.512656,-0.487015,-0.512657;;,
   3040;4;0.487178,-0.512501,-0.487178,-0.512502;;,
   3200;4;0.487326,-0.512361,-0.487325,-0.512361;;,
   3360;4;0.487450,-0.512243,-0.487449,-0.512243;;,
   3520;4;0.487542,-0.512155,-0.487542,-0.512155;;,
   3680;4;0.487594,-0.512106,-0.487593,-0.512106;;,
   3840;4;0.487608,-0.512092,-0.487608,-0.512092;;,
   4000;4;0.487598,-0.512102,-0.487597,-0.512102;;,
   4160;4;0.487576,-0.512123,-0.487575,-0.512124;;,
   4320;4;0.487553,-0.512145,-0.487552,-0.512146;;,
   4480;4;0.487542,-0.512155,-0.487542,-0.512155;;,
   4640;4;0.487542,-0.512155,-0.487542,-0.512155;;,
   4800;4;0.487542,-0.512155,-0.487542,-0.512155;;,
   4960;4;0.487542,-0.512155,-0.487542,-0.512155;;;
  }

  AnimationKey T {
   2;
   2;
   0;3;0.000000,0.000000,0.000000;;,
   4960;3;0.000000,0.000000,0.000000;;;
  }
 }

 Animation {
  
  { Bip001_Spine }

  AnimationKey S {
   1;
   2;
   0;3;1.000000,1.000000,1.000000;;,
   4960;3;1.000000,1.000000,1.000000;;;
  }

  AnimationKey R {
   0;
   30;
   0;4;0.972655,-0.164150,0.162246,-0.025952;;,
   160;4;0.972426,-0.164886,0.163847,-0.018856;;,
   320;4;0.971518,-0.168559,0.166153,-0.011576;;,
   480;4;0.970159,-0.173925,0.168883,-0.004440;;,
   640;4;0.968607,-0.179753,0.171710,0.002233;;,
   800;4;0.967161,-0.184831,0.174271,0.008134;;,
   960;4;0.966147,-0.187790,0.176356,0.013914;;,
   1120;4;0.965889,-0.187303,0.177698,0.020012;;,
   1280;4;0.966702,-0.182243,0.177785,0.025820;;,
   1440;4;0.968838,-0.171473,0.176084,0.030727;;,
   1600;4;0.972502,-0.154349,0.171596,0.031153;;,
   1760;4;0.977668,-0.126879,0.164504,0.031712;;,
   1920;4;0.983453,-0.088553,0.154685,0.032425;;,
   2080;4;0.988331,-0.042088,0.142584,0.033180;;,
   2240;4;0.991055,0.009690,0.128717,0.033876;;,
   2400;4;0.990864,0.063857,0.113687,0.034430;;,
   2560;4;0.987600,0.117453,0.098188,0.034781;;,
   2720;4;0.981743,0.167566,0.082982,0.034890;;,
   2880;4;0.974351,0.211401,0.068872,0.034743;;,
   3040;4;0.966920,0.246319,0.056680,0.034339;;,
   3200;4;0.961162,0.269819,0.047220,0.033689;;,
   3360;4;0.982029,0.175467,0.062932,0.029501;;,
   3520;4;0.994515,0.057140,0.084045,0.024719;;,
   3680;4;0.995177,0.038394,0.087070,0.023814;;,
   3840;4;0.995298,0.033143,0.087911,0.023559;;,
   4000;4;0.995215,0.036894,0.087311,0.023741;;,
   4160;4;0.994980,0.045145,0.085985,0.024141;;,
   4320;4;0.994676,0.053393,0.084653,0.024539;;,
   4480;4;0.994515,0.057140,0.084045,0.024719;;,
   4960;4;0.994515,0.057140,0.084045,0.024719;;;
  }

  AnimationKey T {
   2;
   30;
   0;3;14.238098,0.894576,-0.011476;;,
   160;3;14.249650,0.686308,-0.011455;;,
   320;3;14.258422,0.471543,-0.011407;;,
   480;3;14.263848,0.259922,-0.011337;;,
   640;3;14.266136,0.061109,-0.011258;;,
   800;3;14.265838,-0.115242,-0.011191;;,
   960;3;14.263413,-0.287564,-0.011151;;,
   1120;3;14.258645,-0.467937,-0.011138;;,
   1280;3;14.252067,-0.637198,-0.011179;;,
   1440;3;14.245125,-0.776219,-0.011298;;,
   1600;3;14.244888,-0.779267,-0.011481;;,
   1760;3;14.244728,-0.779530,-0.011741;;,
   1920;3;14.244637,-0.777463,-0.012023;;,
   2080;3;14.244598,-0.773447,-0.012276;;,
   2240;3;14.244568,-0.767827,-0.012400;;,
   2400;3;14.244590,-0.760991,-0.012409;;,
   2560;3;14.244645,-0.753242,-0.012231;;,
   2720;3;14.244675,-0.744961,-0.011938;;,
   2880;3;14.244766,-0.736511,-0.011574;;,
   3040;3;14.244880,-0.728253,-0.011202;;,
   3200;3;14.245034,-0.720582,-0.010910;;,
   3360;3;14.245918,-0.711465,-0.011945;;,
   3520;3;14.246803,-0.703362,-0.012577;;,
   3680;3;14.247032,-0.700001,-0.012601;;,
   3840;3;14.247101,-0.699076,-0.012616;;,
   4000;3;14.247048,-0.699750,-0.012616;;,
   4160;3;14.246949,-0.701208,-0.012591;;,
   4320;3;14.246856,-0.702683,-0.012577;;,
   4480;3;14.246795,-0.703366,-0.012581;;,
   4960;3;14.246811,-0.703366,-0.012581;;;
  }
 }

 Animation {
  
  { Bip001_Spine1 }

  AnimationKey S {
   1;
   2;
   0;3;1.000000,1.000000,1.000000;;,
   4960;3;1.000000,1.000000,1.000000;;;
  }

  AnimationKey R {
   0;
   30;
   0;4;0.996486,-0.076702,0.006140,-0.033102;;,
   160;4;0.996433,-0.077360,0.006341,-0.033116;;,
   320;4;0.996296,-0.079042,0.006853,-0.033150;;,
   480;4;0.996107,-0.081309,0.007544,-0.033196;;,
   640;4;0.995900,-0.083722,0.008278,-0.033245;;,
   800;4;0.995713,-0.085842,0.008924,-0.033288;;,
   960;4;0.995587,-0.087231,0.009347,-0.033315;;,
   1120;4;0.995567,-0.087450,0.009414,-0.033320;;,
   1280;4;0.995693,-0.086061,0.008991,-0.033292;;,
   1440;4;0.995995,-0.082625,0.007944,-0.033223;;,
   1600;4;0.996486,-0.076702,0.006140,-0.033102;;,
   1760;4;0.997207,-0.066929,0.003229,-0.033003;;,
   1920;4;0.998050,-0.053002,-0.000845,-0.032972;;,
   2080;4;0.998789,-0.036063,-0.005774,-0.032959;;,
   2240;4;0.999246,-0.017261,-0.011249,-0.032917;;,
   2400;4;0.999316,0.002248,-0.016960,-0.032800;;,
   2560;4;0.998987,0.021304,-0.022598,-0.032567;;,
   2720;4;0.998342,0.038750,-0.027855,-0.032179;;,
   2880;4;0.997545,0.053433,-0.032426,-0.031599;;,
   3040;4;0.996811,0.064206,-0.036009,-0.030796;;,
   3200;4;0.996373,0.069929,-0.038301,-0.029736;;,
   3360;4;0.999189,0.017783,-0.026637,-0.024398;;,
   3520;4;0.998824,-0.042874,-0.012495,-0.018902;;,
   3680;4;0.998399,-0.052660,-0.010242,-0.017947;;,
   3840;4;0.998262,-0.055400,-0.009611,-0.017680;;,
   4000;4;0.998360,-0.053443,-0.010062,-0.017871;;,
   4160;4;0.998563,-0.049138,-0.011054,-0.018291;;,
   4320;4;0.998747,-0.044832,-0.012045,-0.018711;;,
   4480;4;0.998824,-0.042874,-0.012495,-0.018902;;,
   4960;4;0.998824,-0.042874,-0.012495,-0.018902;;;
  }

  AnimationKey T {
   2;
   22;
   0;3;16.122299,0.001967,-0.012684;;,
   320;3;16.122315,0.001984,-0.012688;;,
   480;3;16.122376,0.002086,-0.012672;;,
   1440;3;16.122360,0.002147,-0.012657;;,
   1600;3;16.122291,0.001967,-0.012684;;,
   1760;3;16.122230,0.001714,-0.012718;;,
   1920;3;16.122123,0.001353,-0.012764;;,
   2080;3;16.122024,0.000923,-0.012794;;,
   2240;3;16.121910,0.000427,-0.012836;;,
   2400;3;16.121781,-0.000073,-0.012829;;,
   2560;3;16.121643,-0.000565,-0.012806;;,
   2720;3;16.121536,-0.001025,-0.012793;;,
   2880;3;16.121445,-0.001393,-0.012732;;,
   3040;3;16.121354,-0.001672,-0.012699;;,
   3200;3;16.121277,-0.001822,-0.012683;;,
   3360;3;16.121536,-0.000474,-0.012812;;,
   3520;3;16.121872,0.001097,-0.012781;;,
   3680;3;16.121949,0.001333,-0.012777;;,
   4000;3;16.121963,0.001427,-0.012747;;,
   4160;3;16.121918,0.001251,-0.012775;;,
   4320;3;16.121902,0.001131,-0.012794;;,
   4960;3;16.121888,0.001108,-0.012772;;;
  }
 }

 Animation {
  
  { Bip001_Spine2 }

  AnimationKey S {
   1;
   2;
   0;3;1.000000,1.000000,1.000000;;,
   4960;3;1.000000,1.000000,1.000000;;;
  }

  AnimationKey R {
   0;
   30;
   0;4;0.990027,-0.136626,0.005621,-0.033880;;,
   160;4;0.989865,-0.137765,0.005959,-0.033962;;,
   320;4;0.989442,-0.140676,0.006820,-0.034169;;,
   480;4;0.988859,-0.144597,0.007982,-0.034448;;,
   640;4;0.988219,-0.148769,0.009218,-0.034744;;,
   800;4;0.987640,-0.152432,0.010304,-0.035004;;,
   960;4;0.987253,-0.154831,0.011016,-0.035174;;,
   1120;4;0.987192,-0.155210,0.011128,-0.035201;;,
   1280;4;0.987580,-0.152811,0.010416,-0.035031;;,
   1440;4;0.988512,-0.146873,0.008656,-0.034610;;,
   1600;4;0.990027,-0.136626,0.005621,-0.033880;;,
   1760;4;0.992239,-0.119920,0.000789,-0.032884;;,
   1920;4;0.994828,-0.096322,-0.005897,-0.031690;;,
   2080;4;0.997152,-0.067643,-0.013959,-0.030284;;,
   2240;4;0.998688,-0.035729,-0.022914,-0.028658;;,
   2400;4;0.999116,-0.002456,-0.032275,-0.026812;;,
   2560;4;0.998370,0.030282,-0.041560,-0.024754;;,
   2720;4;0.996641,0.060595,-0.050294,-0.022502;;,
   2880;4;0.994349,0.086612,-0.058015,-0.020078;;,
   3040;4;0.992079,0.106495,-0.064274,-0.017512;;,
   3200;4;0.990477,0.118430,-0.068628,-0.014837;;,
   3360;4;0.997636,0.042383,-0.053488,-0.008097;;,
   3520;4;0.998259,-0.048041,-0.034161,-0.001861;;,
   3680;4;0.997560,-0.062495,-0.031108,-0.000727;;,
   3840;4;0.997325,-0.066540,-0.030252,-0.000409;;,
   4000;4;0.997495,-0.063651,-0.030863,-0.000636;;,
   4160;4;0.997837,-0.057293,-0.032208,-0.001135;;,
   4320;4;0.998137,-0.050933,-0.033551,-0.001634;;,
   4480;4;0.998259,-0.048041,-0.034161,-0.001861;;,
   4960;4;0.998259,-0.048041,-0.034161,-0.001861;;;
  }

  AnimationKey T {
   2;
   25;
   0;3;16.122253,0.003477,-0.012360;;,
   320;3;16.122253,0.003506,-0.012352;;,
   480;3;16.122299,0.003679,-0.012302;;,
   640;3;16.122330,0.003778,-0.012280;;,
   800;3;16.122330,0.003880,-0.012226;;,
   1280;3;16.122360,0.003931,-0.012222;;,
   1440;3;16.122299,0.003736,-0.012280;;,
   1600;3;16.122222,0.003473,-0.012363;;,
   1760;3;16.122147,0.003063,-0.012459;;,
   1920;3;16.121994,0.002459,-0.012600;;,
   2080;3;16.121811,0.001719,-0.012722;;,
   2240;3;16.121613,0.000903,-0.012785;;,
   2400;3;16.121398,0.000043,-0.012806;;,
   2560;3;16.121170,-0.000810,-0.012785;;,
   2720;3;16.120971,-0.001574,-0.012666;;,
   2880;3;16.120789,-0.002238,-0.012550;;,
   3040;3;16.120651,-0.002742,-0.012441;;,
   3200;3;16.120530,-0.003038,-0.012356;;,
   3360;3;16.120880,-0.001100,-0.012723;;,
   3520;3;16.121338,0.001225,-0.012751;;,
   3680;3;16.121429,0.001603,-0.012709;;,
   4000;3;16.121445,0.001698,-0.012705;;,
   4160;3;16.121384,0.001462,-0.012732;;,
   4320;3;16.121368,0.001314,-0.012735;;,
   4960;3;16.121323,0.001223,-0.012754;;;
  }
 }

 Animation {
  
  { Bip001_Spine3 }

  AnimationKey S {
   1;
   2;
   0;3;1.000000,1.000000,1.000000;;,
   4960;3;1.000000,1.000000,1.000000;;;
  }

  AnimationKey R {
   0;
   30;
   0;4;0.983689,-0.179819,0.004318,-0.001736;;,
   160;4;0.983425,-0.181243,0.004788,-0.001941;;,
   320;4;0.982739,-0.184883,0.005988,-0.002464;;,
   480;4;0.981791,-0.189783,0.007606,-0.003170;;,
   640;4;0.980752,-0.194994,0.009329,-0.003921;;,
   800;4;0.979813,-0.199569,0.010842,-0.004581;;,
   960;4;0.979185,-0.202563,0.011833,-0.005013;;,
   1120;4;0.979085,-0.203036,0.011989,-0.005081;;,
   1280;4;0.979715,-0.200042,0.010998,-0.004649;;,
   1440;4;0.981228,-0.192627,0.008546,-0.003580;;,
   1600;4;0.983689,-0.179819,0.004318,-0.001736;;,
   1760;4;0.987230,-0.159285,-0.002327,0.000956;;,
   1920;4;0.991352,-0.130660,-0.011418,0.004394;;,
   2080;4;0.995101,-0.095939,-0.022341,0.008452;;,
   2240;4;0.997684,-0.057175,-0.034472,0.012995;;,
   2400;4;0.998590,-0.016481,-0.047182,0.017889;;,
   2560;4;0.997654,0.023990,-0.059847,0.022997;;,
