xof 0303txt 0032
template Frame {
 <3d82ab46-62da-11cf-ab39-0020af71e433>
 [...]
}

template Matrix4x4 {
 <f6f23f45-7686-11cf-8f52-0040333594a3>
 array FLOAT matrix[16];
}

template FrameTransformMatrix {
 <f6f23f41-7686-11cf-8f52-0040333594a3>
 Matrix4x4 frameMatrix;
}

template Vector {
 <3d82ab5e-62da-11cf-ab39-0020af71e433>
 FLOAT x;
 FLOAT y;
 FLOAT z;
}

template MeshFace {
 <3d82ab5f-62da-11cf-ab39-0020af71e433>
 DWORD nFaceVertexIndices;
 array DWORD faceVertexIndices[nFaceVertexIndices];
}

template Mesh {
 <3d82ab44-62da-11cf-ab39-0020af71e433>
 DWORD nVertices;
 array Vector vertices[nVertices];
 DWORD nFaces;
 array MeshFace faces[nFaces];
 [...]
}

template VertexElement {
 <f752461c-1e23-48f6-b9f8-8350850f336f>
 DWORD Type;
 DWORD Method;
 DWORD Usage;
 DWORD UsageIndex;
}

template DeclData {
 <bf22e553-292c-4781-9fea-62bd554bdd93>
 DWORD nElements;
 array VertexElement Elements[nElements];
 DWORD nDWords;
 array DWORD data[nDWords];
}

template XSkinMeshHeader {
 <3cf169ce-ff7c-44ab-93c0-f78f62d172e2>
 WORD nMaxSkinWeightsPerVertex;
 WORD nMaxSkinWeightsPerFace;
 WORD nBones;
}

template SkinWeights {
 <6f0d123b-bad2-4167-a0d0-80224f25fabb>
 STRING transformNodeName;
 DWORD nWeights;
 array DWORD vertexIndices[nWeights];
 array FLOAT weights[nWeights];
 Matrix4x4 matrixOffset;
}

template AnimTicksPerSecond {
 <9e415a43-7ba6-4a73-8743-b73d47e88476>
 DWORD AnimTicksPerSecond;
}

template Animation {
 <3d82ab4f-62da-11cf-ab39-0020af71e433>
 [...]
}

template AnimationSet {
 <3d82ab50-62da-11cf-ab39-0020af71e433>
 [Animation <3d82ab4f-62da-11cf-ab39-0020af71e433>]
}

template FloatKeys {
 <10dd46a9-775b-11cf-8f52-0040333594a3>
 DWORD nValues;
 array FLOAT values[nValues];
}

template TimedFloatKeys {
 <f406b180-7b3b-11cf-8f52-0040333594a3>
 DWORD time;
 FloatKeys tfkeys;
}

template AnimationKey {
 <10dd46a8-775b-11cf-8f52-0040333594a3>
 DWORD keyType;
 DWORD nKeys;
 array TimedFloatKeys keys[nKeys];
}


Frame Bip001 {
 

 FrameTransformMatrix {
  0.766044,0.000000,0.642788,0.000000,-0.000000,1.000000,-0.000000,0.000000,-0.642788,0.000000,0.766044,0.000000,0.000000,117.985254,0.000000,1.000000;;
 }

 Frame Bip001_Pelvis {
  

  FrameTransformMatrix {
   0.000000,0.998788,0.049211,0.000000,-0.000001,-0.049211,0.998789,0.000000,1.000000,-0.000000,0.000001,0.000000,0.000000,0.000000,0.000000,1.000000;;
  }

  Frame Bip001_Spine {
   

   FrameTransformMatrix {
    0.984651,-0.039563,0.169993,0.000000,0.058772,0.992248,-0.109498,0.000000,-0.164344,0.117808,0.979343,0.000000,14.246789,-0.703361,-0.012578,1.000000;;
   }

   Frame Bip001_Spine1 {
    

    FrameTransformMatrix {
     0.998973,0.038831,-0.023341,0.000000,-0.036688,0.995609,0.086119,0.000000,0.026582,-0.085175,0.996011,0.000000,16.121888,0.001093,-0.012787,1.000000;;
    }

    Frame Bip001_Spine2 {
     

     FrameTransformMatrix {
      0.997659,0.006998,-0.068025,0.000000,-0.000433,0.995377,0.096041,0.000000,0.068383,-0.095787,0.993050,0.000000,16.121323,0.001231,-0.012747,1.000000;;
     }

     Frame Bip001_Spine3 {
      

      FrameTransformMatrix {
       0.986476,-0.104584,-0.126207,0.000000,0.108928,0.993655,0.028000,0.000000,0.122478,-0.041369,0.991609,0.000000,16.120682,0.000529,-0.012731,1.000000;;
      }

      Frame Bip001_Neck {
       

       FrameTransformMatrix {
        0.899240,0.000001,0.437456,0.000000,-0.000001,1.000000,-0.000000,0.000000,-0.437456,-0.000000,0.899240,0.000000,16.125474,0.000000,-0.006662,1.000000;;
       }

       Frame Bip001_L_Clavicle {
        

        FrameTransformMatrix {
         -0.240080,0.970663,-0.013237,0.000000,0.867825,0.208495,-0.451009,0.000000,-0.435018,-0.119766,-0.892421,0.000000,-0.000015,4.340599,0.007393,1.000000;;
        }

        Frame Bip001_L_UpperArm {
         

         FrameTransformMatrix {
          0.762045,-0.232226,-0.604449,0.000000,0.293123,0.956072,0.002230,0.000000,0.577379,-0.178877,0.796641,0.000000,16.122222,0.000015,0.000000,1.000000;;
         }

         Frame Bip001_L_Forearm {
          

          FrameTransformMatrix {
           0.586665,0.000000,-0.809829,0.000000,0.000000,1.000000,0.000000,0.000000,0.809829,0.000000,0.586666,0.000000,44.136810,0.000015,0.000000,1.000000;;
          }

          Frame Bip001_L_Hand {
           

           FrameTransformMatrix {
            0.994184,-0.020071,0.105808,0.000000,-0.100164,-0.533265,0.839998,0.000000,0.039565,-0.845711,-0.532173,0.000000,37.683376,0.000000,0.000015,1.000000;;
           }

           Frame Bip001_L_Finger0 {
            

            FrameTransformMatrix {
             0.507051,-0.208416,0.836339,0.000000,0.787258,0.507013,-0.350946,0.000000,-0.350891,0.836362,0.421159,0.000000,4.289879,-5.456864,2.394806,1.000000;;
            }

            Frame Bip001_L_Finger01 {
             

             FrameTransformMatrix {
              0.845231,0.000000,0.534402,0.000000,-0.000000,1.000000,0.000000,0.000000,-0.534402,0.000000,0.845231,0.000000,3.875534,0.000008,0.000000,1.000000;;
             }

             Frame Bip001_L_Finger02 {
              

              FrameTransformMatrix {
               0.717331,-0.000000,0.696733,0.000000,-0.000000,1.000000,-0.000000,0.000000,-0.696733,0.000000,0.717331,0.000000,3.875549,-0.000011,0.000000,1.000000;;
              }

              Frame Bip001_L_Finger0Nub {
               

               FrameTransformMatrix {
                1.000000,0.000000,-0.000000,0.000000,0.000000,1.000000,0.000000,0.000000,0.000000,0.000000,1.000000,0.000000,3.875534,0.000004,0.000002,1.000000;;
               }
              }
             }
            }
           }

           Frame Bip001_L_Finger1 {
            

            FrameTransformMatrix {
             0.918251,-0.000315,0.396000,0.000000,0.000000,1.000000,0.000796,0.000000,-0.396000,-0.000731,0.918250,0.000000,11.734268,-5.461197,-0.417755,1.000000;;
            }

            Frame Bip001_L_Finger11 {
             

             FrameTransformMatrix {
              0.361810,-0.000000,0.932252,0.000000,0.000000,1.000000,0.000000,0.000000,-0.932252,0.000000,0.361810,0.000000,4.650642,-0.000015,0.000000,1.000000;;
             }

             Frame Bip001_L_Finger12 {
              

              FrameTransformMatrix {
               0.141925,0.000000,0.989878,0.000000,0.000000,1.000000,-0.000000,0.000000,-0.989878,0.000000,0.141925,0.000000,4.650650,0.000000,0.000008,1.000000;;
              }

              Frame Bip001_L_Finger1Nub {
               

               FrameTransformMatrix {
                1.000000,0.000000,0.000000,0.000000,-0.000000,1.000000,0.000000,0.000000,-0.000000,0.000000,1.000000,0.000000,4.650642,0.000000,0.000008,1.000000;;
               }
              }
             }
            }
           }

           Frame Bip001_L_Finger2 {
            

            FrameTransformMatrix {
             0.924595,0.042567,0.378566,0.000000,-0.054546,0.998291,0.020970,0.000000,-0.377027,-0.040038,0.925337,0.000000,11.686767,-1.501312,-0.364777,1.000000;;
            }

            Frame Bip001_L_Finger21 {
             

             FrameTransformMatrix {
              0.348076,0.000000,0.937466,0.000000,0.000000,1.000000,0.000000,0.000000,-0.937466,-0.000000,0.348076,0.000000,4.698433,0.000000,0.000000,1.000000;;
             }

             Frame Bip001_L_Finger22 {
              

              FrameTransformMatrix {
               0.030602,0.000000,0.999532,0.000000,-0.000000,1.000000,-0.000000,0.000000,-0.999532,0.000000,0.030602,0.000000,5.425743,-0.000031,-0.000008,1.000000;;
              }

              Frame Bip001_L_Finger2Nub {
               

               FrameTransformMatrix {
                1.000000,-0.000000,0.000000,0.000000,0.000000,1.000000,0.000000,0.000000,0.000000,0.000000,1.000000,0.000000,5.425758,0.000000,-0.000008,1.000000;;
               }
              }
             }
            }
           }

           Frame Bip001_L_Finger3 {
            

            FrameTransformMatrix {
             0.935966,0.064664,0.346102,0.000000,-0.084190,0.995578,0.041667,0.000000,-0.341878,-0.068137,0.937271,0.000000,11.686195,1.606094,-0.362915,1.000000;;
            }

            Frame Bip001_L_Finger31 {
             

             FrameTransformMatrix {
              0.419784,-0.000000,0.907624,0.000000,0.000000,1.000000,-0.000000,0.000000,-0.907624,0.000000,0.419784,0.000000,4.316540,-0.000015,-0.000015,1.000000;;
             }

             Frame Bip001_L_Finger32 {
              

              FrameTransformMatrix {
               0.000102,0.000000,1.000000,0.000000,-0.000000,1.000000,0.000000,0.000000,-1.000000,0.000000,0.000102,0.000000,4.650650,0.000000,-0.000008,1.000000;;
              }

              Frame Bip001_L_Finger3Nub {
               

               FrameTransformMatrix {
                1.000000,-0.000000,-0.000000,0.000000,-0.000000,1.000000,0.000000,0.000000,-0.000000,0.000000,1.000000,0.000000,4.650642,0.000000,0.000000,1.000000;;
               }
              }
             }
            }
           }

           Frame Bip001_L_Finger4 {
            

            FrameTransformMatrix {
             0.752888,0.029285,0.657497,0.000000,-0.043233,0.999053,0.005008,0.000000,-0.656728,-0.032196,0.753440,0.000000,10.216782,4.386841,-0.631790,1.000000;;
            }

            Frame Bip001_L_Finger41 {
             

             FrameTransformMatrix {
              0.392584,0.000000,0.919716,0.000000,0.000000,1.000000,0.000000,0.000000,-0.919716,-0.000000,0.392584,0.000000,3.003708,0.000000,0.000000,1.000000;;
             }

             Frame Bip001_L_Finger42 {
              

              FrameTransformMatrix {
               0.022317,0.000000,0.999751,0.000000,0.000000,1.000000,0.000000,0.000000,-0.999751,0.000000,0.022317,0.000000,3.003723,0.000000,-0.000011,1.000000;;
              }

              Frame Bip001_L_Finger4Nub {
               

               FrameTransformMatrix {
                1.000000,0.000000,-0.000000,0.000000,0.000000,1.000000,0.000000,0.000000,0.000000,-0.000000,1.000000,0.000000,3.003716,0.000000,0.000015,1.000000;;
               }
              }
             }
            }
           }
          }
         }
        }
       }

       Frame Bip001_R_Clavicle {
        

        FrameTransformMatrix {
         -0.144915,-0.989409,-0.008302,0.000000,-0.887687,0.126301,0.442787,0.000000,-0.437049,0.071536,-0.896588,0.000000,0.000015,-4.340598,0.007416,1.000000;;
        }

        Frame Bip001_R_UpperArm {
         

         FrameTransformMatrix {
          0.614151,0.379145,-0.692147,0.000000,-0.214965,0.924242,0.315541,0.000000,0.759347,-0.045003,0.649128,0.000000,16.122222,0.000000,0.000001,1.000000;;
         }

         Frame Bip001_R_Forearm {
          

          FrameTransformMatrix {
           0.299269,-0.000000,-0.954169,0.000000,0.000000,1.000000,0.000000,0.000000,0.954169,0.000000,0.299269,0.000000,44.136819,0.000015,0.000000,1.000000;;
          }

          Frame Bip001_R_Hand {
           

           FrameTransformMatrix {
            0.994184,0.020071,0.105808,0.000000,0.101502,-0.502998,-0.858307,0.000000,0.035995,0.864055,-0.502109,0.000000,37.683366,0.000015,0.000004,1.000000;;
           }

           Frame Bip001_R_Finger0 {
            

            FrameTransformMatrix {
             0.507051,0.208417,0.836338,0.000000,-0.787258,0.507013,0.350946,0.000000,-0.350891,-0.836362,0.421159,0.000000,4.289879,5.456856,2.394806,1.000000;;
            }

            Frame Bip001_R_Finger01 {
             

             FrameTransformMatrix {
              0.845231,-0.000000,0.534402,0.000000,-0.000000,1.000000,0.000000,0.000000,-0.534402,-0.000000,0.845231,0.000000,3.875538,0.000004,0.000000,1.000000;;
             }

             Frame Bip001_R_Finger02 {
              

              FrameTransformMatrix {
               0.717331,0.000000,0.696733,0.000000,0.000000,1.000000,-0.000000,0.000000,-0.696733,-0.000000,0.717331,0.000000,3.875534,0.000004,0.000008,1.000000;;
              }

              Frame Bip001_R_Finger0Nub {
               

               FrameTransformMatrix {
                -1.000000,0.000000,-0.000000,0.000000,0.000000,1.000000,0.000000,0.000000,0.000000,-0.000000,-1.000000,0.000000,3.875534,-0.000004,0.000000,1.000000;;
               }
              }
             }
            }
           }

           Frame Bip001_R_Finger1 {
            

            FrameTransformMatrix {
             0.918251,0.000315,0.395999,0.000000,-0.000000,1.000000,-0.000796,0.000000,-0.396000,0.000731,0.918250,0.000000,11.734272,5.461197,-0.417770,1.000000;;
            }

            Frame Bip001_R_Finger11 {
             

             FrameTransformMatrix {
              0.361810,-0.000000,0.932252,0.000000,-0.000000,1.000000,-0.000000,0.000000,-0.932252,-0.000000,0.361810,0.000000,4.650642,-0.000008,0.000000,1.000000;;
             }

             Frame Bip001_R_Finger12 {
              

              FrameTransformMatrix {
               0.141925,0.000000,0.989877,0.000000,-0.000000,1.000000,0.000000,0.000000,-0.989878,0.000000,0.141925,0.000000,4.650635,0.000000,-0.000004,1.000000;;
              }

              Frame Bip001_R_Finger1Nub {
               

               FrameTransformMatrix {
                -1.000000,0.000000,0.000000,0.000000,0.000000,1.000000,0.000000,0.000000,0.000000,-0.000000,-1.000000,0.000000,4.650650,0.000008,0.000000,1.000000;;
               }
              }
             }
            }
           }

           Frame Bip001_R_Finger2 {
            

            FrameTransformMatrix {
             0.924595,-0.042567,0.378566,0.000000,0.054546,0.998291,-0.020970,0.000000,-0.377027,0.040038,0.925337,0.000000,11.686764,1.501312,-0.364777,1.000000;;
            }

            Frame Bip001_R_Finger21 {
             

             FrameTransformMatrix {
              0.348076,-0.000000,0.937466,0.000000,0.000000,1.000000,0.000000,0.000000,-0.937466,-0.000000,0.348076,0.000000,4.698433,0.000000,0.000000,1.000000;;
             }

             Frame Bip001_R_Finger22 {
              

              FrameTransformMatrix {
               0.030602,0.000000,0.999532,0.000000,0.000000,1.000000,-0.000000,0.000000,-0.999532,0.000000,0.030602,0.000000,5.425736,0.000000,-0.000008,1.000000;;
              }

              Frame Bip001_R_Finger2Nub {
               

               FrameTransformMatrix {
                -1.000000,0.000000,0.000000,0.000000,-0.000000,1.000000,0.000000,0.000000,0.000000,0.000000,-1.000000,0.000000,5.425758,0.000015,0.000000,1.000000;;
               }
              }
             }
            }
           }

           Frame Bip001_R_Finger3 {
            

            FrameTransformMatrix {
             0.935966,-0.064664,0.346102,0.000000,0.084190,0.995578,-0.041667,0.000000,-0.341878,0.068137,0.937271,0.000000,11.686188,-1.606110,-0.362915,1.000000;;
            }

            Frame Bip001_R_Finger31 {
             

             FrameTransformMatrix {
              0.419784,0.000000,0.907624,0.000000,0.000000,1.000000,0.000000,0.000000,-0.907624,0.000000,0.419784,0.000000,4.316540,0.000000,0.000000,1.000000;;
             }

             Frame Bip001_R_Finger32 {
              

              FrameTransformMatrix {
               0.000102,-0.000000,1.000000,0.000000,0.000000,1.000000,0.000000,0.000000,-1.000000,0.000000,0.000102,0.000000,4.650658,-0.000031,0.000000,1.000000;;
              }

              Frame Bip001_R_Finger3Nub {
               

               FrameTransformMatrix {
                -1.000000,-0.000000,0.000000,0.000000,-0.000000,1.000000,0.000000,0.000000,0.000000,0.000000,-1.000000,0.000000,4.650642,0.000000,0.000000,1.000000;;
               }
              }
             }
            }
           }

           Frame Bip001_R_Finger4 {
            

            FrameTransformMatrix {
             0.752888,-0.029285,0.657497,0.000000,0.043233,0.999053,-0.005008,0.000000,-0.656728,0.032196,0.753440,0.000000,10.216782,-4.386826,-0.631805,1.000000;;
            }

            Frame Bip001_R_Finger41 {
             

             FrameTransformMatrix {
              0.392584,0.000000,0.919716,0.000000,0.000000,1.000000,0.000000,0.000000,-0.919716,0.000000,0.392584,0.000000,3.003708,0.000000,0.000000,1.000000;;
             }

             Frame Bip001_R_Finger42 {
              

              FrameTransformMatrix {
               0.022317,-0.000000,0.999751,0.000000,0.000000,1.000000,0.000000,0.000000,-0.999751,0.000000,0.022317,0.000000,3.003693,0.000008,0.000000,1.000000;;
              }

              Frame Bip001_R_Finger4Nub {
               

               FrameTransformMatrix {
                -1.000000,0.000000,-0.000000,0.000000,0.000000,1.000000,-0.000000,0.000000,0.000000,0.000000,-1.000000,0.000000,3.003712,0.000000,0.000000,1.000000;;
               }
              }
             }
            }
           }
          }
         }
        }
       }

       Frame Bip001_Head {
        

        FrameTransformMatrix {
         0.879956,0.091766,-0.466107,0.000000,-0.432758,0.559560,-0.706833,0.000000,0.195952,0.823694,0.532101,0.000000,15.765381,-0.911513,-0.005150,1.000000;;
        }

        Frame Bip001_HeadNub {
         

         FrameTransformMatrix {
          1.000000,0.000000,0.000000,0.000000,-0.000000,1.000000,-0.000000,0.000000,0.000000,0.000000,1.000000,0.000000,29.144013,0.000000,0.000001,1.000000;;
         }
        }
       }
      }
     }
    }
   }

   Frame Bip001_L_Thigh {
    

    FrameTransformMatrix {
     -0.741493,0.278462,0.610449,0.000000,-0.026158,-0.921118,0.388404,0.000000,0.670451,0.272031,0.690286,0.000000,-14.544456,12.164782,3.897589,1.000000;;
    }

    Frame Bip001_L_Calf {
     

     FrameTransformMatrix {
      0.937890,-0.000000,-0.346934,0.000000,0.000000,1.000000,-0.000000,0.000000,0.346934,0.000000,0.937890,0.000000,54.040717,0.000000,-0.000008,1.000000;;
     }

     Frame Bip001_L_Foot {
      

      FrameTransformMatrix {
       0.971541,0.105869,-0.211899,0.000000,-0.050536,0.966607,0.251231,0.000000,0.231421,-0.233372,0.944448,0.000000,58.826867,-0.000006,0.000004,1.000000;;
      }

      Frame Bip001_L_Toe0 {
       

       FrameTransformMatrix {
        0.000000,-0.000000,1.000000,0.000000,-0.000000,1.000000,0.000000,0.000000,-1.000000,-0.000000,0.000000,0.000000,14.261971,0.000001,18.354530,1.000000;;
       }

       Frame Bip001_L_Toe01 {
        

        FrameTransformMatrix {
         1.000000,-0.000000,0.000000,0.000000,0.000000,1.000000,-0.000000,0.000000,0.000000,0.000000,1.000000,0.000000,1.860260,-0.000001,0.000000,1.000000;;
        }

        Frame Bip001_L_Toe02 {
         

         FrameTransformMatrix {
          1.000000,-0.000000,0.000000,0.000000,0.000000,1.000000,-0.000000,0.000000,0.000000,0.000000,1.000000,0.000000,1.860252,0.000001,0.000000,1.000000;;
         }

         Frame Bip001_L_Toe0Nub {
          

          FrameTransformMatrix {
           -1.000000,-0.000000,0.000000,0.000000,0.000000,1.000000,-0.000000,0.000000,-0.000000,0.000000,-1.000000,0.000000,1.860252,0.000000,-0.000000,1.000000;;
          }
         }
        }
       }
      }
     }
    }
   }

   Frame Bip001_R_Thigh {
    

    FrameTransformMatrix {
     -0.938448,-0.270622,0.214659,0.000000,0.201777,-0.933881,-0.295217,0.000000,0.280358,-0.233733,0.931004,0.000000,-13.563141,-12.446356,0.975498,1.000000;;
    }

    Frame Bip001_R_Calf {
     

     FrameTransformMatrix {
      0.834431,0.000000,-0.551113,0.000000,0.000000,1.000000,-0.000000,0.000000,0.551112,0.000000,0.834431,0.000000,53.736064,0.000000,0.000000,1.000000;;
     }

     Frame Bip001_R_Foot {
      

      FrameTransformMatrix {
       0.858660,-0.233268,0.456388,0.000000,0.342768,0.923363,-0.172945,0.000000,-0.381069,0.304936,0.872811,0.000000,59.151949,0.000000,-0.000002,1.000000;;
      }

      Frame Bip001_R_Toe0 {
       

       FrameTransformMatrix {
        -0.000000,-0.000000,1.000000,0.000000,-0.000000,1.000000,-0.000000,0.000000,-1.000000,-0.000000,0.000000,0.000000,14.261973,0.000000,18.354526,1.000000;;
       }

       Frame Bip001_R_Toe01 {
        

        FrameTransformMatrix {
         1.000000,-0.000000,0.000000,0.000000,-0.000000,1.000000,-0.000000,0.000000,0.000000,0.000000,1.000000,0.000000,1.860257,0.000004,0.000000,1.000000;;
        }

        Frame Bip001_R_Toe02 {
         

         FrameTransformMatrix {
          1.000000,-0.000000,0.000000,0.000000,-0.000000,1.000000,-0.000000,0.000000,0.000000,0.000000,1.000000,0.000000,1.860259,-0.000004,0.000000,1.000000;;
         }

         Frame Bip001_R_Toe0Nub {
          

          FrameTransformMatrix {
           1.000000,-0.000000,0.000000,0.000000,-0.000000,1.000000,-0.000000,0.000000,0.000000,0.000000,1.000000,0.000000,1.860256,0.000000,0.000000,1.000000;;
          }
         }
        }
       }
      }
     }
    }
   }
  }
 }
}

Frame Box001 {
 

 FrameTransformMatrix {
  0.667112,0.000000,0.000000,0.000000,0.000000,0.696682,0.000000,0.000000,0.000000,0.000000,0.492662,0.000000,0.000000,0.000000,0.000000,1.000000;;
 }

 Mesh Box001 {
  24;
  44.461744;22.000691;212.279910;,
  40.400912;21.107498;210.362765;,
  43.107536;20.789114;208.700621;,
  41.755120;22.319075;213.942042;,
  44.322000;23.750528;211.192384;,
  40.261165;22.857338;209.275238;,
  41.615373;24.068915;212.854528;,
  42.967792;22.538954;207.613094;,
  44.461744;22.000691;212.279910;,
  41.615373;24.068915;212.854528;,
  41.755120;22.319075;213.942042;,
  44.322000;23.750528;211.192384;,
  41.755120;22.319075;213.942042;,
  40.261165;22.857338;209.275238;,
  40.400912;21.107498;210.362765;,
  41.615373;24.068915;212.854528;,
  40.400912;21.107498;210.362765;,
  42.967792;22.538954;207.613094;,
  43.107536;20.789114;208.700621;,
  40.261165;22.857338;209.275238;,
  43.107536;20.789114;208.700621;,
  44.322000;23.750528;211.192384;,
  44.461744;22.000691;212.279910;,
  42.967792;22.538954;207.613094;;
  12;
  3;0,1,2;,
  3;1,0,3;,
  3;4,5,6;,
  3;5,4,7;,
  3;8,9,10;,
  3;9,8,11;,
  3;12,13,14;,
  3;13,12,15;,
  3;16,17,18;,
  3;17,16,19;,
  3;20,21,22;,
  3;21,20,23;;

  DeclData {
   2;
   2;0;3;0;,
   1;0;5;0;;
   120;
   1032772736,
   3212041909,
   1050121709,
   1065353216,
   1065353216,
   1032772736,
   3212041909,
   1050121709,
   0,
   0,
   1032772736,
   3212041909,
   1050121710,
   1065353216,
   0,
   1032772736,
   3212041909,
   1050121710,
   0,
   1065353216,
   3180256317,
   1064558261,
   3197605358,
   0,
   1065353216,
   3180256323,
   1064558262,
   3197605355,
   1065353216,
   0,
   3180256299,
   1064558260,
   3197605366,
   1065353216,
   1065353216,
   3180256339,
   1064558263,
   3197605346,
   0,
   0,
   1056902076,
   1056496727,
   1060623042,
   0,
   1065353216,
   1056902077,
   1056496729,
   1060623040,
   1065353216,
   0,
   1056902080,
   1056496732,
   1060623038,
   1065353216,
   1065353216,
   1056902075,
   1056496722,
   1060623044,
   0,
   0,
   3211851905,
   1039618013,
   1050765673,
   0,
   1065353216,
   3211851905,
   1039618013,
   1050765673,
   1065353216,
   0,
   3211851905,
   1039618012,
   1050765673,
   1065353216,
   1065353216,
   3211851905,
   1039618012,
   1050765673,
   0,
   0,
   3204385718,
   3203980373,
   3208106692,
   0,
   1065353216,
   3204385724,
   3203980366,
   3208106693,
   1065353216,
   0,
   3204385734,
   3203980355,
   3208106693,
   1065353216,
   1065353216,
   3204385710,
   3203980384,
   3208106691,
   0,
   0,
   1064368256,
   3187101894,
   3198249303,
   0,
   1065353216,
   1064368256,
   3187101899,
   3198249302,
   1065353216,
   0,
   1064368256,
   3187101902,
   3198249302,
   1065353216,
   1065353216,
   1064368256,
   3187101890,
   3198249304,
   0,
   0;
  }

  XSkinMeshHeader {
   1;
   1;
   1;
  }

  SkinWeights {
   "Bip001_L_Toe0Nub";
   24;
   0,
   1,
   2,
   3,
   4,
   5,
   6,
   7,
   8,
   9,
   10,
   11,
   12,
   13,
   14,
   15,
   16,
   17,
   18,
   19,
   20,
   21,
   22,
   23;
   1.000000,
   1.000000,
   1.000000,
   1.000000,
   1.000000,
   1.000000,
   1.000000,
   1.000000,
   1.000000,
   1.000000,
   1.000000,
   1.000000,
   1.000000,
   1.000000,
   1.000000,
   1.000000,
   1.000000,
   1.000000,
   1.000000,
   1.000000,
   1.000000,
   1.000000,
   1.000000,
   1.000000;
   -0.091215,0.660819,0.006008,0.000000,-0.007221,0.005336,-0.696624,0.000000,-0.488008,-0.067403,0.004543,0.000000,76.512576,9.110082,0.665801,1.000000;;
  }
 }
}

AnimTicksPerSecond  {
 4800;
}

AnimationSet Anim1 {
 

 Animation {
  
  { Bip001 }

  AnimationKey S {
   1;
   2;
   0;3;1.000000,1.000000,1.000000;;,
   21760;3;1.000000,1.000000,1.000000;;;
  }

  AnimationKey R {
   0;
   135;
   0;4;0.939693,0.000000,0.342020,-0.000000;;,
   160;4;0.939128,0.011636,0.342178,-0.028592;;,
   320;4;0.937668,0.023261,0.342009,-0.057157;;,
   480;4;0.937137,0.030181,0.339567,-0.074547;;,
   640;4;0.939337,0.029387,0.333702,-0.073655;;,
   800;4;0.943123,0.023903,0.325808,-0.061625;;,
   960;4;0.946654,0.018114,0.318028,-0.048752;;,
   1120;4;0.950689,0.013217,0.307552,-0.037770;;,
   1280;4;0.954434,0.008017,0.297184,-0.025949;;,
   1440;4;0.954512,0.003334,0.297754,-0.015437;;,
   1600;4;0.950018,-0.000327,0.312107,-0.007441;;,
   1760;4;0.942715,-0.003466,0.333580,-0.000700;;,
   1920;4;0.933383,-0.006769,0.358763,0.006337;;,
   2080;4;0.923014,-0.010920,0.384310,0.015220;;,
   2240;4;0.910894,-0.016579,0.411337,0.028266;;,
   2400;4;0.896216,-0.023325,0.440850,0.043640;;,
   2560;4;0.880531,-0.030228,0.469616,0.056677;;,
   2720;4;0.864888,-0.037844,0.496106,0.066444;;,
   2880;4;0.848558,-0.045608,0.521932,0.073864;;,
   3040;4;0.830858,-0.050912,0.548764,0.077084;;,
   3200;4;0.811410,-0.052635,0.577327,0.074412;;,
   3360;4;0.790387,-0.051874,0.606662,0.067517;;,
   3520;4;0.767889,-0.049374,0.635888,0.059624;;,
   3680;4;0.746220,-0.045569,0.662040,0.052740;;,
   3840;4;0.724877,-0.040647,0.686153,0.045766;;,
   4000;4;0.699346,-0.034973,0.712955,0.037249;;,
   4160;4;0.664372,-0.028875,0.746402,0.025701;;,
   4320;4;0.614904,-0.022736,0.788234,0.008034;;,
   4480;4;0.552796,-0.016218,0.833041,-0.014037;;,
   4640;4;0.483716,-0.008592,0.874492,-0.034761;;,
   4800;4;0.415010,0.000781,0.908524,-0.048484;;,
   4960;4;0.346858,0.013639,0.936310,-0.053176;;,
   5120;4;0.276745,0.029017,0.959103,-0.051882;;,
   5280;4;0.209279,0.043432,0.975763,-0.046931;;,
   5440;4;0.149321,0.053469,0.986497,-0.040840;;,
   5600;4;0.104187,0.056769,0.992431,-0.031673;;,
   5760;4;0.071608,0.054609,0.995748,-0.019413;;,
   5920;4;0.041900,0.049074,0.997871,-0.009508;;,
   6080;4;0.007155,0.039035,0.999204,-0.004173;;,
   6240;4;-0.024640,0.025637,0.999367,-0.001211;;,
   6400;4;-0.039453,0.014412,0.999117,0.000569;;,
   6560;4;-0.029946,0.006847,0.999527,0.001254;;,
   6720;4;-0.003465,0.001482,0.999993,0.000756;;,
   6880;4;0.031902,-0.000547,0.999491,0.000017;;,
   7040;4;0.081824,0.002770,0.996643,-0.000787;;,
   7200;4;0.140342,0.009415,0.990057,-0.001828;;,
   7360;4;0.182228,0.014448,0.983146,-0.002678;;,
   7520;4;0.204680,0.016909,0.978677,-0.003343;;,
   7680;4;0.221313,0.018957,0.975010,-0.004024;;,
   7840;4;0.232101,0.020355,0.972468,-0.004597;;,
   8000;4;0.237003,0.020864,0.971272,-0.004937;;,
   8160;4;0.235955,0.020244,0.971541,-0.004917;;,
   8320;4;0.226307,0.017724,0.973887,-0.004014;;,
   8480;4;0.208052,0.013460,0.978022,-0.002313;;,
   8640;4;0.185098,0.008606,0.982682,-0.000597;;,
   8800;4;0.161420,0.004320,0.986876,0.000351;;,
   8960;4;0.141068,0.001761,0.989998,-0.000251;;,
   9120;4;0.124576,0.002164,0.992204,-0.002657;;,
   9280;4;0.109380,0.004707,0.993967,-0.006648;;,
   9440;4;0.094916,0.007458,0.995382,-0.012287;;,
   9600;4;0.080615,0.008485,0.996516,-0.019633;;,
   9760;4;0.064339,0.007200,0.997343,-0.033398;;,
   9920;4;0.048700,0.003994,0.997546,-0.050151;;,
   10080;4;0.040299,-0.001589,0.997515,-0.057767;;,
   10240;4;0.040937,-0.010758,0.997686,-0.053203;;,
   10400;4;0.046086,-0.022600,0.997738,-0.043409;;,
   10560;4;0.052881,-0.034377,0.997518,-0.031286;;,
   10720;4;0.058464,-0.043356,0.997152,-0.019750;;,
   10880;4;0.059994,-0.046820,0.997031,-0.011727;;,
   11040;4;0.059595,-0.040392,0.997385,-0.006288;;,
   11200;4;0.059155,-0.025882,0.997912,-0.001488;;,
   11360;4;0.055495,-0.009862,0.998410,0.001272;;,
   11520;4;0.045463,0.001082,0.998965,0.000597;;,
   11680;4;0.025925,0.000365,0.999652,-0.004904;;,
   11840;4;-0.023321,-0.031314,0.999169,-0.011682;;,
   12000;4;-0.092945,-0.082973,0.991777,-0.029259;;,
   12160;4;-0.141898,-0.115901,0.979970,-0.078042;;,
   12320;4;-0.160585,-0.115139,0.965604,-0.169011;;,
   12480;4;-0.165502,-0.098520,0.939564,-0.283059;;,
   12640;4;-0.157149,-0.078321,0.901772,-0.394940;;,
   12800;4;-0.138837,-0.068081,0.862190,-0.482408;;,
   12960;4;-0.101106,-0.075748,0.834857,-0.535773;;,
   13120;4;-0.047417,-0.094895,0.817841,-0.565582;;,
   13280;4;-0.002304,-0.117682,0.803204,-0.583960;;,
   13440;4;0.021978,-0.143015,0.790386,-0.595276;;,
   13600;4;0.037459,-0.172238,0.782643,-0.596993;;,
   13760;4;0.056009,-0.201128,0.778527,-0.591867;;,
   13920;4;0.081655,-0.228900,0.776269,-0.581673;;,
   14080;4;0.110262,-0.256113,0.777098,-0.564241;;,
   14240;4;0.141416,-0.280453,0.783514,-0.536146;;,
   14400;4;0.172212,-0.305689,0.794657,-0.495395;;,
   14560;4;0.204987,-0.327151,0.809252,-0.442791;;,
   14720;4;0.246952,-0.329866,0.828545,-0.379101;;,
   14880;4;0.297895,-0.307836,0.853792,-0.295864;;,
   15040;4;0.350726,-0.269028,0.875149,-0.196798;;,
   15200;4;0.403462,-0.221957,0.881687,-0.102865;;,
   15360;4;0.456849,-0.178095,0.870780,-0.036254;;,
   15520;4;0.516037,-0.139853,0.845011,-0.010195;;,
   15680;4;0.579758,-0.102818,0.808188,-0.011885;;,
   15840;4;0.640767,-0.069208,0.764252,-0.023387;;,
   16000;4;0.693243,-0.041233,0.719040,-0.026373;;,
   16160;4;0.734317,-0.023332,0.678265,-0.013801;;,
   16320;4;0.768968,-0.015017,0.639105,0.002852;;,
   16480;4;0.803473,-0.010924,0.595073,0.014158;;,
   16640;4;0.841322,-0.010660,0.540206,0.015517;;,
   16800;4;0.877209,-0.014615,0.479749,0.011457;;,
   16960;4;0.905230,-0.018457,0.424474,0.006397;;,
   17120;4;0.926074,-0.021758,0.376710,0.001805;;,
   17280;4;0.941604,-0.024975,0.335775,-0.003733;;,
   17440;4;0.950605,-0.025131,0.309223,-0.010018;;,
   17600;4;0.953628,-0.021394,0.299755,-0.016838;;,
   17760;4;0.953247,-0.015610,0.300826,-0.024090;;,
   17920;4;0.951212,-0.008022,0.306889,-0.030828;;,
   18080;4;0.948176,0.001977,0.315665,-0.036240;;,
   18240;4;0.943033,0.015454,0.329618,-0.042453;;,
   18400;4;0.934431,0.029286,0.351803,-0.047078;;,
   18560;4;0.923066,0.037133,0.379850,-0.047802;;,
   18720;4;0.910766,0.037009,0.408589,-0.046819;;,
   18880;4;0.901598,0.031576,0.428978,-0.045852;;,
   19040;4;0.899785,0.025410,0.433402,-0.043631;;,
   19200;4;0.905634,0.019443,0.422189,-0.034727;;,
   19360;4;0.915304,0.012894,0.402027,-0.020632;;,
   19520;4;0.925312,0.006158,0.379125,-0.004954;;,
   19680;4;0.932904,-0.000358,0.360020,0.008676;;,
   19840;4;0.936013,-0.006245,0.351517,0.016629;;,
   20000;4;0.931242,-0.012127,0.363879,0.015257;;,
   20160;4;0.919996,-0.017917,0.391456,0.006955;;,
   20320;4;0.908390,-0.022153,0.417528,-0.002803;;,
   20480;4;0.904316,-0.023418,0.426137,-0.008514;;,
   20640;4;0.910901,-0.020929,0.411997,-0.008959;;,
   20800;4;0.922748,-0.015829,0.385009,-0.007277;;,
   20960;4;0.935781,-0.009623,0.352421,-0.004515;;,
   21120;4;0.946776,-0.003835,0.321865,-0.001733;;,
   21280;4;0.953518,-0.000000,0.301336,0.000000;;,
   21760;4;0.953518,-0.000000,0.301336,0.000000;;;
  }

  AnimationKey T {
   2;
   136;
   0;3;0.000000,117.985254,0.000000;;,
   160;3;-0.012126,117.772070,-0.128691;;,
   320;3;-0.000695,117.587904,-0.282051;;,
   480;3;0.020158,117.421850,-0.445280;;,
   640;3;0.036300,117.263027,-0.603575;;,
   800;3;0.033597,117.100570,-0.742134;;,
   960;3;-0.002085,116.923648,-0.846154;;,
   1120;3;-0.084880,116.721357,-0.900835;;,
   1280;3;-0.228921,116.482816,-0.891372;;,
   1440;3;-0.682646,116.197171,-0.973603;;,
   1600;3;-1.419777,115.853542,-1.036374;;,
   1760;3;-2.042377,115.441075,-0.664398;;,
   1920;3;-2.152511,114.688013,0.557609;;,
   2080;3;-1.666038,113.535949,2.515442;;,
   2240;3;-0.850296,112.294003,4.873370;;,
   2400;3;0.165438,111.271270,7.714386;;,
   2560;3;1.251894,110.776845,11.121495;;,
   2720;3;2.279793,110.909312,15.177691;;,
   2880;3;3.590875,111.442906,21.131218;;,
   3040;3;4.978701,112.200294,28.734070;;,
   3200;3;5.491724,113.004122,35.824835;;,
   3360;3;5.036306,113.677005,41.803293;;,
   3520;3;4.242183,114.041613,47.569322;;,
   3680;3;3.242876,114.070592,53.211699;;,
   3840;3;2.171900,113.882931,58.819232;;,
   4000;3;1.162784,113.520794,64.480653;;,
   4160;3;0.349044,113.026342,70.284749;;,
   4320;3;-0.135801,112.441741,76.320320;;,
   4480;3;-0.082041,111.659699,82.735558;;,
   4640;3;0.499509,110.643507,89.537920;;,
   4800;3;1.411588,109.541261,96.605056;;,
   4960;3;2.456933,108.501043,103.814643;;,
   5120;3;3.781772,107.292838,111.473818;;,
   5280;3;5.425034,105.927539,119.534592;;,
   5440;3;7.028509,104.914451,127.341862;;,
   5600;3;8.233987,104.762957,134.240589;;,
   5760;3;8.760100,105.554010,139.718541;;,
   5920;3;8.790937,106.878419,143.969472;;,
   6080;3;8.666463,108.510285,147.397222;;,
   6240;3;8.475663,110.223731,150.102464;;,
   6400;3;8.129552,111.792883,151.984512;;,
   6560;3;7.701151,112.991834,153.145114;;,
   6720;3;7.285174,113.877606,153.776717;;,
   6880;3;6.857826,114.606694,154.003008;;,
   7040;3;6.314353,115.102438,153.822451;;,
   7200;3;5.550004,115.288141,153.233587;;,
   7360;3;4.421050,115.087168,152.124301;;,
   7520;3;3.021957,114.619674,150.532621;;,
   7680;3;1.605266,114.065229,148.682214;;,
   7840;3;0.423518,113.436352,146.796787;;,
   8000;3;-0.521204,112.745549,144.800678;;,
   8160;3;-1.341835,112.005299,142.619686;;,
   8320;3;-1.958359,111.228096,140.479642;;,
   8480;3;-2.290761,110.426470,138.606323;;,
   8640;3;-2.159882,109.612915,136.986790;;,
   8800;3;-1.571313,108.799898,135.707622;;,
   8960;3;-0.722168,107.999962,135.143949;;,
   9120;3;0.289059,107.225587,135.064883;;,
   9280;3;1.443328,106.489274,135.059507;;,
   9440;3;2.662749,105.803514,135.233037;;,
   9600;3;3.869408,105.180819,135.690586;;,
   9760;3;4.985396,104.633683,136.537306;;,
   9920;3;5.932818,104.174605,137.878400;;,
   10080;3;6.656502,104.079923,140.052083;;,
   10240;3;7.168531,104.475008,143.176435;;,
   10400;3;7.491874,105.145843,147.026483;;,
   10560;3;7.649499,105.878400,151.377229;;,
   10720;3;7.581103,106.458720,156.485683;;,
   10880;3;7.296579,106.676019,162.366195;;,
   11040;3;6.924189,106.739642,168.429683;;,
   11200;3;6.592190,107.065702,174.087130;;,
   11360;3;6.269580,108.070336,179.232243;;,
   11520;3;5.909688,110.024435,184.162291;;,
   11680;3;5.617277,112.652723,188.893376;;,
   11840;3;5.497112,115.552192,193.441702;;,
   12000;3;5.564043,118.319757,197.802522;;,
   12160;3;5.875104,120.997363,201.828762;;,
   12320;3;6.598339,123.822310,205.323277;;,
   12480;3;7.906794,126.684710,208.124736;;,
   12640;3;9.627413,129.474624,210.394406;;,
   12800;3;11.409113,132.082163,212.418957;;,
   12960;3;13.358765,134.397389,214.258483;;,
   13120;3;15.369478,136.310400,215.852851;;,
   13280;3;16.769539,136.750835,217.308570;;,
   13440;3;17.211125,135.799322,218.792346;;,
   13600;3;17.042050,135.072358,220.137421;;,
   13760;3;16.634013,135.400205,220.949837;;,
   13920;3;15.943360,135.952627,221.254707;;,
   14080;3;15.013754,135.855411,221.026918;;,
   14240;3;14.347854,135.023859,219.797325;;,
   14400;3;14.129789,133.997478,217.735885;;,
   14560;3;14.116200,132.838362,215.364787;;,
   14720;3;14.168538,131.608563,212.743219;;,
   14880;3;14.148256,130.370227,209.930406;;,
   15040;3;13.916808,129.185408,206.985459;;,
   15200;3;13.335652,128.116198,203.967654;;,
   15360;3;12.074959,127.224717,200.648589;;,
   15520;3;10.191850,127.804685,196.941747;;,
   15680;3;8.128206,128.036122,193.118899;;,
   15840;3;6.325904,126.376026,189.451840;;,
   16000;3;4.804985,124.417498,186.046118;;,
   16160;3;3.362378,122.256192,182.745715;;,
   16320;3;2.105294,119.987610,179.430221;;,
   16480;3;1.140943,117.707354,175.979238;;,
   16640;3;0.437552,115.511002,172.175680;;,
   16800;3;-0.041936,113.494144,168.145421;;,
   16960;3;-0.198240,111.752384,164.282470;;,
   17120;3;0.067926,110.381222,160.980774;;,
   17280;3;1.168835,109.476288,158.488550;;,
   17440;3;2.961956,109.211302,156.760717;;,
   17600;3;4.714404,109.590528,155.751206;;,
   17760;3;6.273867,110.455450,155.243123;;,
   17920;3;7.822010,111.711795,154.647898;;,
   18080;3;9.086926,113.189594,153.111258;;,
   18240;3;9.859563,114.616602,149.831578;;,
   18400;3;10.045338,115.815501,144.266419;;,
   18560;3;9.680897,116.702426,136.276326;;,
   18720;3;8.884363,117.447155,126.189376;;,
   18880;3;7.891137,118.451046,114.685734;;,
   19040;3;6.857590,120.127603,102.689555;;,
   19200;3;5.830455,122.147187,90.767782;;,
   19360;3;4.819343,123.830426,79.031981;;,
   19520;3;3.833869,124.457216,67.593773;;,
   19680;3;2.883648,123.964186,56.564742;;,
   19840;3;1.978294,122.904115,46.056458;;,
   20000;3;1.127421,121.481216,36.180538;;,
   20160;3;0.340646,119.899622,27.048579;;,
   20320;3;-0.372422,118.363571,18.772142;;,
   20480;3;-1.002163,117.077222,11.462855;;,
   20640;3;-1.538966,115.968422,5.232275;;,
   20800;3;-1.973216,114.877030,0.192018;;,
   20960;3;-2.295297,113.875264,-3.546316;;,
   21120;3;-2.495597,113.035328,-5.871153;;,
   21280;3;-2.564499,112.429440,-6.670894;;,
   21440;3;-2.633402,112.429440,-7.470635;;,
   21760;3;-2.633402,112.429440,-7.470635;;;
  }
 }

 Animation {
  
  { Bip001_Pelvis }

  AnimationKey S {
   1;
   2;
   0;3;1.000000,1.000000,1.000000;;,
   21760;3;1.000000,1.000000,1.000000;;;
  }

  AnimationKey R {
   0;
   11;
   0;4;-0.487542,0.512155,0.487542,0.512155;;,
   17760;4;-0.487542,0.512155,0.487542,0.512155;;,
   17920;4;-0.487365,0.512324,0.487364,0.512324;;,
   18080;4;-0.486859,0.512804,0.486858,0.512805;;,
   18240;4;-0.486101,0.513523,0.486101,0.513523;;,
   18400;4;-0.485206,0.514369,0.485205,0.514370;;,
   18560;4;-0.484309,0.515214,0.484308,0.515214;;,
   18720;4;-0.483547,0.515928,0.483547,0.515929;;,
   18880;4;-0.483038,0.516405,0.483037,0.516406;;,
   19040;4;-0.482859,0.516573,0.482858,0.516573;;,
   21760;4;-0.482859,0.516573,0.482858,0.516573;;;
  }

  AnimationKey T {
   2;
   2;
   0;3;0.000000,0.000000,0.000000;;,
   21760;3;0.000000,0.000000,0.000000;;;
  }
 }

 Animation {
  
  { Bip001_Spine }

  AnimationKey S {
   1;
   2;
   0;3;1.000000,1.000000,1.000000;;,
   21760;3;1.000000,1.000000,1.000000;;;
  }

  AnimationKey R {
   0;
   135;
   0;4;0.994515,0.057140,0.084045,0.024719;;,
   160;4;0.995294,0.050370,0.079380,0.023495;;,
   320;4;0.996006,0.043212,0.074835,0.022455;;,
   480;4;0.996646,0.035896,0.070335,0.021487;;,
   640;4;0.997211,0.028655,0.065804,0.020480;;,
   800;4;0.997704,0.021720,0.061168,0.019323;;,
   960;4;0.998133,0.015322,0.056352,0.017906;;,
   1120;4;0.998507,0.009695,0.051283,0.016118;;,
   1280;4;0.998838,0.005068,0.045887,0.013847;;,
   1440;4;0.999147,0.001796,0.039772,0.011006;;,
   1600;4;0.999431,-0.000172,0.032864,0.007647;;,
   1760;4;0.999665,-0.001209,0.025559,0.003866;;,
   1920;4;0.999832,-0.001690,0.018258,-0.000235;;,
   2080;4;0.999923,-0.001991,0.011357,-0.004559;;,
   2240;4;0.999943,-0.002487,0.005255,-0.009005;;,
   2400;4;0.999903,-0.003552,0.000350,-0.013475;;,
   2560;4;0.999794,-0.005551,-0.002051,-0.019429;;,
   2720;4;0.999609,-0.008041,-0.001909,-0.026704;;,
   2880;4;0.999411,-0.010188,-0.000723,-0.032769;;,
   3040;4;0.999322,-0.011158,0.000007,-0.035092;;,
   3200;4;0.999395,-0.010692,0.000037,-0.033098;;,
   3360;4;0.999548,-0.009370,0.000112,-0.028572;;,
   3520;4;0.999717,-0.007613,0.000206,-0.022531;;,
