xof 0303txt 0032
template Frame {
 <3d82ab46-62da-11cf-ab39-0020af71e433>
 [...]
}

template Matrix4x4 {
 <f6f23f45-7686-11cf-8f52-0040333594a3>
 array FLOAT matrix[16];
}

template FrameTransformMatrix {
 <f6f23f41-7686-11cf-8f52-0040333594a3>
 Matrix4x4 frameMatrix;
}

template Vector {
 <3d82ab5e-62da-11cf-ab39-0020af71e433>
 FLOAT x;
 FLOAT y;
 FLOAT z;
}

template MeshFace {
 <3d82ab5f-62da-11cf-ab39-0020af71e433>
 DWORD nFaceVertexIndices;
 array DWORD faceVertexIndices[nFaceVertexIndices];
}

template Mesh {
 <3d82ab44-62da-11cf-ab39-0020af71e433>
 DWORD nVertices;
 array Vector vertices[nVertices];
 DWORD nFaces;
 array MeshFace faces[nFaces];
 [...]
}

template VertexElement {
 <f752461c-1e23-48f6-b9f8-8350850f336f>
 DWORD Type;
 DWORD Method;
 DWORD Usage;
 DWORD UsageIndex;
}

template DeclData {
 <bf22e553-292c-4781-9fea-62bd554bdd93>
 DWORD nElements;
 array VertexElement Elements[nElements];
 DWORD nDWords;
 array DWORD data[nDWords];
}

template XSkinMeshHeader {
 <3cf169ce-ff7c-44ab-93c0-f78f62d172e2>
 WORD nMaxSkinWeightsPerVertex;
 WORD nMaxSkinWeightsPerFace;
 WORD nBones;
}

template SkinWeights {
 <6f0d123b-bad2-4167-a0d0-80224f25fabb>
 STRING transformNodeName;
 DWORD nWeights;
 array DWORD vertexIndices[nWeights];
 array FLOAT weights[nWeights];
 Matrix4x4 matrixOffset;
}

template AnimTicksPerSecond {
 <9e415a43-7ba6-4a73-8743-b73d47e88476>
 DWORD AnimTicksPerSecond;
}

template Animation {
 <3d82ab4f-62da-11cf-ab39-0020af71e433>
 [...]
}

template AnimationSet {
 <3d82ab50-62da-11cf-ab39-0020af71e433>
 [Animation <3d82ab4f-62da-11cf-ab39-0020af71e433>]
}

template FloatKeys {
 <10dd46a9-775b-11cf-8f52-0040333594a3>
 DWORD nValues;
 array FLOAT values[nValues];
}

template TimedFloatKeys {
 <f406b180-7b3b-11cf-8f52-0040333594a3>
 DWORD time;
 FloatKeys tfkeys;
}

template AnimationKey {
 <10dd46a8-775b-11cf-8f52-0040333594a3>
 DWORD keyType;
 DWORD nKeys;
 array TimedFloatKeys keys[nKeys];
}


Frame Bip001 {
 

 FrameTransformMatrix {
  0.766044,0.000000,0.642788,0.000000,0.000000,1.000000,-0.000000,0.000000,-0.642788,0.000000,0.766044,0.000000,0.000000,117.517069,0.000000,1.000000;;
 }

 Frame Bip001_Pelvis {
  

  FrameTransformMatrix {
   -0.000000,0.998788,0.049211,0.000000,-0.000001,-0.049211,0.998789,0.000000,1.000000,-0.000000,0.000001,0.000000,0.000000,0.000000,0.000000,1.000000;;
  }

  Frame Bip001_Spine {
   

   FrameTransformMatrix {
    0.984651,-0.039563,0.169993,0.000000,0.058772,0.992248,-0.109498,0.000000,-0.164343,0.117808,0.979343,0.000000,14.246781,-0.703362,-0.012578,1.000000;;
   }

   Frame Bip001_Spine1 {
    

    FrameTransformMatrix {
     0.998973,0.038831,-0.023341,0.000000,-0.036688,0.995609,0.086119,0.000000,0.026582,-0.085175,0.996011,0.000000,16.121888,0.001093,-0.012785,1.000000;;
    }

    Frame Bip001_Spine2 {
     

     FrameTransformMatrix {
      0.997659,0.006998,-0.068025,0.000000,-0.000433,0.995377,0.096041,0.000000,0.068383,-0.095787,0.993050,0.000000,16.121323,0.001230,-0.012749,1.000000;;
     }

     Frame Bip001_Spine3 {
      

      FrameTransformMatrix {
       0.986476,-0.104584,-0.126207,0.000000,0.108928,0.993655,0.028000,0.000000,0.122478,-0.041369,0.991609,0.000000,16.120651,0.000531,-0.012730,1.000000;;
      }

      Frame Bip001_Neck {
       

       FrameTransformMatrix {
        0.899240,0.000001,0.437456,0.000000,-0.000001,1.000000,-0.000000,0.000000,-0.437456,-0.000000,0.899240,0.000000,16.125458,0.000000,-0.006662,1.000000;;
       }

       Frame Bip001_L_Clavicle {
        

        FrameTransformMatrix {
         -0.240080,0.970663,-0.013237,0.000000,0.867825,0.208495,-0.451009,0.000000,-0.435018,-0.119766,-0.892421,0.000000,0.000000,4.340599,0.007393,1.000000;;
        }

        Frame Bip001_L_UpperArm {
         

         FrameTransformMatrix {
          0.762045,-0.232226,-0.604449,0.000000,0.293123,0.956072,0.002230,0.000000,0.577379,-0.178877,0.796641,0.000000,16.122222,0.000015,0.000000,1.000000;;
         }

         Frame Bip001_L_Forearm {
          

          FrameTransformMatrix {
           0.586666,0.000000,-0.809829,0.000000,0.000000,1.000000,0.000000,0.000000,0.809829,0.000000,0.586665,0.000000,44.136819,0.000000,0.000000,1.000000;;
          }

          Frame Bip001_L_Hand {
           

           FrameTransformMatrix {
            0.994184,-0.020071,0.105808,0.000000,-0.100164,-0.533264,0.839998,0.000000,0.039565,-0.845711,-0.532173,0.000000,37.683370,0.000000,0.000004,1.000000;;
           }

           Frame Bip001_L_Finger0 {
            

            FrameTransformMatrix {
             0.507051,-0.208417,0.836338,0.000000,0.787258,0.507013,-0.350946,0.000000,-0.350891,0.836362,0.421159,0.000000,4.289879,-5.456864,2.394806,1.000000;;
            }

            Frame Bip001_L_Finger01 {
             

             FrameTransformMatrix {
              0.845231,0.000000,0.534402,0.000000,0.000000,1.000000,0.000000,0.000000,-0.534402,0.000000,0.845231,0.000000,3.875534,0.000008,0.000015,1.000000;;
             }

             Frame Bip001_L_Finger02 {
              

              FrameTransformMatrix {
               0.717331,0.000000,0.696733,0.000000,-0.000000,1.000000,-0.000000,0.000000,-0.696733,-0.000000,0.717331,0.000000,3.875534,-0.000011,0.000000,1.000000;;
              }

              Frame Bip001_L_Finger0Nub {
               

               FrameTransformMatrix {
                1.000000,0.000000,-0.000000,0.000000,-0.000000,1.000000,-0.000000,0.000000,0.000000,0.000000,1.000000,0.000000,3.875534,0.000000,0.000003,1.000000;;
               }
              }
             }
            }
           }

           Frame Bip001_L_Finger1 {
            

            FrameTransformMatrix {
             0.918251,-0.000315,0.395999,0.000000,0.000000,1.000000,0.000796,0.000000,-0.396000,-0.000731,0.918250,0.000000,11.734268,-5.461197,-0.417770,1.000000;;
            }

            Frame Bip001_L_Finger11 {
             

             FrameTransformMatrix {
              0.361810,0.000000,0.932252,0.000000,-0.000000,1.000000,-0.000000,0.000000,-0.932252,-0.000000,0.361810,0.000000,4.650650,0.000000,-0.000015,1.000000;;
             }

             Frame Bip001_L_Finger12 {
              

              FrameTransformMatrix {
               0.141925,0.000000,0.989878,0.000000,0.000000,1.000000,0.000000,0.000000,-0.989878,0.000000,0.141925,0.000000,4.650665,0.000015,0.000000,1.000000;;
              }

              Frame Bip001_L_Finger1Nub {
               

               FrameTransformMatrix {
                1.000000,-0.000000,-0.000000,0.000000,-0.000000,1.000000,0.000000,0.000000,-0.000000,0.000000,1.000000,0.000000,4.650642,0.000000,0.000008,1.000000;;
               }
              }
             }
            }
           }

           Frame Bip001_L_Finger2 {
            

            FrameTransformMatrix {
             0.924595,0.042567,0.378566,0.000000,-0.054546,0.998291,0.020970,0.000000,-0.377027,-0.040038,0.925337,0.000000,11.686760,-1.501328,-0.364777,1.000000;;
            }

            Frame Bip001_L_Finger21 {
             

             FrameTransformMatrix {
              0.348076,-0.000000,0.937466,0.000000,-0.000000,1.000000,0.000000,0.000000,-0.937466,-0.000000,0.348076,0.000000,4.698433,0.000015,0.000000,1.000000;;
             }

             Frame Bip001_L_Finger22 {
              

              FrameTransformMatrix {
               0.030602,0.000000,0.999532,0.000000,-0.000000,1.000000,-0.000000,0.000000,-0.999532,0.000000,0.030602,0.000000,5.425751,-0.000015,0.000000,1.000000;;
              }

              Frame Bip001_L_Finger2Nub {
               

               FrameTransformMatrix {
                1.000000,-0.000000,0.000000,0.000000,0.000000,1.000000,-0.000000,0.000000,-0.000000,-0.000000,1.000000,0.000000,5.425758,0.000000,0.000000,1.000000;;
               }
              }
             }
            }
           }

           Frame Bip001_L_Finger3 {
            

            FrameTransformMatrix {
             0.935966,0.064664,0.346102,0.000000,-0.084190,0.995578,0.041667,0.000000,-0.341878,-0.068137,0.937271,0.000000,11.686195,1.606094,-0.362915,1.000000;;
            }

            Frame Bip001_L_Finger31 {
             

             FrameTransformMatrix {
              0.419784,0.000000,0.907624,0.000000,-0.000000,1.000000,0.000000,0.000000,-0.907624,0.000000,0.419784,0.000000,4.316547,0.000000,0.000000,1.000000;;
             }

             Frame Bip001_L_Finger32 {
              

              FrameTransformMatrix {
               0.000102,-0.000000,1.000000,0.000000,-0.000000,1.000000,0.000000,0.000000,-1.000000,0.000000,0.000102,0.000000,4.650650,0.000000,0.000000,1.000000;;
              }

              Frame Bip001_L_Finger3Nub {
               

               FrameTransformMatrix {
                1.000000,-0.000000,0.000000,0.000000,-0.000000,1.000000,0.000000,0.000000,-0.000000,0.000000,1.000000,0.000000,4.650635,0.000015,0.000000,1.000000;;
               }
              }
             }
            }
           }

           Frame Bip001_L_Finger4 {
            

            FrameTransformMatrix {
             0.752888,0.029285,0.657497,0.000000,-0.043233,0.999053,0.005008,0.000000,-0.656728,-0.032196,0.753440,0.000000,10.216782,4.386826,-0.631805,1.000000;;
            }

            Frame Bip001_L_Finger41 {
             

             FrameTransformMatrix {
              0.392584,0.000000,0.919716,0.000000,0.000000,1.000000,0.000000,0.000000,-0.919716,0.000000,0.392584,0.000000,3.003704,0.000000,0.000000,1.000000;;
             }

             Frame Bip001_L_Finger42 {
              

              FrameTransformMatrix {
               0.022317,0.000000,0.999751,0.000000,0.000000,1.000000,-0.000000,0.000000,-0.999751,0.000000,0.022317,0.000000,3.003723,0.000015,0.000000,1.000000;;
              }

              Frame Bip001_L_Finger4Nub {
               

               FrameTransformMatrix {
                1.000000,0.000000,0.000000,0.000000,0.000000,1.000000,0.000000,0.000000,0.000000,-0.000000,1.000000,0.000000,3.003712,-0.000015,0.000000,1.000000;;
               }
              }
             }
            }
           }
          }
         }
        }
       }

       Frame Bip001_R_Clavicle {
        

        FrameTransformMatrix {
         -0.144915,-0.989409,-0.008302,0.000000,-0.887687,0.126301,0.442787,0.000000,-0.437049,0.071536,-0.896588,0.000000,0.000015,-4.340598,0.007416,1.000000;;
        }

        Frame Bip001_R_UpperArm {
         

         FrameTransformMatrix {
          0.614151,0.379145,-0.692147,0.000000,-0.214965,0.924242,0.315542,0.000000,0.759347,-0.045003,0.649127,0.000000,16.122227,0.000000,-0.000001,1.000000;;
         }

         Frame Bip001_R_Forearm {
          

          FrameTransformMatrix {
           0.299269,-0.000000,-0.954169,0.000000,0.000000,1.000000,-0.000000,0.000000,0.954169,-0.000000,0.299269,0.000000,44.136813,0.000000,0.000000,1.000000;;
          }

          Frame Bip001_R_Hand {
           

           FrameTransformMatrix {
            0.994184,0.020071,0.105808,0.000000,0.101502,-0.502998,-0.858307,0.000000,0.035995,0.864055,-0.502109,0.000000,37.683366,0.000015,-0.000008,1.000000;;
           }

           Frame Bip001_R_Finger0 {
            

            FrameTransformMatrix {
             0.507051,0.208417,0.836338,0.000000,-0.787258,0.507013,0.350946,0.000000,-0.350891,-0.836362,0.421159,0.000000,4.289871,5.456848,2.394821,1.000000;;
            }

            Frame Bip001_R_Finger01 {
             

             FrameTransformMatrix {
              0.845231,-0.000000,0.534402,0.000000,0.000000,1.000000,0.000000,0.000000,-0.534402,0.000000,0.845231,0.000000,3.875534,-0.000004,0.000015,1.000000;;
             }

             Frame Bip001_R_Finger02 {
              

              FrameTransformMatrix {
               0.717331,0.000000,0.696733,0.000000,0.000000,1.000000,0.000000,0.000000,-0.696733,-0.000000,0.717331,0.000000,3.875519,0.000004,0.000008,1.000000;;
              }

              Frame Bip001_R_Finger0Nub {
               

               FrameTransformMatrix {
                -1.000000,0.000000,-0.000000,0.000000,0.000000,1.000000,-0.000000,0.000000,-0.000000,0.000000,-1.000000,0.000000,3.875519,0.000004,0.000000,1.000000;;
               }
              }
             }
            }
           }

           Frame Bip001_R_Finger1 {
            

            FrameTransformMatrix {
             0.918251,0.000315,0.395999,0.000000,-0.000000,1.000000,-0.000796,0.000000,-0.396000,0.000731,0.918250,0.000000,11.734268,5.461197,-0.417755,1.000000;;
            }

            Frame Bip001_R_Finger11 {
             

             FrameTransformMatrix {
              0.361810,-0.000000,0.932252,0.000000,-0.000000,1.000000,0.000000,0.000000,-0.932252,0.000000,0.361810,0.000000,4.650650,-0.000008,0.000015,1.000000;;
             }

             Frame Bip001_R_Finger12 {
              

              FrameTransformMatrix {
               0.141925,-0.000000,0.989877,0.000000,0.000000,1.000000,0.000000,0.000000,-0.989877,0.000000,0.141925,0.000000,4.650650,-0.000008,0.000000,1.000000;;
              }

              Frame Bip001_R_Finger1Nub {
               

               FrameTransformMatrix {
                -1.000000,0.000000,-0.000000,0.000000,-0.000000,1.000000,0.000000,0.000000,-0.000000,0.000000,-1.000000,0.000000,4.650646,-0.000008,-0.000008,1.000000;;
               }
              }
             }
            }
           }

           Frame Bip001_R_Finger2 {
            

            FrameTransformMatrix {
             0.924595,-0.042567,0.378566,0.000000,0.054546,0.998291,-0.020970,0.000000,-0.377027,0.040038,0.925337,0.000000,11.686764,1.501312,-0.364777,1.000000;;
            }

            Frame Bip001_R_Finger21 {
             

             FrameTransformMatrix {
              0.348076,-0.000000,0.937466,0.000000,0.000000,1.000000,0.000000,0.000000,-0.937466,0.000000,0.348076,0.000000,4.698437,0.000000,0.000031,1.000000;;
             }

             Frame Bip001_R_Finger22 {
              

              FrameTransformMatrix {
               0.030602,-0.000000,0.999532,0.000000,0.000000,1.000000,-0.000000,0.000000,-0.999532,0.000000,0.030602,0.000000,5.425720,0.000000,0.000000,1.000000;;
              }

              Frame Bip001_R_Finger2Nub {
               

               FrameTransformMatrix {
                -1.000000,0.000000,-0.000000,0.000000,0.000000,1.000000,-0.000000,0.000000,0.000000,-0.000000,-1.000000,0.000000,5.425751,-0.000015,-0.000008,1.000000;;
               }
              }
             }
            }
           }

           Frame Bip001_R_Finger3 {
            

            FrameTransformMatrix {
             0.935966,-0.064664,0.346102,0.000000,0.084190,0.995578,-0.041667,0.000000,-0.341878,0.068137,0.937271,0.000000,11.686188,-1.606110,-0.362915,1.000000;;
            }

            Frame Bip001_R_Finger31 {
             

             FrameTransformMatrix {
              0.419784,0.000000,0.907624,0.000000,0.000000,1.000000,-0.000000,0.000000,-0.907624,-0.000000,0.419784,0.000000,4.316540,0.000000,-0.000015,1.000000;;
             }

             Frame Bip001_R_Finger32 {
              

              FrameTransformMatrix {
               0.000102,-0.000000,1.000000,0.000000,0.000000,1.000000,0.000000,0.000000,-1.000000,-0.000000,0.000102,0.000000,4.650658,0.000000,0.000008,1.000000;;
              }

              Frame Bip001_R_Finger3Nub {
               

               FrameTransformMatrix {
                -1.000000,-0.000000,-0.000000,0.000000,-0.000000,1.000000,-0.000000,0.000000,-0.000000,0.000000,-1.000000,0.000000,4.650642,0.000000,0.000008,1.000000;;
               }
              }
             }
            }
           }

           Frame Bip001_R_Finger4 {
            

            FrameTransformMatrix {
             0.752888,-0.029285,0.657497,0.000000,0.043233,0.999053,-0.005008,0.000000,-0.656728,0.032196,0.753440,0.000000,10.216782,-4.386826,-0.631805,1.000000;;
            }

            Frame Bip001_R_Finger41 {
             

             FrameTransformMatrix {
              0.392584,-0.000000,0.919716,0.000000,0.000000,1.000000,0.000000,0.000000,-0.919716,-0.000000,0.392584,0.000000,3.003708,0.000000,0.000000,1.000000;;
             }

             Frame Bip001_R_Finger42 {
              

              FrameTransformMatrix {
               0.022317,0.000000,0.999751,0.000000,-0.000000,1.000000,0.000000,0.000000,-0.999751,0.000000,0.022317,0.000000,3.003708,0.000008,0.000000,1.000000;;
              }

              Frame Bip001_R_Finger4Nub {
               

               FrameTransformMatrix {
                -1.000000,0.000000,-0.000000,0.000000,0.000000,1.000000,0.000000,0.000000,0.000000,-0.000000,-1.000000,0.000000,3.003716,-0.000015,-0.000015,1.000000;;
               }
              }
             }
            }
           }
          }
         }
        }
       }

       Frame Bip001_Head {
        

        FrameTransformMatrix {
         0.879956,0.091766,-0.466107,0.000000,-0.432758,0.559560,-0.706833,0.000000,0.195952,0.823694,0.532101,0.000000,15.765381,-0.911513,-0.005142,1.000000;;
        }

        Frame Bip001_HeadNub {
         

         FrameTransformMatrix {
          1.000000,0.000000,0.000000,0.000000,0.000000,1.000000,0.000000,0.000000,0.000000,-0.000000,1.000000,0.000000,29.144013,-0.000002,0.000000,1.000000;;
         }
        }
       }
      }
     }
    }
   }

   Frame Bip001_L_Thigh {
    

    FrameTransformMatrix {
     -0.741494,0.278462,0.610448,0.000000,-0.026158,-0.921118,0.388404,0.000000,0.670450,0.272031,0.690287,0.000000,-14.544456,12.164782,3.897591,1.000000;;
    }

    Frame Bip001_L_Calf {
     

     FrameTransformMatrix {
      0.937889,-0.000000,-0.346936,0.000000,0.000000,1.000000,0.000000,0.000000,0.346936,0.000000,0.937889,0.000000,54.040723,0.000000,-0.000008,1.000000;;
     }

     Frame Bip001_L_Foot {
      

      FrameTransformMatrix {
       0.971541,0.105869,-0.211895,0.000000,-0.050538,0.966607,0.251230,0.000000,0.231417,-0.233372,0.944449,0.000000,58.826861,-0.000004,0.000004,1.000000;;
      }

      Frame Bip001_L_Toe0 {
       

       FrameTransformMatrix {
        -0.000000,0.000000,1.000000,0.000000,-0.000000,1.000000,-0.000000,0.000000,-1.000000,-0.000000,0.000000,0.000000,14.261973,-0.000001,18.354526,1.000000;;
       }

       Frame Bip001_L_Toe01 {
        

        FrameTransformMatrix {
         1.000000,0.000000,0.000000,0.000000,-0.000000,1.000000,0.000000,0.000000,0.000000,0.000000,1.000000,0.000000,1.860268,-0.000001,0.000000,1.000000;;
        }

        Frame Bip001_L_Toe02 {
         

         FrameTransformMatrix {
          1.000000,0.000000,0.000000,0.000000,-0.000000,1.000000,0.000000,0.000000,0.000000,0.000000,1.000000,0.000000,1.860252,0.000001,0.000000,1.000000;;
         }

         Frame Bip001_L_Toe0Nub {
          

          FrameTransformMatrix {
           -1.000000,0.000000,-0.000000,0.000000,0.000000,1.000000,0.000000,0.000000,0.000000,0.000000,-1.000000,0.000000,1.860252,0.000000,-0.000000,1.000000;;
          }
         }
        }
       }
      }
     }
    }
   }

   Frame Bip001_R_Thigh {
    

    FrameTransformMatrix {
     -0.938448,-0.270622,0.214661,0.000000,0.201777,-0.933881,-0.295217,0.000000,0.280360,-0.233732,0.931004,0.000000,-13.563141,-12.446356,0.975500,1.000000;;
    }

    Frame Bip001_R_Calf {
     

     FrameTransformMatrix {
      0.834430,0.000000,-0.551114,0.000000,0.000000,1.000000,0.000000,0.000000,0.551114,-0.000000,0.834430,0.000000,53.736064,0.000004,-0.000001,1.000000;;
     }

     Frame Bip001_R_Foot {
      

      FrameTransformMatrix {
       0.858660,-0.233268,0.456388,0.000000,0.342768,0.923363,-0.172945,0.000000,-0.381070,0.304936,0.872811,0.000000,59.151962,-0.000004,0.000000,1.000000;;
      }

      Frame Bip001_R_Toe0 {
       

       FrameTransformMatrix {
        -0.000000,-0.000000,1.000000,0.000000,-0.000000,1.000000,-0.000000,0.000000,-1.000000,-0.000000,0.000000,0.000000,14.261973,0.000004,18.354530,1.000000;;
       }

       Frame Bip001_R_Toe01 {
        

        FrameTransformMatrix {
         1.000000,-0.000000,0.000000,0.000000,-0.000000,1.000000,0.000000,0.000000,0.000000,0.000000,1.000000,0.000000,1.860257,-0.000004,0.000000,1.000000;;
        }

        Frame Bip001_R_Toe02 {
         

         FrameTransformMatrix {
          1.000000,-0.000000,0.000000,0.000000,-0.000000,1.000000,0.000000,0.000000,0.000000,0.000000,1.000000,0.000000,1.860257,0.000000,0.000000,1.000000;;
         }

         Frame Bip001_R_Toe0Nub {
          

          FrameTransformMatrix {
           1.000000,-0.000000,0.000000,0.000000,-0.000000,1.000000,0.000000,0.000000,0.000000,0.000000,1.000000,0.000000,1.860256,0.000000,-0.000000,1.000000;;
          }
         }
        }
       }
      }
     }
    }
   }
  }
 }
}

Frame Box001 {
 

 FrameTransformMatrix {
  0.667112,0.000000,0.000000,0.000000,0.000000,0.696682,0.000000,0.000000,0.000000,0.000000,0.492662,0.000000,0.000000,0.000000,0.000000,1.000000;;
 }

 Mesh Box001 {
  24;
  44.461600;21.328570;212.279322;,
  40.400771;20.435378;210.362214;,
  43.107395;20.116994;208.700058;,
  41.754979;21.646954;213.941478;,
  44.321853;23.078410;211.191808;,
  40.261024;22.185214;209.274675;,
  41.615232;23.396792;212.853952;,
  42.967648;21.866830;207.612531;,
  44.461600;21.328570;212.279322;,
  41.615232;23.396792;212.853952;,
  41.754979;21.646954;213.941478;,
  44.321853;23.078410;211.191808;,
  41.754979;21.646954;213.941478;,
  40.261024;22.185214;209.274675;,
  40.400771;20.435378;210.362214;,
  41.615232;23.396792;212.853952;,
  40.400771;20.435378;210.362214;,
  42.967648;21.866830;207.612531;,
  43.107395;20.116994;208.700058;,
  40.261024;22.185214;209.274675;,
  43.107395;20.116994;208.700058;,
  44.321853;23.078410;211.191808;,
  44.461600;21.328570;212.279322;,
  42.967648;21.866830;207.612531;;
  12;
  3;0,1,2;,
  3;1,0,3;,
  3;4,5,6;,
  3;5,4,7;,
  3;8,9,10;,
  3;9,8,11;,
  3;12,13,14;,
  3;13,12,15;,
  3;16,17,18;,
  3;17,16,19;,
  3;20,21,22;,
  3;21,20,23;;

  DeclData {
   2;
   2;0;3;0;,
   1;0;5;0;;
   120;
   1032772997,
   3212041904,
   1050121724,
   1065353216,
   1065353216,
   1032772997,
   3212041904,
   1050121724,
   0,
   0,
   1032772997,
   3212041904,
   1050121724,
   1065353216,
   0,
   1032772997,
   3212041904,
   1050121724,
   0,
   1065353216,
   3180256578,
   1064558258,
   3197605364,
   0,
   1065353216,
   3180256556,
   1064558257,
   3197605373,
   1065353216,
   0,
   3180256639,
   1064558262,
   3197605336,
   1065353216,
   1065353216,
   3180256495,
   1064558253,
   3197605401,
   0,
   0,
   1056902174,
   1056496713,
   1060623012,
   0,
   1065353216,
   1056902176,
   1056496717,
   1060623010,
   1065353216,
   0,
   1056902177,
   1056496720,
   1060623009,
   1065353216,
   1065353216,
   1056902171,
   1056496709,
   1060623015,
   0,
   0,
   3211851902,
   1039618151,
   1050765675,
   0,
   1065353216,
   3211851900,
   1039618295,
   1050765677,
   1065353216,
   0,
   3211851897,
   1039618416,
   1050765678,
   1065353216,
   1065353216,
   3211851905,
   1039618028,
   1050765673,
   0,
   0,
   3204385742,
   3203980483,
   3208106647,
   0,
   1065353216,
   3204385776,
   3203980436,
   3208106651,
   1065353216,
   0,
   3204385825,
   3203980368,
   3208106657,
   1065353216,
   1065353216,
   3204385693,
   3203980549,
   3208106642,
   0,
   0,
   1064368250,
   3187101753,
   3198249351,
   0,
   1065353216,
   1064368250,
   3187101750,
   3198249354,
   1065353216,
   0,
   1064368250,
   3187101748,
   3198249355,
   1065353216,
   1065353216,
   1064368250,
   3187101756,
   3198249350,
   0,
   0;
  }

  XSkinMeshHeader {
   1;
   1;
   1;
  }

  SkinWeights {
   "Bip001_L_Toe0Nub";
   24;
   0,
   1,
   2,
   3,
   4,
   5,
   6,
   7,
   8,
   9,
   10,
   11,
   12,
   13,
   14,
   15,
   16,
   17,
   18,
   19,
   20,
   21,
   22,
   23;
   1.000000,
   1.000000,
   1.000000,
   1.000000,
   1.000000,
   1.000000,
   1.000000,
   1.000000,
   1.000000,
   1.000000,
   1.000000,
   1.000000,
   1.000000,
   1.000000,
   1.000000,
   1.000000,
   1.000000,
   1.000000,
   1.000000,
   1.000000,
   1.000000,
   1.000000,
   1.000000,
   1.000000;
   -0.091216,0.660819,0.006008,0.000000,-0.007222,0.005337,-0.696624,0.000000,-0.488008,-0.067403,0.004543,0.000000,76.507469,9.113772,0.197540,1.000000;;
  }
 }
}

AnimTicksPerSecond  {
 4800;
}

AnimationSet Anim1 {
 

 Animation {
  
  { Bip001 }

  AnimationKey S {
   1;
   2;
   0;3;1.000000,1.000000,1.000000;;,
   23360;3;1.000000,1.000000,1.000000;;;
  }

  AnimationKey R {
   0;
   147;
   0;4;0.939693,0.000000,0.342020,-0.000000;;,
   160;4;0.940539,-0.000262,0.339685,-0.000355;;,
   320;4;0.942380,0.000026,0.334539,-0.001727;;,
   480;4;0.944192,0.000313,0.329382,-0.003099;;,
   640;4;0.945006,0.000052,0.327035,-0.003454;;,
   800;4;0.943865,-0.001309,0.330325,-0.001775;;,
   960;4;0.939675,-0.004316,0.342028,0.002953;;,
   1120;4;0.930514,-0.010191,0.365872,0.013299;;,
   1280;4;0.915726,-0.018703,0.400330,0.028839;;,
   1440;4;0.896235,-0.028212,0.440276,0.046090;;,
   1600;4;0.873832,-0.037089,0.480884,0.061583;;,
   1760;4;0.851344,-0.043746,0.517809,0.071923;;,
   1920;4;0.828459,-0.046884,0.553351,0.072526;;,
   2080;4;0.804387,-0.046917,0.588638,0.065313;;,
   2240;4;0.782530,-0.044917,0.618383,0.056840;;,
   2400;4;0.767140,-0.039962,0.638394,0.048499;;,
   2560;4;0.755078,-0.033042,0.653639,0.038995;;,
   2720;4;0.738770,-0.028137,0.672661,0.030903;;,
   2880;4;0.716700,-0.026896,0.696414,0.025008;;,
   3040;4;0.691921,-0.027286,0.721179,0.020059;;,
   3200;4;0.663067,-0.027728,0.747885,0.015534;;,
   3360;4;0.628585,-0.026632,0.777209,0.010902;;,
   3520;4;0.582603,-0.024202,0.812369,0.006715;;,
   3680;4;0.526547,-0.019937,0.849908,0.002665;;,
   3840;4;0.471042,-0.011295,0.882033,-0.003059;;,
   4000;4;0.419991,0.004859,0.907427,-0.012694;;,
   4160;4;0.370468,0.025281,0.928193,-0.023945;;,
   4320;4;0.324398,0.042802,0.944416,-0.031812;;,
   4480;4;0.284419,0.056536,0.956415,-0.034362;;,
   4640;4;0.248743,0.067374,0.965640,-0.033559;;,
   4800;4;0.212700,0.070828,0.974077,-0.030283;;,
   4960;4;0.174047,0.065684,0.982243,-0.024335;;,
   5120;4;0.134652,0.055453,0.989206,-0.016296;;,
   5280;4;0.095891,0.042776,0.994438,-0.008233;;,
   5440;4;0.059183,0.030342,0.997784,-0.002214;;,
   5600;4;0.024877,0.016842,0.999549,0.000164;;,
   5760;4;-0.006309,0.002308,0.999977,0.000098;;,
   5920;4;-0.032411,-0.008538,0.999438,-0.000277;;,
   6080;4;-0.054251,-0.013408,0.998437,-0.000387;;,
   6240;4;-0.070999,-0.014583,0.997370,-0.000806;;,
   6400;4;-0.078240,-0.014209,0.996833,-0.001115;;,
   6560;4;-0.072387,-0.012499,0.997298,-0.000885;;,
   6720;4;-0.057030,-0.009241,0.998330,-0.000544;;,
   6880;4;-0.038539,-0.005954,0.999239,-0.000964;;,
   7040;4;-0.022861,-0.002466,0.999732,-0.002618;;,
   7200;4;-0.009571,0.001859,0.999940,-0.005024;;,
   7360;4;0.004502,0.006191,0.999942,-0.007619;;,
   7520;4;0.022529,0.009701,0.999651,-0.009840;;,
   7680;4;0.047668,0.011560,0.998734,-0.011123;;,
   7840;4;0.083045,0.010934,0.996426,-0.010898;;,
   8000;4;0.141569,0.005400,0.989883,-0.007856;;,
   8160;4;0.221272,-0.004904,0.975198,-0.002113;;,
   8320;4;0.303035,-0.016864,0.952819,0.004689;;,
   8480;4;0.368944,-0.027324,0.928987,0.010851;;,
   8640;4;0.413597,-0.036000,0.909598,0.016524;;,
   8800;4;0.443644,-0.043993,0.894850,0.022073;;,
   8960;4;0.460573,-0.050272,0.885812,0.026139;;,
   9120;4;0.457422,-0.055128,0.887092,0.028170;;,
   9280;4;0.441545,-0.058304,0.894882,0.028735;;,
   9440;4;0.435998,-0.057970,0.897637,0.028157;;,
   9600;4;0.450305,-0.051909,0.890985,0.026025;;,
   9760;4;0.474705,-0.042314,0.878833,0.022738;;,
   9920;4;0.503744,-0.034041,0.862953,0.019871;;,
   10080;4;0.537765,-0.027992,0.842449,0.017503;;,
   10240;4;0.575758,-0.022373,0.817174,0.015114;;,
   10400;4;0.610969,-0.018027,0.791336,0.013404;;,
   10560;4;0.637433,-0.015812,0.770232,0.013086;;,
   10720;4;0.653240,-0.015908,0.756852,0.014103;;,
   10880;4;0.662367,-0.017900,0.748791,0.016177;;,
   11040;4;0.667986,-0.021746,0.743596,0.019677;;,
   11200;4;0.673105,-0.027400,0.738617,0.024970;;,
   11360;4;0.677322,-0.037631,0.733901,0.034754;;,
   11520;4;0.678765,-0.051095,0.731034,0.047501;;,
   11680;4;0.678405,-0.061585,0.729861,0.057243;;,
   11840;4;0.677572,-0.069164,0.729385,0.064110;;,
   12000;4;0.676435,-0.076846,0.729029,0.071047;;,
   12160;4;0.674537,-0.082873,0.729593,0.076328;;,
   12320;4;0.671461,-0.085490,0.731923,0.078237;;,
   12480;4;0.666761,-0.082939,0.736830,0.075052;;,
   12640;4;0.661167,-0.076158,0.743287,0.067694;;,
   12800;4;0.655645,-0.067511,0.749767,0.058488;;,
   12960;4;0.650017,-0.057373,0.756241,0.047804;;,
   13120;4;0.644113,-0.046118,0.762689,0.036019;;,
   13280;4;0.637779,-0.034126,0.769104,0.023508;;,
   13440;4;0.630879,-0.021778,0.775502,0.010652;;,
   13600;4;0.623300,-0.009456,0.781923,-0.002170;;,
   13760;4;0.614949,0.002455,0.788428,-0.014575;;,
   13920;4;0.605756,0.013573,0.795104,-0.026183;;,
   14080;4;0.595664,0.023516,0.802054,-0.036617;;,
   14240;4;0.584630,0.031905,0.809395,-0.045501;;,
   14400;4;0.572617,0.038362,0.817243,-0.052459;;,
   14560;4;0.559586,0.042511,0.825708,-0.057119;;,
   14720;4;0.540012,0.041618,0.838741,-0.056297;;,
   14880;4;0.511272,0.034455,0.857352,-0.048604;;,
   15040;4;0.477816,0.022948,0.877405,-0.036408;;,
   15200;4;0.444523,0.009093,0.895447,-0.022155;;,
   15360;4;0.416762,-0.005061,0.908963,-0.008355;;,
   15520;4;0.400237,-0.017447,0.916242,0.002461;;,
   15680;4;0.400692,-0.025976,0.915812,0.007752;;,
   15840;4;0.413225,-0.032039,0.910019,0.009147;;,
   16000;4;0.428963,-0.038362,0.902452,0.009995;;,
   16160;4;0.447475,-0.044825,0.893113,0.010325;;,
   16320;4;0.468321,-0.051313,0.882008,0.010169;;,
   16480;4;0.491059,-0.057713,0.869160,0.009562;;,
   16640;4;0.515248,-0.063916,0.854612,0.008541;;,
   16800;4;0.540454,-0.069816,0.838441,0.007147;;,
   16960;4;0.566259,-0.075313,0.820762,0.005422;;,
   17120;4;0.592258,-0.080311,0.801729,0.003410;;,
   17280;4;0.618072,-0.084722,0.781542,0.001158;;,
   17440;4;0.643349,-0.088465,0.760444,-0.001284;;,
   17600;4;0.667768,-0.091467,0.738718,-0.003868;;,
   17760;4;0.691044,-0.093663,0.716688,-0.006542;;,
   17920;4;0.712927,-0.094999,0.694712,-0.009255;;,
   18080;4;0.733202,-0.095428,0.673176,-0.011954;;,
   18240;4;0.751689,-0.094913,0.652490,-0.014586;;,
   18400;4;0.768237,-0.093429,0.633081,-0.017100;;,
   18560;4;0.782822,-0.087699,0.615689,-0.020634;;,
   18720;4;0.795661,-0.075768,0.600427,-0.025888;;,
   18880;4;0.806945,-0.059586,0.586733,-0.032147;;,
   19040;4;0.816877,-0.041112,0.574042,-0.038698;;,
   19200;4;0.825732,-0.022316,0.561835,-0.044829;;,
   19360;4;0.833887,-0.005171,0.549656,-0.049836;;,
   19520;4;0.841805,0.008348,0.537107,-0.053023;;,
   19680;4;0.849985,0.016275,0.523811,-0.053700;;,
   19840;4;0.858582,0.019874,0.509617,-0.052280;;,
   20000;4;0.867335,0.021861,0.494749,-0.049752;;,
   20160;4;0.876095,0.022449,0.479386,-0.046293;;,
   20320;4;0.884716,0.021857,0.463712,-0.042078;;,
   20480;4;0.893068,0.020303,0.447914,-0.037287;;,
   20640;4;0.901032,0.018008,0.432188,-0.032099;;,
   20800;4;0.908508,0.015194,0.416737,-0.026697;;,
   20960;4;0.915414,0.012086,0.401771,-0.021261;;,
   21120;4;0.921684,0.008907,0.387509,-0.015976;;,
   21280;4;0.927274,0.005883,0.374174,-0.011025;;,
   21440;4;0.932152,0.003240,0.361994,-0.006589;;,
   21600;4;0.936296,0.001204,0.351199,-0.002854;;,
   21760;4;0.939693,0.000000,0.342020,-0.000000;;,
   21920;4;0.942112,-0.000577,0.335292,0.001905;;,
   22080;4;0.943492,-0.000912,0.331380,0.003011;;,
   22240;4;0.944045,-0.001048,0.329797,0.003458;;,
   22400;4;0.943958,-0.001027,0.330047,0.003387;;,
   22560;4;0.943405,-0.000891,0.331630,0.002940;;,
   22720;4;0.942554,-0.000684,0.334045,0.002258;;,
   22880;4;0.941579,-0.000449,0.336789,0.001482;;,
   23040;4;0.940655,-0.000228,0.339365,0.000753;;,
   23200;4;0.939964,-0.000064,0.341274,0.000212;;,
   23360;4;0.939693,0.000000,0.342020,-0.000000;;;
  }

  AnimationKey T {
   2;
   147;
   0;3;0.000000,117.517069,0.000000;;,
   160;3;0.000000,117.496742,0.000000;;,
   320;3;0.000000,117.444826,0.000000;;,
   480;3;0.000000,117.374797,0.000000;;,
   640;3;0.000000,117.300301,0.000000;;,
   800;3;0.000000,117.234803,0.000000;;,
   960;3;0.000000,117.191910,0.000000;;,
   1120;3;0.000000,117.185139,0.000000;;,
   1280;3;0.000000,117.228032,0.000000;;,
   1440;3;0.000000,117.334170,0.000000;;,
   1600;3;0.000000,117.517069,0.000000;;,
   1760;3;0.000000,118.049024,0.000000;;,
   1920;3;0.000000,118.973248,0.000000;;,
   2080;3;0.000000,119.959731,0.000000;;,
   2240;3;0.000000,120.678426,0.000000;;,
   2400;3;0.000000,121.012211,0.000000;;,
   2560;3;0.000000,121.146816,0.000000;;,
   2720;3;0.000000,121.206477,0.000000;;,
   2880;3;0.000000,121.315430,0.000000;;,
   3040;3;0.000000,121.643546,0.000000;;,
   3200;3;0.000000,122.078989,0.000000;;,
   3360;3;0.000000,122.323443,0.000000;;,
   3520;3;0.000000,122.078566,0.000000;;,
   3680;3;0.000000,121.181978,0.000000;;,
   3840;3;0.000000,119.820416,0.000000;;,
   4000;3;0.000000,118.219187,0.000000;;,
   4160;3;0.000000,116.603686,0.000000;;,
   4320;3;0.000000,114.671834,0.000000;;,
   4480;3;0.000000,112.424166,0.000000;;,
   4640;3;0.000000,110.539904,0.000000;;,
   4800;3;0.000000,109.698176,0.000000;;,
   4960;3;0.000000,109.967974,0.000000;;,
   5120;3;0.000000,110.819507,0.000000;;,
   5280;3;0.000000,112.033766,0.000000;;,
   5440;3;0.000000,113.391795,0.000000;;,
   5600;3;0.000000,114.674611,0.000000;;,
   5760;3;0.000000,115.663270,0.000000;;,
   5920;3;0.000000,116.436480,0.000000;;,
   6080;3;0.000000,117.160154,0.000000;;,
   6240;3;0.000000,117.746150,0.000000;;,
   6400;3;0.000000,118.106330,0.000000;;,
   6560;3;0.000000,118.152499,0.000000;;,
   6720;3;0.000000,117.848358,0.000000;;,
   6880;3;0.000000,117.252685,0.000000;;,
   7040;3;0.000000,116.419955,0.000000;;,
   7200;3;0.000000,115.404646,0.000000;;,
   7360;3;0.000000,114.261261,0.000000;;,
   7520;3;0.000000,112.586355,0.000000;;,
   7680;3;0.000000,110.343603,0.000000;;,
   7840;3;0.000000,108.138150,0.000000;;,
   8000;3;0.000000,106.575162,0.000000;;,
   8160;3;0.000000,106.259802,0.000000;;,
   8320;3;0.000000,107.008384,0.000000;;,
   8480;3;0.000000,108.173338,0.000000;;,
   8640;3;0.000000,109.663936,0.000000;;,
   8800;3;0.000000,111.389414,0.000000;;,
   8960;3;0.000000,113.259098,0.000000;;,
   9120;3;0.000000,115.182234,0.000000;;,
   9280;3;0.000000,117.068045,0.000000;;,
   9440;3;0.000000,118.825830,0.000000;;,
   9600;3;0.000000,120.364890,0.000000;;,
   9760;3;0.000000,121.594458,0.000000;;,
   9920;3;0.000000,122.423795,0.000000;;,
   10080;3;0.000000,122.502310,0.000000;;,
   10240;3;0.000000,121.743488,0.000000;;,
   10400;3;0.000000,120.452710,0.000000;;,
   10560;3;0.000000,118.935398,0.000000;;,
   10720;3;0.000000,117.496934,0.000000;;,
   10880;3;0.000000,116.442739,0.000000;;,
   11040;3;0.000000,115.658726,0.000000;;,
   11200;3;0.000000,114.907750,0.000000;;,
   11360;3;0.000000,114.310592,0.000000;;,
   11520;3;0.000000,113.988083,0.000000;;,
   11680;3;0.000000,114.061018,0.000000;;,
   11840;3;0.000000,114.458125,0.000000;;,
   12000;3;0.000000,115.008845,0.000000;;,
   12160;3;0.000000,115.684941,0.000000;;,
   12320;3;0.000000,116.458227,0.000000;;,
   12480;3;0.000000,117.300506,0.000000;;,
   12640;3;0.000000,118.183603,0.000000;;,
   12800;3;0.000000,119.079334,0.000000;;,
   12960;3;0.000000,119.959462,0.000000;;,
   13120;3;0.000000,120.795827,0.000000;;,
   13280;3;0.000000,122.070861,0.000000;;,
   13440;3;0.000000,123.701811,0.000000;;,
   13600;3;0.000000,124.812570,0.000000;;,
   13760;3;0.000000,124.527053,0.000000;;,
   13920;3;0.000000,122.847654,0.000000;;,
   14080;3;0.000000,120.512602,0.000000;;,
   14240;3;0.000000,117.749645,0.000000;;,
   14400;3;0.000000,114.786560,0.000000;;,
   14560;3;0.000000,111.851085,0.000000;;,
   14720;3;0.000000,109.170957,0.000000;;,
   14880;3;0.000000,106.973971,0.000000;;,
   15040;3;0.000000,105.487840,0.000000;;,
   15200;3;0.000000,105.199232,0.000000;;,
   15360;3;0.000000,106.100838,0.000000;;,
   15520;3;0.000000,107.679475,0.000000;;,
   15680;3;0.000000,109.421914,0.000000;;,
   15840;3;0.000000,110.814976,0.000000;;,
   16000;3;0.000000,111.909376,0.000000;;,
   16160;3;0.000000,113.047258,0.000000;;,
   16320;3;0.000000,114.152525,0.000000;;,
   16480;3;0.000000,115.149094,0.000000;;,
   16640;3;0.000000,115.960858,0.000000;;,
   16800;3;0.000000,116.513242,0.000000;;,
   16960;3;0.000000,116.831578,0.000000;;,
   17120;3;0.000000,116.989581,0.000000;;,
   17280;3;0.000000,117.061030,0.000000;;,
   17440;3;0.000000,117.122355,0.000000;;,
   17600;3;0.000000,117.115315,0.000000;;,
   17760;3;0.000000,116.911578,0.000000;;,
   17920;3;0.000000,116.382848,0.000000;;,
   18080;3;0.000000,115.516467,0.000000;;,
   18240;3;0.000000,114.437555,0.000000;;,
   18400;3;0.000000,113.224474,0.000000;;,
   18560;3;0.000000,111.955686,0.000000;;,
   18720;3;0.000000,110.709542,0.000000;;,
   18880;3;0.000000,109.564429,0.000000;;,
   19040;3;0.000000,108.598694,0.000000;;,
   19200;3;0.000000,107.890790,0.000000;;,
   19360;3;0.000000,107.519078,0.000000;;,
   19520;3;0.000000,107.762611,0.000000;;,
   19680;3;0.000000,108.672870,0.000000;;,
   19840;3;0.000000,109.986790,0.000000;;,
   20000;3;0.000000,111.441395,0.000000;;,
   20160;3;0.000000,112.773670,0.000000;;,
   20320;3;0.000000,113.720538,0.000000;;,
   20480;3;0.000000,114.357645,0.000000;;,
   20640;3;0.000000,114.937011,0.000000;;,
   20800;3;0.000000,115.460326,0.000000;;,
   20960;3;0.000000,115.929254,0.000000;;,
   21120;3;0.000000,116.345498,0.000000;;,
   21280;3;0.000000,116.710720,0.000000;;,
   21440;3;0.000000,117.026598,0.000000;;,
   21600;3;0.000000,117.294822,0.000000;;,
   21760;3;0.000000,117.517069,0.000000;;,
   21920;3;0.000000,117.678912,0.000000;;,
   22080;3;0.000000,117.772838,0.000000;;,
   22240;3;0.000000,117.810803,0.000000;;,
   22400;3;0.000000,117.804813,0.000000;;,
   22560;3;0.000000,117.766835,0.000000;;,
   22720;3;0.000000,117.708890,0.000000;;,
   22880;3;0.000000,117.642957,0.000000;;,
   23040;3;0.000000,117.581005,0.000000;;,
   23200;3;0.000000,117.535053,0.000000;;,
   23360;3;0.000000,117.517069,0.000000;;;
  }
 }

 Animation {
  
  { Bip001_Pelvis }

  AnimationKey S {
   1;
   2;
   0;3;1.000000,1.000000,1.000000;;,
   23360;3;1.000000,1.000000,1.000000;;;
  }

  AnimationKey R {
   0;
   2;
   0;4;-0.487542,0.512155,0.487542,0.512155;;,
   23360;4;-0.487542,0.512155,0.487542,0.512155;;;
  }

  AnimationKey T {
   2;
   2;
   0;3;0.000000,0.000000,0.000000;;,
   23360;3;0.000000,0.000000,0.000000;;;
  }
 }

 Animation {
  
  { Bip001_Spine }

  AnimationKey S {
   1;
   2;
   0;3;1.000000,1.000000,1.000000;;,
   23360;3;1.000000,1.000000,1.000000;;;
  }

  AnimationKey R {
   0;
   147;
   0;4;0.994515,0.057140,0.084045,0.024719;;,
   160;4;0.995119,0.053725,0.079079,0.024452;;,
   320;4;0.995699,0.050233,0.074002,0.024183;;,
   480;4;0.996248,0.046680,0.068837,0.023913;;,
   640;4;0.996764,0.043082,0.063608,0.023642;;,
   800;4;0.997243,0.039457,0.058337,0.023370;;,
   960;4;0.997682,0.035818,0.053049,0.023097;;,
   1120;4;0.998079,0.032184,0.047766,0.022823;;,
   1280;4;0.998433,0.028570,0.042512,0.022548;;,
   1440;4;0.998743,0.024992,0.037310,0.022272;;,
   1600;4;0.999009,0.021467,0.032185,0.021996;;,
   1760;4;0.999233,0.018010,0.027159,0.021719;;,
   1920;4;0.999415,0.014638,0.022256,0.021442;;,
   2080;4;0.999558,0.011368,0.017499,0.021165;;,
   2240;4;0.999665,0.008215,0.012912,0.020888;;,
   2400;4;0.999738,0.005196,0.008519,0.020610;;,
   2560;4;0.999781,0.002327,0.004342,0.020333;;,
