xof 0303txt 0032
template Frame {
 <3d82ab46-62da-11cf-ab39-0020af71e433>
 [...]
}

template Matrix4x4 {
 <f6f23f45-7686-11cf-8f52-0040333594a3>
 array FLOAT matrix[16];
}

template FrameTransformMatrix {
 <f6f23f41-7686-11cf-8f52-0040333594a3>
 Matrix4x4 frameMatrix;
}

template Vector {
 <3d82ab5e-62da-11cf-ab39-0020af71e433>
 FLOAT x;
 FLOAT y;
 FLOAT z;
}

template MeshFace {
 <3d82ab5f-62da-11cf-ab39-0020af71e433>
 DWORD nFaceVertexIndices;
 array DWORD faceVertexIndices[nFaceVertexIndices];
}

template Mesh {
 <3d82ab44-62da-11cf-ab39-0020af71e433>
 DWORD nVertices;
 array Vector vertices[nVertices];
 DWORD nFaces;
 array MeshFace faces[nFaces];
 [...]
}

template ColorRGBA {
 <35ff44e0-6c7c-11cf-8f52-0040333594a3>
 FLOAT red;
 FLOAT green;
 FLOAT blue;
 FLOAT alpha;
}

template ColorRGB {
 <d3e16e81-7835-11cf-8f52-0040333594a3>
 FLOAT red;
 FLOAT green;
 FLOAT blue;
}

template Material {
 <3d82ab4d-62da-11cf-ab39-0020af71e433>
 ColorRGBA faceColor;
 FLOAT power;
 ColorRGB specularColor;
 ColorRGB emissiveColor;
 [...]
}

template MeshMaterialList {
 <f6f23f42-7686-11cf-8f52-0040333594a3>
 DWORD nMaterials;
 DWORD nFaceIndexes;
 array DWORD faceIndexes[nFaceIndexes];
 [Material <3d82ab4d-62da-11cf-ab39-0020af71e433>]
}

template VertexElement {
 <f752461c-1e23-48f6-b9f8-8350850f336f>
 DWORD Type;
 DWORD Method;
 DWORD Usage;
 DWORD UsageIndex;
}

template DeclData {
 <bf22e553-292c-4781-9fea-62bd554bdd93>
 DWORD nElements;
 array VertexElement Elements[nElements];
 DWORD nDWords;
 array DWORD data[nDWords];
}

template XSkinMeshHeader {
 <3cf169ce-ff7c-44ab-93c0-f78f62d172e2>
 WORD nMaxSkinWeightsPerVertex;
 WORD nMaxSkinWeightsPerFace;
 WORD nBones;
}

template SkinWeights {
 <6f0d123b-bad2-4167-a0d0-80224f25fabb>
 STRING transformNodeName;
 DWORD nWeights;
 array DWORD vertexIndices[nWeights];
 array FLOAT weights[nWeights];
 Matrix4x4 matrixOffset;
}

template AnimTicksPerSecond {
 <9e415a43-7ba6-4a73-8743-b73d47e88476>
 DWORD AnimTicksPerSecond;
}

template Animation {
 <3d82ab4f-62da-11cf-ab39-0020af71e433>
 [...]
}

template AnimationSet {
 <3d82ab50-62da-11cf-ab39-0020af71e433>
 [Animation <3d82ab4f-62da-11cf-ab39-0020af71e433>]
}

template FloatKeys {
 <10dd46a9-775b-11cf-8f52-0040333594a3>
 DWORD nValues;
 array FLOAT values[nValues];
}

template TimedFloatKeys {
 <f406b180-7b3b-11cf-8f52-0040333594a3>
 DWORD time;
 FloatKeys tfkeys;
}

template AnimationKey {
 <10dd46a8-775b-11cf-8f52-0040333594a3>
 DWORD keyType;
 DWORD nKeys;
 array TimedFloatKeys keys[nKeys];
}


Frame Bip001 {
 

 FrameTransformMatrix {
  -0.001703,-0.001190,-0.999998,0.000000,-0.003750,0.999992,-0.001183,0.000000,0.999992,0.003748,-0.001707,0.000000,-0.479831,115.064179,0.060048,1.000000;;
 }

 Frame Bip001_Pelvis {
  

  FrameTransformMatrix {
   0.000000,0.999725,0.023459,0.000000,-0.000001,-0.023459,0.999725,0.000000,1.000000,-0.000000,0.000001,0.000000,0.000000,0.000000,0.000000,1.000000;;
  }

  Frame Bip001_Spine {
   

   FrameTransformMatrix {
    0.906348,-0.243403,0.345383,0.000000,0.017751,0.838622,0.544424,0.000000,-0.422160,-0.487307,0.764404,0.000000,14.263466,-0.328320,-0.009809,1.000000;;
   }

   Frame Bip001_Spine1 {
    

    FrameTransformMatrix {
     0.999901,0.000000,-0.014116,0.000000,-0.000000,1.000000,0.000000,0.000000,0.014116,0.000000,0.999900,0.000000,16.122040,-0.000000,-0.012833,1.000000;;
    }

    Frame Bip001_Spine2 {
     

     FrameTransformMatrix {
      0.999956,0.000000,-0.009364,0.000000,-0.000000,1.000000,0.000000,0.000000,0.009364,-0.000000,0.999956,0.000000,16.122101,0.000001,-0.012833,1.000000;;
     }

     Frame Bip001_Spine3 {
      

      FrameTransformMatrix {
       0.999898,0.000000,0.014257,0.000000,-0.000000,1.000000,-0.000000,0.000000,-0.014256,-0.000000,0.999898,0.000000,16.122406,0.000000,-0.012840,1.000000;;
      }

      Frame Bip001_Neck {
       

       FrameTransformMatrix {
        0.968584,0.000001,0.248688,0.000000,-0.000001,1.000000,-0.000000,0.000000,-0.248688,-0.000000,0.968584,0.000000,16.124069,0.000001,-0.007175,1.000000;;
       }

       Frame Bip001_L_Clavicle {
        

        FrameTransformMatrix {
         0.110939,0.992171,-0.057346,0.000000,0.962035,-0.121690,-0.244295,0.000000,-0.249361,-0.028067,-0.968004,0.000000,0.000000,4.340598,0.007393,1.000000;;
        }

        Frame Bip001_L_UpperArm {
         

         FrameTransformMatrix {
          0.547588,-0.826127,-0.132901,0.000000,0.827054,0.558480,-0.063888,0.000000,0.127002,-0.074932,0.989068,0.000000,16.122222,0.000000,0.000004,1.000000;;
         }

         Frame Bip001_L_Forearm {
          

          FrameTransformMatrix {
           0.225350,0.000000,-0.974278,0.000000,0.000000,1.000000,0.000000,0.000000,0.974278,-0.000000,0.225349,0.000000,44.136810,0.000000,0.000000,1.000000;;
          }

          Frame Bip001_L_Hand {
           

           FrameTransformMatrix {
            0.973043,0.081993,-0.215555,0.000000,0.229837,-0.267694,0.935690,0.000000,0.019017,-0.960009,-0.279323,0.000000,37.683373,0.000000,0.000000,1.000000;;
           }

           Frame Bip001_L_Finger0 {
            

            FrameTransformMatrix {
             0.458539,-0.296077,0.837902,0.000000,0.846348,-0.142026,-0.513347,0.000000,0.270994,0.944546,0.185460,0.000000,4.289879,-5.456848,2.394814,1.000000;;
            }

            Frame Bip001_L_Finger01 {
             

             FrameTransformMatrix {
              0.926974,-0.000000,0.375125,0.000000,-0.000000,1.000000,0.000000,0.000000,-0.375125,0.000000,0.926974,0.000000,3.875534,-0.000008,0.000000,1.000000;;
             }

             Frame Bip001_L_Finger02 {
              

              FrameTransformMatrix {
               0.944212,0.000000,0.329340,0.000000,0.000000,1.000000,-0.000000,0.000000,-0.329340,0.000000,0.944212,0.000000,3.875542,0.000000,0.000008,1.000000;;
              }

              Frame Bip001_L_Finger0Nub {
               

               FrameTransformMatrix {
                1.000000,0.000000,0.000000,0.000000,-0.000000,1.000000,0.000000,0.000000,0.000000,-0.000000,1.000000,0.000000,3.875534,-0.000008,0.000008,1.000000;;
               }
              }
             }
            }
           }

           Frame Bip001_L_Finger1 {
            

            FrameTransformMatrix {
             0.986777,0.000129,-0.162086,0.000000,-0.000000,1.000000,0.000796,0.000000,0.162086,-0.000786,0.986776,0.000000,11.734272,-5.461197,-0.417755,1.000000;;
            }

            Frame Bip001_L_Finger11 {
             

             FrameTransformMatrix {
              0.918069,-0.000000,0.396421,0.000000,0.000000,1.000000,0.000000,0.000000,-0.396421,0.000000,0.918069,0.000000,4.650638,0.000008,0.000015,1.000000;;
             }

             Frame Bip001_L_Finger12 {
              

              FrameTransformMatrix {
               0.994456,0.000000,0.105150,0.000000,0.000000,1.000000,0.000000,0.000000,-0.105150,0.000000,0.994456,0.000000,4.650646,-0.000008,-0.000008,1.000000;;
              }

              Frame Bip001_L_Finger1Nub {
               

               FrameTransformMatrix {
                1.000000,0.000000,0.000000,0.000000,0.000000,1.000000,0.000000,0.000000,0.000000,-0.000000,1.000000,0.000000,4.650646,0.000000,0.000000,1.000000;;
               }
              }
             }
            }
           }

           Frame Bip001_L_Finger2 {
            

            FrameTransformMatrix {
             0.913055,0.058367,-0.403637,0.000000,-0.054546,0.998291,0.020970,0.000000,0.404171,0.002870,0.914679,0.000000,11.686767,-1.501305,-0.364777,1.000000;;
            }

            Frame Bip001_L_Finger21 {
             

             FrameTransformMatrix {
              0.972901,0.000000,0.231222,0.000000,0.000000,1.000000,0.000000,0.000000,-0.231222,-0.000000,0.972901,0.000000,4.698437,0.000015,0.000008,1.000000;;
             }

             Frame Bip001_L_Finger22 {
              

              FrameTransformMatrix {
               0.972901,-0.000000,0.231222,0.000000,0.000000,1.000000,0.000000,0.000000,-0.231222,-0.000000,0.972901,0.000000,5.425751,0.000000,0.000000,1.000000;;
              }

              Frame Bip001_L_Finger2Nub {
               

               FrameTransformMatrix {
                1.000000,-0.000000,-0.000000,0.000000,0.000000,1.000000,-0.000000,0.000000,0.000000,-0.000000,1.000000,0.000000,5.425747,-0.000008,-0.000008,1.000000;;
               }
              }
             }
            }
           }

           Frame Bip001_L_Finger3 {
            

            FrameTransformMatrix {
             0.895635,0.093934,-0.434758,0.000000,-0.084190,0.995578,0.041667,0.000000,0.436749,-0.000716,0.899583,0.000000,11.686195,1.606102,-0.362915,1.000000;;
            }

            Frame Bip001_L_Finger31 {
             

             FrameTransformMatrix {
              0.972901,0.000000,0.231222,0.000000,-0.000000,1.000000,0.000000,0.000000,-0.231222,0.000000,0.972901,0.000000,4.316544,-0.000008,-0.000008,1.000000;;
             }

             Frame Bip001_L_Finger32 {
              

              FrameTransformMatrix {
               0.972901,0.000000,0.231222,0.000000,-0.000000,1.000000,-0.000000,0.000000,-0.231222,0.000000,0.972901,0.000000,4.650654,0.000000,0.000008,1.000000;;
              }

              Frame Bip001_L_Finger3Nub {
               

               FrameTransformMatrix {
                1.000000,0.000000,0.000000,0.000000,0.000000,1.000000,0.000000,0.000000,-0.000000,0.000000,1.000000,0.000000,4.650646,0.000000,0.000000,1.000000;;
               }
              }
             }
            }
           }

           Frame Bip001_L_Finger4 {
            

            FrameTransformMatrix {
             0.995318,0.043504,-0.086311,0.000000,-0.043233,0.999052,0.005008,0.000000,0.086447,-0.001253,0.996256,0.000000,10.216786,4.386833,-0.631805,1.000000;;
            }

            Frame Bip001_L_Finger41 {
             

             FrameTransformMatrix {
              0.972901,-0.000000,0.231222,0.000000,0.000000,1.000000,-0.000000,0.000000,-0.231222,-0.000000,0.972901,0.000000,3.003712,0.000008,0.000008,1.000000;;
             }

             Frame Bip001_L_Finger42 {
              

              FrameTransformMatrix {
               0.972901,-0.000000,0.231222,0.000000,-0.000000,1.000000,0.000000,0.000000,-0.231222,0.000000,0.972901,0.000000,3.003700,-0.000008,0.000008,1.000000;;
              }

              Frame Bip001_L_Finger4Nub {
               

               FrameTransformMatrix {
                1.000000,-0.000000,0.000000,0.000000,-0.000000,1.000000,0.000000,0.000000,0.000000,0.000000,1.000000,0.000000,3.003716,0.000008,0.000000,1.000000;;
               }
              }
             }
            }
           }
          }
         }
        }
       }

       Frame Bip001_R_Clavicle {
        

        FrameTransformMatrix {
         0.203214,-0.974730,0.092768,0.000000,-0.947492,-0.171870,0.269665,0.000000,-0.246907,-0.142697,-0.958475,0.000000,0.000000,-4.340600,0.007423,1.000000;;
        }

        Frame Bip001_R_UpperArm {
         

         FrameTransformMatrix {
          0.452970,0.871135,0.189585,0.000000,-0.882192,0.468667,-0.045710,0.000000,-0.128672,-0.146546,0.980800,0.000000,16.122222,0.000000,-0.000008,1.000000;;
         }

         Frame Bip001_R_Forearm {
          

          FrameTransformMatrix {
           0.550229,-0.000000,-0.835014,0.000000,0.000000,1.000000,0.000000,0.000000,0.835014,0.000000,0.550229,0.000000,44.136810,0.000008,0.000000,1.000000;;
          }

          Frame Bip001_R_Hand {
           

           FrameTransformMatrix {
            0.902897,0.376426,0.207559,0.000000,0.237024,-0.033158,-0.970938,0.000000,-0.358604,0.925853,-0.119160,0.000000,37.683373,-0.000008,0.000002,1.000000;;
           }

           Frame Bip001_R_Finger0 {
            

            FrameTransformMatrix {
             0.049494,0.567669,0.821767,0.000000,-0.435575,-0.728143,0.529228,0.000000,0.898791,-0.384135,0.211224,0.000000,4.289879,5.456856,2.394806,1.000000;;
            }

            Frame Bip001_R_Finger01 {
             

             FrameTransformMatrix {
              0.446311,-0.000000,0.894878,0.000000,0.000000,1.000000,0.000000,0.000000,-0.894878,-0.000000,0.446311,0.000000,3.875534,-0.000008,0.000008,1.000000;;
             }

             Frame Bip001_R_Finger02 {
              

              FrameTransformMatrix {
               0.691782,0.000000,0.722107,0.000000,0.000000,1.000000,0.000000,0.000000,-0.722107,0.000000,0.691782,0.000000,3.875519,0.000008,-0.000004,1.000000;;
              }

              Frame Bip001_R_Finger0Nub {
               

               FrameTransformMatrix {
                -1.000000,-0.000000,0.000000,0.000000,0.000000,1.000000,-0.000000,0.000000,-0.000000,0.000000,-1.000000,0.000000,3.875542,0.000004,-0.000008,1.000000;;
               }
              }
             }
            }
           }

           Frame Bip001_R_Finger1 {
            

            FrameTransformMatrix {
             0.904147,-0.092632,0.417058,0.000000,0.084419,0.995700,0.038140,0.000000,-0.418798,0.000723,0.908079,0.000000,11.734276,5.461199,-0.417763,1.000000;;
            }

            Frame Bip001_R_Finger11 {
             

             FrameTransformMatrix {
              0.074807,0.000000,0.997198,0.000000,0.000000,1.000000,-0.000000,0.000000,-0.997198,0.000000,0.074807,0.000000,4.650650,0.000000,-0.000004,1.000000;;
             }

             Frame Bip001_R_Finger12 {
              

              FrameTransformMatrix {
               0.655587,0.000000,0.755120,0.000000,-0.000000,1.000000,0.000000,0.000000,-0.755120,-0.000000,0.655587,0.000000,4.650658,0.000000,0.000008,1.000000;;
              }

              Frame Bip001_R_Finger1Nub {
               

               FrameTransformMatrix {
                -1.000000,0.000000,-0.000000,0.000000,-0.000000,1.000000,-0.000000,0.000000,-0.000000,0.000000,-1.000000,0.000000,4.650650,0.000001,0.000008,1.000000;;
               }
              }
             }
            }
           }

           Frame Bip001_R_Finger2 {
            

            FrameTransformMatrix {
             0.917401,-0.041813,0.395760,0.000000,0.054546,0.998291,-0.020970,0.000000,-0.394207,0.040825,0.918114,0.000000,11.686760,1.501314,-0.364784,1.000000;;
            }

            Frame Bip001_R_Finger21 {
             

             FrameTransformMatrix {
              0.372036,0.000000,0.928218,0.000000,-0.000000,1.000000,0.000000,0.000000,-0.928218,0.000000,0.372036,0.000000,4.698425,-0.000001,-0.000004,1.000000;;
             }

             Frame Bip001_R_Finger22 {
              

              FrameTransformMatrix {
               0.306380,-0.000000,0.951909,0.000000,-0.000000,1.000000,-0.000000,0.000000,-0.951909,-0.000000,0.306380,0.000000,5.425751,0.000001,0.000000,1.000000;;
              }

              Frame Bip001_R_Finger2Nub {
               

               FrameTransformMatrix {
                -1.000000,-0.000000,0.000000,0.000000,-0.000000,1.000000,-0.000000,0.000000,-0.000000,-0.000000,-1.000000,0.000000,5.425743,0.000000,-0.000015,1.000000;;
               }
              }
             }
            }
           }

           Frame Bip001_R_Finger3 {
            

            FrameTransformMatrix {
             0.933034,-0.064084,0.354034,0.000000,0.084190,0.995578,-0.041667,0.000000,-0.349798,0.068683,0.934304,0.000000,11.686203,-1.606100,-0.362923,1.000000;;
            }

            Frame Bip001_R_Finger31 {
             

             FrameTransformMatrix {
              0.347151,0.000000,0.937809,0.000000,0.000000,1.000000,-0.000000,0.000000,-0.937809,-0.000000,0.347151,0.000000,4.316544,0.000000,0.000008,1.000000;;
             }

             Frame Bip001_R_Finger32 {
              

              FrameTransformMatrix {
               0.379669,0.000000,0.925122,0.000000,-0.000000,1.000000,-0.000000,0.000000,-0.925122,0.000000,0.379669,0.000000,4.650650,-0.000001,-0.000008,1.000000;;
              }

              Frame Bip001_R_Finger3Nub {
               

               FrameTransformMatrix {
                -1.000000,-0.000000,0.000000,0.000000,-0.000000,1.000000,-0.000000,0.000000,0.000000,0.000000,-1.000000,0.000000,4.650638,0.000001,0.000008,1.000000;;
               }
              }
             }
            }
           }

           Frame Bip001_R_Finger4 {
            

            FrameTransformMatrix {
             0.948025,-0.039442,0.315744,0.000000,0.043233,0.999053,-0.005008,0.000000,-0.315247,0.018398,0.948831,0.000000,10.216782,-4.386828,-0.631798,1.000000;;
            }

            Frame Bip001_R_Finger41 {
             

             FrameTransformMatrix {
              0.709960,0.000000,0.704242,0.000000,-0.000000,1.000000,0.000000,0.000000,-0.704242,0.000000,0.709960,0.000000,3.003708,0.000002,-0.000008,1.000000;;
             }

             Frame Bip001_R_Finger42 {
              

              FrameTransformMatrix {
               0.850184,0.000000,0.526485,0.000000,0.000000,1.000000,0.000000,0.000000,-0.526485,-0.000000,0.850184,0.000000,3.003716,-0.000001,0.000000,1.000000;;
              }

              Frame Bip001_R_Finger4Nub {
               

               FrameTransformMatrix {
                -1.000000,0.000000,0.000000,0.000000,-0.000000,1.000000,0.000000,0.000000,0.000000,-0.000000,-1.000000,0.000000,3.003708,0.000000,0.000000,1.000000;;
               }
              }
             }
            }
           }
          }
         }
        }
       }

       Frame Bip001_Head {
        

        FrameTransformMatrix {
         0.881501,0.117758,-0.457264,0.000000,-0.334766,0.838810,-0.429336,0.000000,0.333000,0.531536,0.778833,0.000000,15.765366,-0.911515,-0.005135,1.000000;;
        }

        Frame Bip001_HeadNub {
         

         FrameTransformMatrix {
          1.000000,-0.000000,0.000000,0.000000,-0.000000,1.000000,0.000000,0.000000,0.000000,0.000000,1.000000,0.000000,29.144013,0.000000,-0.000004,1.000000;;
         }
        }
       }
      }
     }
    }
   }

   Frame Bip001_L_Thigh {
    

    FrameTransformMatrix {
     -0.506948,0.425067,0.749881,0.000000,0.293387,-0.732925,0.613796,0.000000,0.810511,0.531168,0.246845,0.000000,-16.022797,10.427850,-0.174442,1.000000;;
    }

    Frame Bip001_L_Calf {
     

     FrameTransformMatrix {
      0.689396,0.000000,-0.724384,0.000000,0.000000,1.000000,-0.000000,0.000000,0.724384,0.000000,0.689396,0.000000,54.040710,0.000001,0.000008,1.000000;;
     }

     Frame Bip001_L_Foot {
      

      FrameTransformMatrix {
       0.991841,-0.018427,0.126142,0.000000,0.004714,0.994123,0.108153,0.000000,-0.127394,-0.106676,0.986099,0.000000,58.826861,-0.000002,0.000000,1.000000;;
      }

      Frame Bip001_L_Toe0 {
       

       FrameTransformMatrix {
        -0.000000,-0.000000,1.000000,0.000000,-0.000000,1.000000,0.000000,0.000000,-1.000000,-0.000000,-0.000000,0.000000,14.261973,-0.000001,18.354525,1.000000;;
       }

       Frame Bip001_L_Toe01 {
        

        FrameTransformMatrix {
         1.000000,0.000000,0.000000,0.000000,0.000000,1.000000,0.000000,0.000000,0.000000,0.000000,1.000000,0.000000,1.860260,0.000000,0.000000,1.000000;;
        }

        Frame Bip001_L_Toe02 {
         

         FrameTransformMatrix {
          1.000000,0.000000,0.000000,0.000000,0.000000,1.000000,0.000000,0.000000,0.000000,0.000000,1.000000,0.000000,1.860256,0.000000,0.000000,1.000000;;
         }

         Frame Bip001_L_Toe0Nub {
          

          FrameTransformMatrix {
           -1.000000,-0.000000,-0.000000,0.000000,-0.000000,1.000000,-0.000000,0.000000,0.000000,0.000000,-1.000000,0.000000,1.860256,-0.000001,0.000000,1.000000;;
          }
         }
        }
       }
      }
     }
    }
   }

   Frame Bip001_R_Thigh {
    

    FrameTransformMatrix {
     -0.807649,-0.153226,0.569407,0.000000,0.199058,-0.979810,0.018680,0.000000,0.555048,0.128432,0.821843,0.000000,-9.985558,-10.372865,11.912392,1.000000;;
    }

    Frame Bip001_R_Calf {
     

     FrameTransformMatrix {
      0.732090,-0.000000,-0.681208,0.000000,0.000000,1.000000,0.000000,0.000000,0.681208,-0.000000,0.732090,0.000000,53.736064,0.000002,0.000002,1.000000;;
     }

     Frame Bip001_R_Foot {
      

      FrameTransformMatrix {
       0.826403,-0.176057,0.534848,0.000000,0.260161,0.961782,-0.085387,0.000000,-0.499374,0.209711,0.840623,0.000000,59.151955,0.000004,0.000004,1.000000;;
      }

      Frame Bip001_R_Toe0 {
       

       FrameTransformMatrix {
        0.000000,0.000000,1.000000,0.000000,-0.000000,1.000000,-0.000000,0.000000,-1.000000,-0.000000,-0.000000,0.000000,14.261973,0.000000,18.354528,1.000000;;
       }

       Frame Bip001_R_Toe01 {
        

        FrameTransformMatrix {
         1.000000,0.000000,-0.000000,0.000000,-0.000000,1.000000,-0.000000,0.000000,-0.000000,0.000000,1.000000,0.000000,1.860258,0.000000,0.000000,1.000000;;
        }

        Frame Bip001_R_Toe02 {
         

         FrameTransformMatrix {
          1.000000,0.000000,-0.000000,0.000000,-0.000000,1.000000,-0.000000,0.000000,-0.000000,0.000000,1.000000,0.000000,1.860256,0.000004,0.000000,1.000000;;
         }

         Frame Bip001_R_Toe0Nub {
          

          FrameTransformMatrix {
           1.000000,0.000000,-0.000000,0.000000,-0.000000,1.000000,-0.000000,0.000000,-0.000000,0.000000,1.000000,0.000000,1.860257,-0.000004,0.000000,1.000000;;
          }
         }
        }
       }
      }
     }
    }
   }
  }
 }
}

Frame Box001 {
 

 FrameTransformMatrix {
  0.667112,0.000000,0.000000,0.000000,0.000000,0.696682,0.000000,0.000000,0.000000,0.000000,0.492662,0.000000,0.000000,0.000000,0.000000,1.000000;;
 }

 Mesh Box001 {
  24;
  10.572292;20.321459;-176.362560;,
  13.727672;19.480829;-172.382861;,
  10.759690;19.131637;-172.335923;,
  13.540275;20.670651;-176.409498;,
  10.356458;22.074400;-175.308352;,
  13.511838;21.233768;-171.328640;,
  13.324441;22.423590;-175.355290;,
  10.543854;20.884579;-171.281702;,
  10.572292;20.321459;-176.362560;,
  13.324441;22.423590;-175.355290;,
  13.540275;20.670651;-176.409498;,
  10.356458;22.074400;-175.308352;,
  13.540275;20.670651;-176.409498;,
  13.511838;21.233768;-171.328640;,
  13.727672;19.480829;-172.382861;,
  13.324441;22.423590;-175.355290;,
  13.727672;19.480829;-172.382861;,
  10.543854;20.884579;-171.281702;,
  10.759690;19.131637;-172.335923;,
  13.511838;21.233768;-171.328640;,
  10.759690;19.131637;-172.335923;,
  10.356458;22.074400;-175.308352;,
  10.572292;20.321459;-176.362560;,
  10.543854;20.884579;-171.281702;;
  12;
  3;0,1,2;,
  3;1,0,3;,
  3;4,5,6;,
  3;5,4,7;,
  3;8,9,10;,
  3;9,8,11;,
  3;12,13,14;,
  3;13,12,15;,
  3;16,17,18;,
  3;17,16,19;,
  3;20,21,22;,
  3;21,20,23;;

  MeshMaterialList {
   1;
   12;
   0,
   0,
   0,
   0,
   0,
   0,
   0,
   0,
   0,
   0,
   0,
   0;

   Material  {
    0.529412;0.231373;0.031373;1.000000;;
    0.000000;
    0.000000;0.000000;0.000000;;
    0.000000;0.000000;0.000000;;
   }
  }

  DeclData {
   2;
   2;0;3;0;,
   1;0;5;0;;
   120;
   1037836858,
   3212032944,
   3197278701,
   1065353216,
   1065353216,
   1037836858,
   3212032944,
   3197278701,
   0,
   0,
   1037836857,
   3212032944,
   3197278701,
   1065353216,
   0,
   1037836857,
   3212032944,
   3197278701,
   0,
   1065353216,
   3185320426,
   1064549297,
   1049795053,
   0,
   1065353216,
   3185320426,
   1064549297,
   1049795053,
   1065353216,
   0,
   3185320426,
   1064549297,
   1049795053,
   1065353216,
   1065353216,
   3185320426,
   1064549297,
   1049795053,
   0,
   0,
   3180727865,
   1057087926,
   3210464891,
   0,
   1065353216,
   3180727876,
   1057087928,
   3210464890,
   1065353216,
   0,
   3180727895,
   1057087930,
   3210464888,
   1065353216,
   1065353216,
   3180727846,
   1057087923,
   3210464893,
   0,
   0,
   1065216176,
   1040339444,
   3154912503,
   0,
   1065353216,
   1065216176,
   1040339444,
   3154912503,
   1065353216,
   0,
   1065216176,
   1040339443,
   3154912502,
   1065353216,
   1065353216,
   1065216176,
   1040339443,
   3154912502,
   0,
   0,
   1033244218,
   3204571576,
   1062981242,
   0,
   1065353216,
   1033244227,
   3204571574,
   1062981243,
   1065353216,
   0,
   1033244241,
   3204571571,
   1062981244,
   1065353216,
   1065353216,
   1033244205,
   3204571578,
   1062981241,
   0,
   0,
   3212699824,
   3187823084,
   1007428892,
   0,
   1065353216,
   3212699824,
   3187823084,
   1007428892,
   1065353216,
   0,
   3212699824,
   3187823083,
   1007428892,
   1065353216,
   1065353216,
   3212699824,
   3187823083,
   1007428892,
   0,
   0;
  }

  XSkinMeshHeader {
   1;
   1;
   1;
  }

  SkinWeights {
   "Bip001_L_Toe0Nub";
   24;
   0,
   1,
   2,
   3,
   4,
   5,
   6,
   7,
   8,
   9,
   10,
   11,
   12,
   13,
   14,
   15,
   16,
   17,
   18,
   19,
   20,
   21,
   22,
   23;
   1.000000,
   1.000000,
   1.000000,
   1.000000,
   1.000000,
   1.000000,
   1.000000,
   1.000000,
   1.000000,
   1.000000,
   1.000000,
   1.000000,
   1.000000,
   1.000000,
   1.000000,
   1.000000,
   1.000000,
   1.000000,
   1.000000,
   1.000000,
   1.000000,
   1.000000,
   1.000000,
   1.000000;
   -0.182852,-0.641549,0.004260,0.000000,-0.004624,-0.003308,-0.696659,0.000000,0.473783,-0.135053,-0.002503,0.000000,54.288506,7.331998,0.241596,1.000000;;
  }
 }
}

AnimTicksPerSecond  {
 4800;
}

AnimationSet Anim1 {
 

 Animation {
  
  { Bip001 }

  AnimationKey S {
   1;
   2;
   0;3;1.000000,1.000000,1.000000;;,
   5600;3;1.000000,1.000000,1.000000;;;
  }

  AnimationKey R {
   0;
   36;
   0;4;0.706502,0.001745,-0.707708,-0.000906;;,
   160;4;0.706503,0.002079,-0.707707,-0.000573;;,
   320;4;0.706503,0.002931,-0.707704,0.000278;;,
   480;4;0.706501,0.004080,-0.707698,0.001424;;,
   640;4;0.706498,0.005302,-0.707690,0.002645;;,
   800;4;0.706493,0.006377,-0.707681,0.003718;;,
   960;4;0.706489,0.007081,-0.707675,0.004421;;,
   1120;4;0.706488,0.007192,-0.707674,0.004532;;,
   1280;4;0.706493,0.006488,-0.707680,0.003829;;,
   1440;4;0.706500,0.004747,-0.707694,0.002090;;,
   1600;4;0.706502,0.001745,-0.707708,-0.000906;;,
   1760;4;0.706441,-0.006736,-0.707678,-0.009373;;,
   1920;4;0.706092,-0.021473,-0.707384,-0.024083;;,
   2080;4;0.705364,-0.037516,-0.706715,-0.040096;;,
   2240;4;0.704551,-0.049926,-0.705947,-0.052483;;,
   2400;4;0.704253,-0.053786,-0.705663,-0.056335;;,
   2560;4;0.704549,-0.049958,-0.705945,-0.052514;;,
   2720;4;0.705027,-0.043074,-0.706398,-0.045643;;,
   2880;4;0.705561,-0.033874,-0.706899,-0.036461;;,
   3040;4;0.706035,-0.023103,-0.707333,-0.025710;;,
   3200;4;0.706362,-0.011507,-0.707617,-0.014135;;,
   3360;4;0.706499,0.000164,-0.707710,-0.002484;;,
   3520;4;0.706452,0.011160,-0.707622,0.008493;;,
   3680;4;0.706272,0.020731,-0.707406,0.018049;;,
   3840;4;0.706045,0.028131,-0.707151,0.025436;;,
   4000;4;0.705869,0.032613,-0.706958,0.029912;;,
   4160;4;0.705797,0.034276,-0.706880,0.031572;;,
   4320;4;0.705812,0.033946,-0.706896,0.031242;;,
   4480;4;0.705896,0.031975,-0.706987,0.029274;;,
   4640;4;0.706024,0.028714,-0.707127,0.026019;;,
   4800;4;0.706166,0.024514,-0.707285,0.021825;;,
   4960;4;0.706297,0.019727,-0.707435,0.017046;;,
   5120;4;0.706400,0.014704,-0.707557,0.012031;;,
   5280;4;0.706467,0.009798,-0.707642,0.007133;;,
   5440;4;0.706498,0.005361,-0.707690,0.002704;;,
   5600;4;0.706502,0.001745,-0.707708,-0.000906;;;
  }

  AnimationKey T {
   2;
   36;
   0;3;-0.479831,115.064179,0.060048;;,
   160;3;-0.479831,115.161958,-0.400397;;,
   320;3;-0.479831,115.411904,-1.577089;;,
   480;3;-0.479831,115.748736,-3.163065;;,
   640;3;-0.479832,116.107328,-4.851362;;,
   800;3;-0.479831,116.422426,-6.335016;;,
   960;3;-0.479831,116.628890,-7.307066;;,
   1120;3;-0.479831,116.661491,-7.460549;;,
   1280;3;-0.479831,116.455027,-6.488498;;,
   1440;3;-0.479831,115.944333,-4.083955;;,
   1600;3;-0.479831,115.064179,0.060048;;,
   1760;3;-0.479831,112.847514,10.496797;;,
   1920;3;-0.479831,109.066112,28.300646;;,
   2080;3;-0.479831,104.763174,48.560218;;,
   2240;3;-0.479831,100.981773,66.364077;;,
   2400;3;-0.479831,98.765114,76.800819;;,
   2560;3;-0.479831,97.811616,81.290150;;,
   2720;3;-0.479831,97.113472,84.577216;;,
   2880;3;-0.479831,96.654381,86.738752;;,
   3040;3;-0.479831,96.418048,87.851488;;,
   3200;3;-0.479831,96.388166,87.992173;;,
   3360;3;-0.479831,96.548442,87.237562;;,
   3520;3;-0.479831,96.882560,85.664384;;,
   3680;3;-0.479831,97.374259,83.349363;;,
   3840;3;-0.479831,98.007200,80.369267;;,
   4000;3;-0.479831,98.765114,76.800819;;,
   4160;3;-0.479831,99.734899,72.234758;;,
   4320;3;-0.479831,100.981786,66.364077;;,
   4480;3;-0.479831,102.456858,59.419040;;,
   4640;3;-0.479831,104.111219,51.629837;;,
   4800;3;-0.479831,105.895949,43.226730;;,
   4960;3;-0.479831,107.762202,34.439923;;,
   5120;3;-0.479831,109.661043,25.499611;;,
   5280;3;-0.479831,111.543578,16.636058;;,
   5440;3;-0.479831,113.360934,8.079450;;,
   5600;3;-0.479831,115.064179,0.060048;;;
  }
 }

 Animation {
  
  { Bip001_Pelvis }

  AnimationKey S {
   1;
   2;
   0;3;1.000000,1.000000,1.000000;;,
   5600;3;1.000000,1.000000,1.000000;;;
  }

  AnimationKey R {
   0;
   36;
   0;4;-0.494101,0.505831,0.494100,0.505831;;,
   160;4;-0.494683,0.505261,0.493517,0.506400;;,
   320;4;-0.496168,0.503803,0.492024,0.507851;;,
   480;4;-0.498163,0.501830,0.490005,0.509799;;,
   640;4;-0.500278,0.499721,0.487848,0.511864;;,
   800;4;-0.502130,0.497861,0.485944,0.513671;;,
   960;4;-0.503339,0.496639,0.484694,0.514851;;,
   1120;4;-0.503530,0.496445,0.484496,0.515038;;,
   1280;4;-0.502321,0.497668,0.485747,0.513858;;,
   1440;4;-0.499318,0.500681,0.488829,0.510926;;,
   1600;4;-0.494101,0.505831,0.494100,0.505831;;,
   1760;4;-0.479664,0.519541,0.508145,0.491720;;,
   1920;4;-0.453838,0.542247,0.531451,0.466434;;,
   2080;4;-0.424047,0.565848,0.555745,0.437205;;,
   2240;4;-0.399029,0.583760,0.574238,0.412614;;,
   2400;4;-0.388506,0.590816,0.581539,0.402259;;,
   2560;4;-0.389058,0.590452,0.581163,0.402803;;,
   2720;4;-0.390658,0.589395,0.580068,0.404378;;,
   2880;4;-0.393215,0.587692,0.578306,0.406894;;,
   3040;4;-0.396635,0.585389,0.575924,0.410259;;,
   3200;4;-0.400825,0.582528,0.572965,0.414381;;,
   3360;4;-0.405690,0.579151,0.569474,0.419165;;,
   3520;4;-0.411134,0.575299,0.565496,0.424517;;,
   3680;4;-0.417062,0.571016,0.561075,0.430344;;,
   3840;4;-0.423381,0.566346,0.556258,0.436551;;,
   4000;4;-0.429998,0.561339,0.551097,0.443049;;,
   4160;4;-0.436823,0.556045,0.545644,0.449747;;,
   4320;4;-0.443767,0.550519,0.539957,0.456560;;,
   4480;4;-0.450746,0.544819,0.534095,0.463403;;,
   4640;4;-0.457678,0.539009,0.528124,0.470197;;,
   4800;4;-0.464484,0.533156,0.522112,0.476863;;,
   4960;4;-0.471088,0.527329,0.516133,0.483329;;,
   5120;4;-0.477419,0.521604,0.510261,0.489524;;,
   5280;4;-0.483408,0.516059,0.504576,0.495382;;,
   5440;4;-0.488990,0.510773,0.499161,0.500837;;,
   5600;4;-0.494101,0.505831,0.494100,0.505831;;;
  }

  AnimationKey T {
   2;
   2;
   0;3;0.000000,0.000000,0.000000;;,
   5600;3;0.000000,0.000000,0.000000;;;
  }
 }

 Animation {
  
  { Bip001_Spine }

  AnimationKey S {
   1;
   2;
   0;3;1.000000,1.000000,1.000000;;,
   5600;3;1.000000,1.000000,1.000000;;;
  }

  AnimationKey R {
   0;
   36;
   0;4;0.936666,-0.275373,0.204860,0.069703;;,
   160;4;0.939609,-0.261005,0.212083,0.063494;;,
   320;4;0.941452,-0.247519,0.221681,0.057091;;,
   480;4;0.942519,-0.234485,0.232617,0.050630;;,
   640;4;0.943148,-0.221485,0.243847,0.044214;;,
   800;4;0.943701,-0.208119,0.254319,0.037900;;,
   960;4;0.944562,-0.194004,0.262982,0.031702;;,
   1120;4;0.946121,-0.178766,0.268779,0.025609;;,
   1280;4;0.948740,-0.162030,0.270655,0.019619;;,
   1440;4;0.952716,-0.143395,0.267546,0.013790;;,
   1600;4;0.958220,-0.122421,0.258376,0.008309;;,
   1760;4;0.970071,-0.088699,0.226021,0.002988;;,
   1920;4;0.985249,-0.039598,0.166467,0.002277;;,
   2080;4;0.994919,0.012337,0.099345,0.010659;;,
   2240;4;0.997278,0.052881,0.044609,0.025499;;,
   2400;4;0.996757,0.067886,0.020617,0.037975;;,
   2560;4;0.996249,0.064089,0.038798,0.043315;;,
   2720;4;0.993573,0.057246,0.086885,0.044567;;,
   2880;4;0.987134,0.047445,0.146322,0.043657;;,
   3040;4;0.978509,0.035004,0.198711,0.042533;;,
   3200;4;0.972914,0.020380,0.226239,0.042880;;,
   3360;4;0.971170,0.004142,0.234153,0.044541;;,
   3520;4;0.969690,-0.013306,0.239511,0.046467;;,
   3680;4;0.968388,-0.031803,0.242596,0.048587;;,
   3840;4;0.967167,-0.051189,0.243690,0.050827;;,
   4000;4;0.965925,-0.071302,0.243071,0.053111;;,
   4160;4;0.964564,-0.091981,0.241019,0.055371;;,
   4320;4;0.962990,-0.113058,0.237816,0.057548;;,
   4480;4;0.961124,-0.134366,0.233743,0.059594;;,
   4640;4;0.958899,-0.155731,0.229086,0.061478;;,
   4800;4;0.956270,-0.176979,0.224129,0.063186;;,
   4960;4;0.953206,-0.197936,0.219159,0.064718;;,
   5120;4;0.949699,-0.218426,0.214462,0.066094;;,
   5280;4;0.945755,-0.238276,0.210324,0.067350;;,
   5440;4;0.941399,-0.257314,0.207029,0.068532;;,
   5600;4;0.936666,-0.275373,0.204860,0.069703;;;
  }

  AnimationKey T {
   2;
   36;
   0;3;14.263466,-0.328320,-0.009809;;,
   160;3;14.263587,-0.328624,-0.010701;;,
   320;3;14.263771,-0.328907,-0.012741;;,
   480;3;14.263978,-0.329161,-0.015429;;,
   640;3;14.264198,-0.329389,-0.018270;;,
   800;3;14.264419,-0.329610,-0.020765;;,
   960;3;14.264587,-0.329858,-0.022424;;,
   1120;3;14.264702,-0.330174,-0.022747;;,
   1280;3;14.264733,-0.330587,-0.021243;;,
   1440;3;14.264642,-0.331092,-0.017407;;,
   1600;3;14.264427,-0.331620,-0.010736;;,
   1760;3;14.263672,-0.331854,0.007513;;,
   1920;3;14.262253,-0.329645,0.039106;;,
   2080;3;14.260566,-0.323580,0.073792;;,
   2240;3;14.259155,-0.315886,0.101437;;,
   2400;3;14.258507,-0.311966,0.112640;;,
   2560;3;14.258973,-0.312124,0.112076;;,
   2720;3;14.260178,-0.312679,0.110519;;,
   2880;3;14.261704,-0.313541,0.108139;;,
   3040;3;14.263000,-0.314655,0.104927;;,
   3200;3;14.263680,-0.315958,0.100700;;,
   3360;3;14.263878,-0.317404,0.095490;;,
   3520;3;14.264014,-0.318951,0.089546;;,
   3680;3;14.264122,-0.320524,0.083008;;,
   3840;3;14.264176,-0.322079,0.075897;;,
   4000;3;14.264160,-0.323547,0.068344;;,
   4160;3;14.264146,-0.324896,0.060432;;,
   4320;3;14.264099,-0.326080,0.052284;;,
   4480;3;14.264030,-0.327074,0.043976;;,
   4640;3;14.263931,-0.327858,0.035618;;,
   4800;3;14.263832,-0.328423,0.027309;;,
   4960;3;14.263741,-0.328770,0.019169;;,
   5120;3;14.263650,-0.328908,0.011284;;,
   5280;3;14.263557,-0.328861,0.003757;;,
   5440;3;14.263496,-0.328653,-0.003304;;,
   5600;3;14.263466,-0.328320,-0.009809;;;
  }
 }

 Animation {
  
  { Bip001_Spine1 }

  AnimationKey S {
   1;
   2;
   0;3;1.000000,1.000000,1.000000;;,
   5600;3;1.000000,1.000000,1.000000;;;
  }

  AnimationKey R {
   0;
   2;
   0;4;0.999975,0.000000,-0.007058,-0.000000;;,
   5600;4;0.999975,0.000000,-0.007058,-0.000000;;;
  }

  AnimationKey T {
   2;
   2;
   0;3;16.122040,-0.000000,-0.012833;;,
   5600;3;16.122032,0.000000,-0.012836;;;
  }
 }

 Animation {
  
  { Bip001_Spine2 }

  AnimationKey S {
   1;
   2;
   0;3;1.000000,1.000000,1.000000;;,
   5600;3;1.000000,1.000000,1.000000;;;
  }

  AnimationKey R {
   0;
   2;
   0;4;0.999989,-0.000000,-0.004682,-0.000000;;,
   5600;4;0.999989,-0.000000,-0.004682,-0.000000;;;
  }

  AnimationKey T {
   2;
   2;
   0;3;16.122101,0.000001,-0.012833;;,
   5600;3;16.122085,-0.000001,-0.012836;;;
  }
 }

 Animation {
  
  { Bip001_Spine3 }

  AnimationKey S {
   1;
   2;
   0;3;1.000000,1.000000,1.000000;;,
   5600;3;1.000000,1.000000,1.000000;;;
  }

  AnimationKey R {
   0;
   2;
   0;4;0.999975,-0.000000,0.007128,-0.000000;;,
   5600;4;0.999975,0.000000,0.007128,0.000000;;;
  }

  AnimationKey T {
   2;
   2;
   0;3;16.122406,0.000000,-0.012840;;,
   5600;3;16.122421,-0.000001,-0.012844;;;
  }
 }

 Animation {
  
  { Bip001_Neck }

  AnimationKey S {
   1;
   2;
   0;3;1.000000,1.000000,1.000000;;,
   5600;3;1.000000,1.000000,1.000000;;;
  }

  AnimationKey R {
   0;
   2;
   0;4;0.992115,0.000000,0.125332,-0.000000;;,
   5600;4;0.992115,-0.000000,0.125332,-0.000000;;;
  }

  AnimationKey T {
   2;
   2;
   0;3;16.124069,0.000001,-0.007175;;,
   5600;3;16.124054,0.000002,-0.007172;;;
  }
 }

 Animation {
  
  { Bip001_L_Clavicle }

  AnimationKey S {
   1;
   2;
   0;3;1.000000,1.000000,1.000000;;,
   5600;3;1.000000,1.000000,1.000000;;;
  }

  AnimationKey R {
   0;
   36;
   0;4;0.072880,0.741726,0.658668,-0.103376;;,
   160;4;0.086680,0.749847,0.649531,-0.091245;;,
   320;4;0.103270,0.758867,0.638353,-0.077216;;,
   480;4;0.121634,0.767998,0.625697,-0.062348;;,
   640;4;0.140687,0.776588,0.612251,-0.047623;;,
   800;4;0.159263,0.784147,0.598831,-0.033922;;,
   960;4;0.176139,0.790358,0.586365,-0.022019;;,
   1120;4;0.190051,0.795052,0.575860,-0.012595;;,
   1280;4;0.199718,0.798149,0.568360,-0.006271;;,
   1440;4;0.203869,0.799575,0.564893,-0.003661;;,
   1600;4;0.201269,0.799143,0.566420,-0.005451;;,
   1760;4;0.187815,0.795532,0.575886,-0.014457;;,
   1920;4;0.162718,0.787549,0.593524,-0.031924;;,
   2080;4;0.129867,0.774938,0.615982,-0.056320;;,
   2240;4;0.093141,0.757859,0.640004,-0.085844;;,
   2400;4;0.056213,0.737298,0.662772,-0.118180;;,
   2560;4;0.022350,0.715188,0.682183,-0.150445;;,
   2720;4;-0.005699,0.694282,0.696988,-0.179300;;,
   2880;4;-0.025668,0.677847,0.706685,-0.201150;;,
   3040;4;-0.036204,0.668683,0.711426,-0.213134;;,
   3200;4;-0.039107,0.666191,0.712604,-0.216462;;,
   3360;4;-0.036804,0.668356,0.711514,-0.213761;;,
   3520;4;-0.031564,0.672973,0.709190,-0.207753;;,
   3680;4;-0.025668,0.677847,0.706685,-0.201150;;,
   3840;4;-0.019837,0.682394,0.704284,-0.194757;;,
   4000;4;-0.013283,0.687379,0.701508,-0.187672;;,
   4160;4;-0.006083,0.692704,0.698370,-0.180010;;,
   4320;4;0.001678,0.698273,0.694886,-0.171887;;,
   4480;4;0.009917,0.703994,0.691078,-0.163416;;,
   4640;4;0.018543,0.709780,0.686974,-0.154708;;,
   4800;4;0.027463,0.715548,0.682611,-0.145874;;,
   4960;4;0.036578,0.721224,0.678030,-0.137017;;,
   5120;4;0.045786,0.726737,0.673284,-0.128242;;,
   5280;4;0.054980,0.732027,0.668430,-0.119647;;,
   5440;4;0.064049,0.737039,0.663534,-0.111328;;,
   5600;4;0.072880,0.741726,0.658668,-0.103376;;;
  }

  AnimationKey T {
   2;
   2;
   0;3;0.000000,4.340598,0.007393;;,
   5600;3;0.000000,4.340598,0.007401;;;
  }
 }

 Animation {
  
  { Bip001_L_UpperArm }

  AnimationKey S {
   1;
   2;
   0;3;1.000000,1.000000,1.000000;;,
   5600;3;1.000000,1.000000,1.000000;;;
  }

  AnimationKey R {
   0;
   36;
   0;4;0.879650,-0.003139,-0.073866,0.469841;;,
   160;4;0.884960,-0.021243,-0.071891,0.459593;;,
   320;4;0.890216,-0.043626,-0.069771,0.448045;;,
   480;4;0.895297,-0.067739,-0.067161,0.435138;;,
   640;4;0.900130,-0.091265,-0.063942,0.421128;;,
   800;4;0.904677,-0.112214,-0.060204,0.406624;;,
   960;4;0.908916,-0.128961,-0.056182,0.392535;;,
   1120;4;0.912833,-0.140216,-0.052178,0.379939;;,
   1280;4;0.916420,-0.144884,-0.048481,0.369909;;,
   1440;4;0.919692,-0.141857,-0.045318,0.363303;;,
   1600;4;0.922702,-0.129730,-0.042799,0.360499;;,
   1760;4;0.924104,-0.090743,-0.037800,0.369281;;,
   1920;4;0.922412,-0.017816,-0.028008,0.384779;;,
   2080;4;0.917985,0.072469,-0.014469,0.389670;;,
   2240;4;0.913436,0.158846,0.000847,0.374704;;,
   2400;4;0.913952,0.217517,0.013663,0.342333;;,
   2560;4;0.922355,0.232510,0.019287,0.307942;;,
   2720;4;0.933707,0.214362,0.018194,0.286200;;,
   2880;4;0.943003,0.178643,0.013228,0.280459;;,
   3040;4;0.947835,0.139646,0.009701,0.286380;;,
   3200;4;0.948900,0.114709,0.012880,0.293707;;,
   3360;4;0.948050,0.102222,0.019681,0.300606;;,
   3520;4;0.945978,0.089733,0.023238,0.310697;;,
   3680;4;0.942963,0.080161,0.021678,0.322373;;,
   3840;4;0.939372,0.073451,0.016423,0.334538;;,
   4000;4;0.935401,0.067430,0.010295,0.346947;;,
   4160;4;0.931057,0.061861,0.003409,0.359576;;,
