xof 0303txt 0032
template Frame {
 <3d82ab46-62da-11cf-ab39-0020af71e433>
 [...]
}

template Matrix4x4 {
 <f6f23f45-7686-11cf-8f52-0040333594a3>
 array FLOAT matrix[16];
}

template FrameTransformMatrix {
 <f6f23f41-7686-11cf-8f52-0040333594a3>
 Matrix4x4 frameMatrix;
}

template Vector {
 <3d82ab5e-62da-11cf-ab39-0020af71e433>
 FLOAT x;
 FLOAT y;
 FLOAT z;
}

template MeshFace {
 <3d82ab5f-62da-11cf-ab39-0020af71e433>
 DWORD nFaceVertexIndices;
 array DWORD faceVertexIndices[nFaceVertexIndices];
}

template Mesh {
 <3d82ab44-62da-11cf-ab39-0020af71e433>
 DWORD nVertices;
 array Vector vertices[nVertices];
 DWORD nFaces;
 array MeshFace faces[nFaces];
 [...]
}

template ColorRGBA {
 <35ff44e0-6c7c-11cf-8f52-0040333594a3>
 FLOAT red;
 FLOAT green;
 FLOAT blue;
 FLOAT alpha;
}

template ColorRGB {
 <d3e16e81-7835-11cf-8f52-0040333594a3>
 FLOAT red;
 FLOAT green;
 FLOAT blue;
}

template Material {
 <3d82ab4d-62da-11cf-ab39-0020af71e433>
 ColorRGBA faceColor;
 FLOAT power;
 ColorRGB specularColor;
 ColorRGB emissiveColor;
 [...]
}

template MeshMaterialList {
 <f6f23f42-7686-11cf-8f52-0040333594a3>
 DWORD nMaterials;
 DWORD nFaceIndexes;
 array DWORD faceIndexes[nFaceIndexes];
 [Material <3d82ab4d-62da-11cf-ab39-0020af71e433>]
}

template VertexElement {
 <f752461c-1e23-48f6-b9f8-8350850f336f>
 DWORD Type;
 DWORD Method;
 DWORD Usage;
 DWORD UsageIndex;
}

template DeclData {
 <bf22e553-292c-4781-9fea-62bd554bdd93>
 DWORD nElements;
 array VertexElement Elements[nElements];
 DWORD nDWords;
 array DWORD data[nDWords];
}

template XSkinMeshHeader {
 <3cf169ce-ff7c-44ab-93c0-f78f62d172e2>
 WORD nMaxSkinWeightsPerVertex;
 WORD nMaxSkinWeightsPerFace;
 WORD nBones;
}

template SkinWeights {
 <6f0d123b-bad2-4167-a0d0-80224f25fabb>
 STRING transformNodeName;
 DWORD nWeights;
 array DWORD vertexIndices[nWeights];
 array FLOAT weights[nWeights];
 Matrix4x4 matrixOffset;
}

template AnimTicksPerSecond {
 <9e415a43-7ba6-4a73-8743-b73d47e88476>
 DWORD AnimTicksPerSecond;
}

template Animation {
 <3d82ab4f-62da-11cf-ab39-0020af71e433>
 [...]
}

template AnimationSet {
 <3d82ab50-62da-11cf-ab39-0020af71e433>
 [Animation <3d82ab4f-62da-11cf-ab39-0020af71e433>]
}

template FloatKeys {
 <10dd46a9-775b-11cf-8f52-0040333594a3>
 DWORD nValues;
 array FLOAT values[nValues];
}

template TimedFloatKeys {
 <f406b180-7b3b-11cf-8f52-0040333594a3>
 DWORD time;
 FloatKeys tfkeys;
}

template AnimationKey {
 <10dd46a8-775b-11cf-8f52-0040333594a3>
 DWORD keyType;
 DWORD nKeys;
 array TimedFloatKeys keys[nKeys];
}


Frame Bip001 {
 

 FrameTransformMatrix {
  0.000000,0.091696,0.995787,0.000000,-0.000000,0.995787,-0.091696,0.000000,-1.000000,0.000000,0.000000,0.000000,-0.000000,126.215194,0.000000,1.000000;;
 }

 Frame Bip001_Pelvis {
  

  FrameTransformMatrix {
   0.000000,0.999887,0.015043,0.000000,-0.000001,-0.015043,0.999887,0.000000,1.000000,-0.000000,0.000001,0.000000,0.000000,0.000000,0.000000,1.000000;;
  }

  Frame Bip001_Spine {
   

   FrameTransformMatrix {
    1.000000,0.000003,0.000796,0.000000,-0.000001,0.999999,-0.001381,0.000000,-0.000796,0.001381,0.999999,0.000000,14.260376,-0.214557,-0.012842,1.000000;;
   }

   Frame Bip001_Spine1 {
    

    FrameTransformMatrix {
     0.998578,-0.007552,0.052767,0.000000,0.007856,0.999954,-0.005546,0.000000,-0.052723,0.005953,0.998591,0.000000,16.122894,-0.000076,-0.012821,1.000000;;
    }

    Frame Bip001_Spine2 {
     

     FrameTransformMatrix {
      0.997693,-0.014196,0.066380,0.000000,0.013930,0.999893,0.004466,0.000000,-0.066437,-0.003531,0.997785,0.000000,16.123093,0.000045,-0.012809,1.000000;;
     }

     Frame Bip001_Spine3 {
      

      FrameTransformMatrix {
       0.998964,-0.020562,0.040593,0.000000,0.019380,0.999383,0.029293,0.000000,-0.041170,-0.028475,0.998746,0.000000,16.122726,0.000365,-0.012821,1.000000;;
      }

      Frame Bip001_Neck {
       

       FrameTransformMatrix {
        1.000000,0.000000,0.000000,0.000000,0.000000,1.000000,0.000000,0.000000,0.000000,0.000000,1.000000,0.000000,16.122238,0.000000,-0.007406,1.000000;;
       }

       Frame Bip001_L_Clavicle {
        

        FrameTransformMatrix {
         0.061058,0.995909,-0.066614,0.000000,0.998134,-0.060975,0.003281,0.000000,-0.000795,-0.066690,-0.997774,0.000000,-0.000015,4.340598,0.007393,1.000000;;
        }

        Frame Bip001_L_UpperArm {
         

         FrameTransformMatrix {
          0.234002,-0.970610,-0.056210,0.000000,0.091425,0.079527,-0.992631,0.000000,0.967928,0.227138,0.107348,0.000000,16.122227,-0.000015,-0.000001,1.000000;;
         }

         Frame Bip001_L_Forearm {
          

          FrameTransformMatrix {
           0.998008,0.000000,-0.063095,0.000000,0.000000,1.000000,-0.000000,0.000000,0.063095,-0.000000,0.998008,0.000000,44.136810,0.000000,0.000000,1.000000;;
          }

          Frame Bip001_L_Hand {
           

           FrameTransformMatrix {
            0.966725,0.255273,0.016708,0.000000,-0.102631,0.327181,0.939372,0.000000,0.234330,-0.909829,0.342493,0.000000,37.683366,0.000000,-0.000008,1.000000;;
           }

           Frame Bip001_L_Finger0 {
            

            FrameTransformMatrix {
             0.820473,-0.503828,0.270153,0.000000,0.512024,0.437437,-0.739243,0.000000,0.254276,0.744853,0.616877,0.000000,4.289886,-5.456856,2.394806,1.000000;;
            }

            Frame Bip001_L_Finger01 {
             

             FrameTransformMatrix {
              1.000000,0.000000,0.000000,0.000000,0.000000,1.000000,-0.000000,0.000000,-0.000000,-0.000000,1.000000,0.000000,3.875542,0.000000,-0.000004,1.000000;;
             }

             Frame Bip001_L_Finger02 {
              

              FrameTransformMatrix {
               1.000000,0.000000,0.000000,0.000000,0.000000,1.000000,-0.000000,0.000000,-0.000000,-0.000000,1.000000,0.000000,3.875542,-0.000002,0.000004,1.000000;;
              }

              Frame Bip001_L_Finger0Nub {
               

               FrameTransformMatrix {
                1.000000,0.000000,0.000000,0.000000,0.000000,1.000000,-0.000000,0.000000,-0.000000,-0.000000,1.000000,0.000000,3.875534,0.000000,-0.000004,1.000000;;
               }
              }
             }
            }
           }

           Frame Bip001_L_Finger1 {
            

            FrameTransformMatrix {
             0.922315,0.000308,-0.386438,0.000000,0.000000,1.000000,0.000796,0.000000,0.386438,-0.000734,0.922315,0.000000,11.734268,-5.461197,-0.417761,1.000000;;
            }

            Frame Bip001_L_Finger11 {
             

             FrameTransformMatrix {
              1.000000,0.000000,0.000000,0.000000,0.000000,1.000000,0.000000,0.000000,0.000000,-0.000000,1.000000,0.000000,4.650642,0.000000,0.000000,1.000000;;
             }

             Frame Bip001_L_Finger12 {
              

              FrameTransformMatrix {
               1.000000,0.000000,0.000000,0.000000,0.000000,1.000000,0.000000,0.000000,0.000000,-0.000000,1.000000,0.000000,4.650642,0.000000,0.000000,1.000000;;
              }

              Frame Bip001_L_Finger1Nub {
               

               FrameTransformMatrix {
                1.000000,0.000000,0.000000,0.000000,0.000000,1.000000,0.000000,0.000000,0.000000,-0.000000,1.000000,0.000000,4.650642,0.000000,0.000000,1.000000;;
               }
              }
             }
            }
           }

           Frame Bip001_L_Finger2 {
            

            FrameTransformMatrix {
             0.913055,0.058367,-0.403637,0.000000,-0.054546,0.998291,0.020970,0.000000,0.404172,0.002870,0.914679,0.000000,11.686767,-1.501312,-0.364781,1.000000;;
            }

            Frame Bip001_L_Finger21 {
             

             FrameTransformMatrix {
              1.000000,-0.000000,0.000000,0.000000,-0.000000,1.000000,-0.000000,0.000000,0.000000,-0.000000,1.000000,0.000000,4.698433,-0.000008,-0.000004,1.000000;;
             }

             Frame Bip001_L_Finger22 {
              

              FrameTransformMatrix {
               1.000000,-0.000000,0.000000,0.000000,-0.000000,1.000000,-0.000000,0.000000,0.000000,-0.000000,1.000000,0.000000,5.425751,0.000000,0.000000,1.000000;;
              }

              Frame Bip001_L_Finger2Nub {
               

               FrameTransformMatrix {
                1.000000,-0.000000,0.000000,0.000000,-0.000000,1.000000,-0.000000,0.000000,0.000000,-0.000000,1.000000,0.000000,5.425751,0.000000,0.000004,1.000000;;
               }
              }
             }
            }
           }

           Frame Bip001_L_Finger3 {
            

            FrameTransformMatrix {
             0.895635,0.093934,-0.434758,0.000000,-0.084190,0.995578,0.041667,0.000000,0.436749,-0.000716,0.899583,0.000000,11.686195,1.606094,-0.362915,1.000000;;
            }

            Frame Bip001_L_Finger31 {
             

             FrameTransformMatrix {
              1.000000,0.000000,-0.000000,0.000000,0.000000,1.000000,-0.000000,0.000000,0.000000,-0.000000,1.000000,0.000000,4.316544,0.000000,0.000008,1.000000;;
             }

             Frame Bip001_L_Finger32 {
              

              FrameTransformMatrix {
               1.000000,0.000000,-0.000000,0.000000,0.000000,1.000000,-0.000000,0.000000,0.000000,-0.000000,1.000000,0.000000,4.650642,0.000000,0.000000,1.000000;;
              }

              Frame Bip001_L_Finger3Nub {
               

               FrameTransformMatrix {
                1.000000,0.000000,-0.000000,0.000000,0.000000,1.000000,-0.000000,0.000000,0.000000,-0.000000,1.000000,0.000000,4.650642,0.000000,-0.000004,1.000000;;
               }
              }
             }
            }
           }

           Frame Bip001_L_Finger4 {
            

            FrameTransformMatrix {
             0.995318,0.043504,-0.086311,0.000000,-0.043233,0.999052,0.005008,0.000000,0.086447,-0.001253,0.996256,0.000000,10.216782,4.386826,-0.631809,1.000000;;
            }

            Frame Bip001_L_Finger41 {
             

             FrameTransformMatrix {
              1.000000,0.000000,-0.000000,0.000000,0.000000,1.000000,0.000000,0.000000,-0.000000,0.000000,1.000000,0.000000,3.003708,0.000000,0.000000,1.000000;;
             }

             Frame Bip001_L_Finger42 {
              

              FrameTransformMatrix {
               1.000000,0.000000,-0.000000,0.000000,0.000000,1.000000,0.000000,0.000000,-0.000000,0.000000,1.000000,0.000000,3.003708,0.000000,0.000000,1.000000;;
              }

              Frame Bip001_L_Finger4Nub {
               

               FrameTransformMatrix {
                1.000000,0.000000,-0.000000,0.000000,0.000000,1.000000,0.000000,0.000000,-0.000000,0.000000,1.000000,0.000000,3.003708,0.000000,0.000001,1.000000;;
               }
              }
             }
            }
           }
          }
         }
        }
       }

       Frame Bip001_R_Clavicle {
        

        FrameTransformMatrix {
         0.093812,-0.970730,-0.221096,0.000000,-0.995590,-0.091643,-0.020073,0.000000,-0.000776,0.222004,-0.975045,0.000000,-0.000015,-4.340599,0.007418,1.000000;;
        }

        Frame Bip001_R_UpperArm {
         

         FrameTransformMatrix {
          0.125918,0.983378,-0.130812,0.000000,-0.099197,0.143681,0.984640,0.000000,0.987069,-0.111008,0.115640,0.000000,16.122226,-0.000015,0.000000,1.000000;;
         }

         Frame Bip001_R_Forearm {
          

          FrameTransformMatrix {
           0.996418,0.000000,-0.084562,0.000000,0.000000,1.000000,-0.000000,0.000000,0.084562,-0.000000,0.996418,0.000000,44.136826,0.000000,0.000004,1.000000;;
          }

          Frame Bip001_R_Hand {
           

           FrameTransformMatrix {
            0.982257,-0.187036,0.013761,0.000000,0.015061,0.005532,-0.999871,0.000000,0.186936,0.982337,0.008250,0.000000,37.683379,0.000002,0.000004,1.000000;;
           }

           Frame Bip001_R_Finger0 {
            

            FrameTransformMatrix {
             0.820473,0.503828,0.270153,0.000000,-0.512024,0.437437,0.739243,0.000000,0.254276,-0.744854,0.616877,0.000000,4.289879,5.456856,2.394810,1.000000;;
            }

            Frame Bip001_R_Finger01 {
             

             FrameTransformMatrix {
              1.000000,0.000000,0.000000,0.000000,0.000000,1.000000,-0.000000,0.000000,0.000000,-0.000000,1.000000,0.000000,3.875542,-0.000004,0.000004,1.000000;;
             }

             Frame Bip001_R_Finger02 {
              

              FrameTransformMatrix {
               1.000000,0.000000,0.000000,0.000000,0.000000,1.000000,-0.000000,0.000000,0.000000,-0.000000,1.000000,0.000000,3.875526,0.000004,0.000000,1.000000;;
              }

              Frame Bip001_R_Finger0Nub {
               

               FrameTransformMatrix {
                -1.000000,-0.000000,0.000000,0.000000,-0.000000,1.000000,-0.000000,0.000000,0.000000,0.000000,-1.000000,0.000000,3.875534,0.000000,-0.000002,1.000000;;
               }
              }
             }
            }
           }

           Frame Bip001_R_Finger1 {
            

            FrameTransformMatrix {
             0.922315,-0.000308,-0.386438,0.000000,-0.000000,1.000000,-0.000796,0.000000,0.386438,0.000734,0.922315,0.000000,11.734268,5.461201,-0.417759,1.000000;;
            }

            Frame Bip001_R_Finger11 {
             

             FrameTransformMatrix {
              1.000000,-0.000000,0.000000,0.000000,-0.000000,1.000000,0.000000,0.000000,0.000000,-0.000000,1.000000,0.000000,4.650642,0.000000,-0.000008,1.000000;;
             }

             Frame Bip001_R_Finger12 {
              

              FrameTransformMatrix {
               1.000000,-0.000000,0.000000,0.000000,-0.000000,1.000000,0.000000,0.000000,0.000000,-0.000000,1.000000,0.000000,4.650650,0.000004,0.000008,1.000000;;
              }

              Frame Bip001_R_Finger1Nub {
               

               FrameTransformMatrix {
                -1.000000,0.000000,-0.000000,0.000000,0.000000,1.000000,0.000000,0.000000,0.000000,-0.000000,-1.000000,0.000000,4.650642,0.000000,0.000000,1.000000;;
               }
              }
             }
            }
           }

           Frame Bip001_R_Finger2 {
            

            FrameTransformMatrix {
             0.913055,-0.058367,-0.403637,0.000000,0.054546,0.998291,-0.020970,0.000000,0.404172,-0.002870,0.914679,0.000000,11.686767,1.501316,-0.364780,1.000000;;
            }

            Frame Bip001_R_Finger21 {
             

             FrameTransformMatrix {
              1.000000,0.000000,-0.000000,0.000000,0.000000,1.000000,-0.000000,0.000000,0.000000,0.000000,1.000000,0.000000,4.698425,0.000000,-0.000008,1.000000;;
             }

             Frame Bip001_R_Finger22 {
              

              FrameTransformMatrix {
               1.000000,0.000000,-0.000000,0.000000,0.000000,1.000000,-0.000000,0.000000,0.000000,0.000000,1.000000,0.000000,5.425751,0.000000,0.000008,1.000000;;
              }

              Frame Bip001_R_Finger2Nub {
               

               FrameTransformMatrix {
                -1.000000,-0.000000,-0.000000,0.000000,0.000000,1.000000,-0.000000,0.000000,0.000000,0.000000,-1.000000,0.000000,5.425751,0.000000,0.000000,1.000000;;
               }
              }
             }
            }
           }

           Frame Bip001_R_Finger3 {
            

            FrameTransformMatrix {
             0.895635,-0.093934,-0.434758,0.000000,0.084190,0.995578,-0.041667,0.000000,0.436749,0.000716,0.899583,0.000000,11.686195,-1.606098,-0.362915,1.000000;;
            }

            Frame Bip001_R_Finger31 {
             

             FrameTransformMatrix {
              1.000000,0.000000,-0.000000,0.000000,0.000000,1.000000,-0.000000,0.000000,0.000000,0.000000,1.000000,0.000000,4.316551,0.000000,0.000008,1.000000;;
             }

             Frame Bip001_R_Finger32 {
              

              FrameTransformMatrix {
               1.000000,0.000000,-0.000000,0.000000,0.000000,1.000000,-0.000000,0.000000,0.000000,0.000000,1.000000,0.000000,4.650638,0.000000,-0.000008,1.000000;;
              }

              Frame Bip001_R_Finger3Nub {
               

               FrameTransformMatrix {
                -1.000001,0.000000,0.000000,0.000000,0.000000,1.000000,0.000000,0.000000,-0.000000,-0.000000,-1.000000,0.000000,4.650646,-0.000004,0.000008,1.000000;;
               }
              }
             }
            }
           }

           Frame Bip001_R_Finger4 {
            

            FrameTransformMatrix {
             0.995318,-0.043504,-0.086311,0.000000,0.043233,0.999053,-0.005008,0.000000,0.086447,0.001253,0.996256,0.000000,10.216782,-4.386833,-0.631809,1.000000;;
            }

            Frame Bip001_R_Finger41 {
             

             FrameTransformMatrix {
              1.000000,-0.000000,0.000000,0.000000,0.000000,1.000000,0.000000,0.000000,-0.000000,0.000000,1.000000,0.000000,3.003708,0.000000,0.000004,1.000000;;
             }

             Frame Bip001_R_Finger42 {
              

              FrameTransformMatrix {
               1.000000,-0.000000,0.000000,0.000000,0.000000,1.000000,0.000000,0.000000,-0.000000,0.000000,1.000000,0.000000,3.003716,0.000004,0.000000,1.000000;;
              }

              Frame Bip001_R_Finger4Nub {
               

               FrameTransformMatrix {
                -1.000000,-0.000000,-0.000000,0.000000,-0.000000,1.000000,0.000000,0.000000,0.000000,-0.000000,-1.000000,0.000000,3.003708,-0.000004,-0.000004,1.000000;;
               }
              }
             }
            }
           }
          }
         }
        }
       }

       Frame Bip001_Head {
        

        FrameTransformMatrix {
         0.992291,0.065538,-0.105176,0.000000,-0.065376,0.997848,0.004989,0.000000,0.105277,0.001925,0.994441,0.000000,15.765381,-0.911514,-0.005146,1.000000;;
        }

        Frame Bip001_HeadNub {
         

         FrameTransformMatrix {
          1.000000,0.000000,0.000000,0.000000,0.000000,1.000000,0.000000,0.000000,0.000000,0.000000,1.000000,0.000000,29.144013,0.000001,-0.000000,1.000000;;
         }
        }
       }
      }
     }
    }
   }

   Frame Bip001_L_Thigh {
    

    FrameTransformMatrix {
     -0.971821,0.125641,-0.199446,0.000000,-0.135619,-0.990065,0.037124,0.000000,-0.192800,0.063126,0.979205,0.000000,-14.260338,12.616257,0.041634,1.000000;;
    }

    Frame Bip001_L_Calf {
     

     FrameTransformMatrix {
      0.998346,-0.000000,-0.057494,0.000000,0.000000,1.000000,0.000000,0.000000,0.057494,-0.000000,0.998346,0.000000,54.040723,0.000000,0.000000,1.000000;;
     }

     Frame Bip001_L_Foot {
      

      FrameTransformMatrix {
       0.980137,0.123620,0.155079,0.000000,-0.125360,0.992110,0.001452,0.000000,-0.153676,-0.020864,0.987901,0.000000,58.826867,-0.000002,0.000000,1.000000;;
      }

      Frame Bip001_L_Toe0 {
       

       FrameTransformMatrix {
        0.000000,-0.000000,1.000000,0.000000,-0.000000,1.000000,-0.000000,0.000000,-1.000000,-0.000000,0.000000,0.000000,14.261973,0.000000,18.354528,1.000000;;
       }

       Frame Bip001_L_Toe01 {
        

        FrameTransformMatrix {
         1.000000,-0.000000,0.000000,0.000000,-0.000000,1.000000,-0.000000,0.000000,0.000000,0.000000,1.000000,0.000000,1.860257,0.000002,-0.000000,1.000000;;
        }

        Frame Bip001_L_Toe02 {
         

         FrameTransformMatrix {
          1.000000,-0.000000,0.000000,0.000000,-0.000000,1.000000,-0.000000,0.000000,0.000000,0.000000,1.000000,0.000000,1.860259,-0.000004,0.000000,1.000000;;
         }

         Frame Bip001_L_Toe0Nub {
          

          FrameTransformMatrix {
           -1.000000,0.000000,0.000000,0.000000,0.000000,1.000000,-0.000000,0.000000,-0.000000,-0.000000,-1.000000,0.000000,1.860256,0.000000,0.000000,1.000000;;
          }
         }
        }
       }
      }
     }
    }
   }

   Frame Bip001_R_Thigh {
    

    FrameTransformMatrix {
     -0.988034,-0.078338,-0.132862,0.000000,0.083661,-0.995881,-0.034953,0.000000,-0.129577,-0.045650,0.990518,0.000000,-14.260376,-12.187139,0.007343,1.000000;;
    }

    Frame Bip001_R_Calf {
     

     FrameTransformMatrix {
      0.997681,0.000000,-0.068066,0.000000,0.000000,1.000000,0.000000,0.000000,0.068066,0.000000,0.997681,0.000000,53.736070,0.000000,0.000000,1.000000;;
     }

     Frame Bip001_R_Foot {
      

      FrameTransformMatrix {
       0.991338,-0.072907,0.109238,0.000000,0.066312,0.995818,0.062840,0.000000,-0.113363,-0.055052,0.992027,0.000000,59.151949,-0.000004,-0.000001,1.000000;;
      }

      Frame Bip001_R_Toe0 {
       

       FrameTransformMatrix {
        0.000000,0.000000,1.000000,0.000000,-0.000000,1.000000,-0.000000,0.000000,-1.000000,-0.000000,0.000000,0.000000,14.261974,0.000000,18.354530,1.000000;;
       }

       Frame Bip001_R_Toe01 {
        

        FrameTransformMatrix {
         1.000000,0.000000,-0.000000,0.000000,-0.000000,1.000000,0.000000,0.000000,0.000000,0.000000,1.000000,0.000000,1.860257,0.000000,-0.000000,1.000000;;
        }

        Frame Bip001_R_Toe02 {
         

         FrameTransformMatrix {
          1.000000,0.000000,-0.000000,0.000000,-0.000000,1.000000,0.000000,0.000000,0.000000,0.000000,1.000000,0.000000,1.860256,0.000000,0.000000,1.000000;;
         }

         Frame Bip001_R_Toe0Nub {
          

          FrameTransformMatrix {
           1.000000,0.000000,-0.000000,0.000000,-0.000000,1.000000,0.000000,0.000000,0.000000,0.000000,1.000000,0.000000,1.860257,0.000002,-0.000000,1.000000;;
          }
         }
        }
       }
      }
     }
    }
   }
  }
 }
}

Frame Box001 {
 

 FrameTransformMatrix {
  0.667112,0.000000,0.000000,0.000000,0.000000,0.696682,0.000000,0.000000,0.000000,0.000000,0.492662,0.000000,0.000000,0.000000,0.000000,1.000000;;
 }

 Mesh Box001 {
  24;
  -6.552026;20.127672;83.304275;,
  -10.231583;19.267450;80.270752;,
  -7.329400;18.959776;79.396134;,
  -9.454210;20.435347;84.178893;,
  -6.523099;21.889736;82.240723;,
  -10.202656;21.029512;79.207200;,
  -9.425282;22.197408;83.115354;,
  -7.300472;20.721840;78.332582;,
  -6.552026;20.127672;83.304275;,
  -9.425282;22.197408;83.115354;,
  -9.454210;20.435347;84.178893;,
  -6.523099;21.889736;82.240723;,
  -9.454210;20.435347;84.178893;,
  -10.202656;21.029512;79.207200;,
  -10.231583;19.267450;80.270752;,
  -9.425282;22.197408;83.115354;,
  -10.231583;19.267450;80.270752;,
  -7.300472;20.721840;78.332582;,
  -7.329400;18.959776;79.396134;,
  -10.202656;21.029512;79.207200;,
  -7.329400;18.959776;79.396134;,
  -6.523099;21.889736;82.240723;,
  -6.552026;20.127672;83.304275;,
  -7.300472;20.721840;78.332582;;
  12;
  3;0,1,2;,
  3;1,0,3;,
  3;4,5,6;,
  3;5,4,7;,
  3;8,9,10;,
  3;9,8,11;,
  3;12,13,14;,
  3;13,12,15;,
  3;16,17,18;,
  3;17,16,19;,
  3;20,21,22;,
  3;21,20,23;;

  MeshMaterialList {
   1;
   12;
   0,
   0,
   0,
   0,
   0,
   0,
   0,
   0,
   0,
   0,
   0,
   0;

   Material  {
    0.529412;0.231373;0.031373;1.000000;;
    0.000000;
    0.000000;0.000000;0.000000;;
    0.000000;0.000000;0.000000;;
   }
  }

  DeclData {
   2;
   2;0;3;0;,
   1;0;5;0;;
   120;
   3161200255,
   3212119522,
   1049882127,
   1065353216,
   1065353216,
   3161200255,
   3212119522,
   1049882127,
   0,
   0,
   3161200256,
   3212119522,
   1049882126,
   1065353216,
   0,
   3161200255,
   3212119522,
   1049882128,
   0,
   1065353216,
   1013715263,
   1064635879,
   3197365747,
   0,
   1065353216,
   1013715504,
   1064635878,
   3197365754,
   1065353216,
   0,
   1013714790,
   1064635882,
   3197365729,
   1065353216,
   1065353216,
   1013715977,
   1064635875,
   3197365772,
   0,
   0,
   1050212724,
   1056613772,
   1062319786,
   0,
   1065353216,
   1050212695,
   1056613737,
   1062319802,
   1065353216,
   0,
   1050212653,
   1056613683,
   1062319826,
   1065353216,
   1065353216,
   1050212766,
   1056613826,
   1062319763,
   0,
   0,
   3212508041,
   1038624360,
   1042612557,
   0,
   1065353216,
   3212508040,
   1038624436,
   1042612561,
   1065353216,
   0,
   3212508039,
   1038624496,
   1042612563,
   1065353216,
   1065353216,
   3212508042,
   1038624298,
   1042612554,
   0,
   0,
   3197696285,
   3204097503,
   3209803425,
   0,
   1065353216,
   3197696288,
   3204097500,
   3209803426,
   1065353216,
   0,
   3197696292,
   3204097494,
   3209803427,
   1065353216,
   1065353216,
   3197696281,
   3204097509,
   3209803424,
   0,
   0,
   1065024391,
   3186108125,
   3190096216,
   0,
   1065353216,
   1065024391,
   3186108114,
   3190096221,
   1065353216,
   0,
   1065024391,
   3186108109,
   3190096224,
   1065353216,
   1065353216,
   1065024391,
   3186108131,
   3190096213,
   0,
   0;
  }

  XSkinMeshHeader {
   1;
   1;
   1;
  }

  SkinWeights {
   "Bip001_L_Toe0Nub";
   24;
   0,
   1,
   2,
   3,
   4,
   5,
   6,
   7,
   8,
   9,
   10,
   11,
   12,
   13,
   14,
   15,
   16,
   17,
   18,
   19,
   20,
   21,
   22,
   23;
   1.000000,
   1.000000,
   1.000000,
   1.000000,
   1.000000,
   1.000000,
   1.000000,
   1.000000,
   1.000000,
   1.000000,
   1.000000,
   1.000000,
   1.000000,
   1.000000,
   1.000000,
   1.000000,
   1.000000,
   1.000000,
   1.000000,
   1.000000,
   1.000000,
   1.000000,
   1.000000,
   1.000000;
   0.047535,0.665399,0.004818,0.000000,0.003875,0.004767,-0.696655,0.000000,-0.491402,0.035123,-0.002493,0.000000,9.873142,25.638216,0.832266,1.000000;;
  }
 }
}

AnimTicksPerSecond  {
 4800;
}

AnimationSet Anim1 {
 

 Animation {
  
  { Bip001 }

  AnimationKey S {
   1;
   2;
   0;3;1.000000,1.000000,1.000000;;,
   44800;3;1.000000,1.000000,1.000000;;;
  }

  AnimationKey R {
   0;
   280;
   0;4;0.706362,0.032453,0.706362,-0.032454;;,
   160;4;0.706362,0.032453,0.706362,-0.032454;;,
   320;4;0.704807,0.033274,0.707843,-0.033132;;,
   480;4;0.705464,0.033234,0.707190,-0.033153;;,
   640;4;0.706859,0.030087,0.706072,-0.030120;;,
   800;4;0.706484,0.030556,0.706408,-0.030559;;,
   960;4;0.706232,0.030950,0.706627,-0.030932;;,
   1120;4;0.706690,0.030238,0.706229,-0.030258;;,
   1280;4;0.706375,0.031469,0.706438,-0.031466;;,
   1440;4;0.705679,0.031777,0.707108,-0.031713;;,
   1600;4;0.705239,0.030967,0.707620,-0.030863;;,
   1760;4;0.705678,0.032419,0.707050,-0.032356;;,
   1920;4;0.706577,0.035133,0.705888,-0.035167;;,
   2080;4;0.707239,0.035320,0.705203,-0.035422;;,
   2240;4;0.707723,0.032087,0.705025,-0.032210;;,
   2400;4;0.707509,0.029191,0.705494,-0.029275;;,
   2560;4;0.706995,0.028059,0.706104,-0.028095;;,
   2720;4;0.706889,0.027562,0.706248,-0.027587;;,
   2880;4;0.706307,0.028331,0.706772,-0.028313;;,
   3040;4;0.704852,0.031274,0.707980,-0.031135;;,
   3200;4;0.703440,0.034516,0.709089,-0.034241;;,
   3360;4;0.703192,0.035612,0.709229,-0.035308;;,
   3520;4;0.704370,0.035632,0.708051,-0.035447;;,
   3680;4;0.704849,0.036243,0.707510,-0.036107;;,
   3840;4;0.704029,0.036078,0.708347,-0.035858;;,
   4000;4;0.705301,0.034971,0.707185,-0.034878;;,
   4160;4;0.707058,0.031624,0.705738,-0.031683;;,
   4320;4;0.705511,0.030995,0.707346,-0.030915;;,
   4480;4;0.705100,0.032902,0.707585,-0.032787;;,
   4640;4;0.705860,0.036859,0.706432,-0.036829;;,
   4800;4;0.706334,0.036736,0.705969,-0.036755;;,
   4960;4;0.706826,0.036152,0.705535,-0.036218;;,
   5120;4;0.707372,0.033087,0.705287,-0.033184;;,
   5280;4;0.708040,0.028728,0.704998,-0.028852;;,
   5440;4;0.708669,0.018234,0.705067,-0.018328;;,
   5600;4;0.707819,0.005662,0.706348,-0.005674;;,
   5760;4;0.703808,-0.007693,0.710308,0.007622;;,
   5920;4;0.698792,-0.015149,0.715012,0.014805;;,
   6080;4;0.696382,0.000650,0.717670,-0.000631;;,
   6240;4;0.694891,0.025078,0.718238,-0.025152;;,
   6400;4;0.696211,0.028395,0.716682,-0.029167;;,
   6560;4;0.702708,0.012853,0.711212,-0.014633;;,
   6720;4;0.709651,0.001243,0.704544,-0.003519;;,
   6880;4;0.713270,-0.002695,0.700884,-0.000410;;,
   7040;4;0.716222,-0.004673,0.697857,-0.000663;;,
   7200;4;0.716995,-0.006319,0.697050,-0.000908;;,
   7360;4;0.714621,-0.009172,0.699451,0.001146;;,
   7520;4;0.713169,-0.010866,0.700905,0.001888;;,
   7680;4;0.713103,-0.009880,0.700990,0.000178;;,
   7840;4;0.712603,-0.006790,0.701530,-0.002585;;,
   8000;4;0.712702,-0.000549,0.701425,-0.007652;;,
   8160;4;0.714952,0.006487,0.699004,-0.013977;;,
   8320;4;0.717440,0.011644,0.696265,-0.018945;;,
   8480;4;0.715433,0.013812,0.698259,-0.019988;;,
   8640;4;0.710959,0.014216,0.702837,-0.018839;;,
   8800;4;0.711974,0.019585,0.701533,-0.023676;;,
   8960;4;0.716871,0.028625,0.695857,-0.032539;;,
   9120;4;0.721300,0.036988,0.690428,-0.040843;;,
   9280;4;0.723867,0.042428,0.687077,-0.046279;;,
   9440;4;0.724978,0.044707,0.685626,-0.048213;;,
   9600;4;0.727100,0.048825,0.682802,-0.052185;;,
   9760;4;0.728595,0.050693,0.680909,-0.054243;;,
   9920;4;0.728657,0.048062,0.681254,-0.051406;;,
   10080;4;0.729289,0.050109,0.680250,-0.053721;;,
   10240;4;0.730466,0.056453,0.677888,-0.060831;;,
   10400;4;0.731121,0.057664,0.676948,-0.062278;;,
   10560;4;0.733036,0.048811,0.676371,-0.052900;;,
   10720;4;0.736465,0.034575,0.674536,-0.037749;;,
   10880;4;0.738668,0.025369,0.672975,-0.028806;;,
   11040;4;0.739605,0.019054,0.672362,-0.023479;;,
   11200;4;0.740665,0.010048,0.671655,-0.013894;;,
   11360;4;0.743009,0.006242,0.669184,-0.009602;;,
   11520;4;0.746066,0.008344,0.665671,-0.014082;;,
   11680;4;0.744205,0.005943,0.667776,-0.014073;;,
   11840;4;0.738272,0.003587,0.674412,-0.010498;;,
   12000;4;0.733606,0.007789,0.679415,-0.012524;;,
   12160;4;0.730113,0.012815,0.682989,-0.017243;;,
   12320;4;0.727529,0.015296,0.685615,-0.020020;;,
   12480;4;0.726027,0.019780,0.686962,-0.024018;;,
   12640;4;0.725561,0.027601,0.686902,-0.031079;;,
   12800;4;0.725995,0.034651,0.685804,-0.037463;;,
   12960;4;0.726404,0.039717,0.684785,-0.042773;;,
   13120;4;0.726973,0.042838,0.683716,-0.046980;;,
   13280;4;0.727538,0.043669,0.682972,-0.048275;;,
   13440;4;0.727025,0.045348,0.683317,-0.049554;;,
   13600;4;0.726754,0.048766,0.683099,-0.053161;;,
   13760;4;0.727169,0.053730,0.681790,-0.059170;;,
   13920;4;0.727256,0.056665,0.681138,-0.062768;;,
   14080;4;0.727375,0.056915,0.680967,-0.063018;;,
   14240;4;0.727723,0.060409,0.679975,-0.066362;;,
   14400;4;0.727604,0.066119,0.678966,-0.072290;;,
   14560;4;0.726959,0.067693,0.679308,-0.074085;;,
   14720;4;0.725758,0.068339,0.680477,-0.074545;;,
   14880;4;0.725174,0.071809,0.680370,-0.077868;;,
   15040;4;0.726680,0.072305,0.678644,-0.078434;;,
   15200;4;0.728777,0.071691,0.676505,-0.078005;;,
   15360;4;0.729396,0.075698,0.674887,-0.082330;;,
   15520;4;0.728487,0.081641,0.674404,-0.088431;;,
   15680;4;0.727560,0.084612,0.674665,-0.091245;;,
   15840;4;0.726584,0.085248,0.675576,-0.091684;;,
   16000;4;0.725316,0.087466,0.676364,-0.093796;;,
   16160;4;0.724396,0.090684,0.676459,-0.097110;;,
   16320;4;0.724118,0.091824,0.676431,-0.098297;;,
   16480;4;0.723546,0.092980,0.676722,-0.099414;;,
   16640;4;0.722184,0.095591,0.677443,-0.101904;;,
   16800;4;0.719658,0.097043,0.679795,-0.102734;;,
   16960;4;0.715920,0.100221,0.682918,-0.105064;;,
   17120;4;0.711800,0.103887,0.686248,-0.107756;;,
   17280;4;0.710561,0.095720,0.690092,-0.098559;;,
   17440;4;0.712490,0.073921,0.693634,-0.075931;;,
   17600;4;0.714708,0.053583,0.695188,-0.055088;;,
   17760;4;0.718655,0.042687,0.692641,-0.044290;;,
   17920;4;0.724971,0.035260,0.686869,-0.037216;;,
   18080;4;0.733776,0.023761,0.678489,-0.025697;;,
   18240;4;0.743978,0.013163,0.667893,-0.015537;;,
   18400;4;0.751053,0.008661,0.660069,-0.012399;;,
   18560;4;0.754417,0.007092,0.656214,-0.013682;;,
   18720;4;0.755033,0.005097,0.655516,-0.014045;;,
   18880;4;0.753092,0.009984,0.657544,-0.019724;;,
   19040;4;0.750199,0.021721,0.660119,-0.031177;;,
   19200;4;0.747248,0.028858,0.662783,-0.038809;;,
   19360;4;0.744323,0.037416,0.664975,-0.048907;;,
   19520;4;0.739855,0.043294,0.669220,-0.053715;;,
   19680;4;0.736148,0.051533,0.672165,-0.060206;;,
   19840;4;0.733423,0.060617,0.673688,-0.067537;;,
   20000;4;0.730225,0.071091,0.675134,-0.076892;;,
   20160;4;0.726404,0.078879,0.677468,-0.084577;;,
   20320;4;0.722022,0.086096,0.680386,-0.091365;;,
   20480;4;0.716822,0.096249,0.683157,-0.100992;;,
   20640;4;0.712399,0.105919,0.684933,-0.110166;;,
   20800;4;0.709389,0.112459,0.686001,-0.116293;;,
   20960;4;0.706630,0.117438,0.687242,-0.120751;;,
   21120;4;0.703239,0.122657,0.689012,-0.125189;;,
   21280;4;0.698474,0.127840,0.692207,-0.128997;;,
   21440;4;0.693795,0.132069,0.695596,-0.131727;;,
   21600;4;0.690673,0.139086,0.696119,-0.137998;;,
   21760;4;0.688175,0.146709,0.695575,-0.145148;;,
   21920;4;0.684351,0.150795,0.697896,-0.147869;;,
   22080;4;0.678441,0.145919,0.703850,-0.151728;;,
   22240;4;0.674433,0.133560,0.709590,-0.154220;;,
   22400;4;0.675298,0.113161,0.712538,-0.153156;;,
   22560;4;0.681799,0.099874,0.711345,-0.138434;;,
   22720;4;0.688953,0.082886,0.710458,-0.117146;;,
   22880;4;0.694107,0.059902,0.712244,-0.085650;;,
   23040;4;0.695034,0.036663,0.716118,-0.052514;;,
   23200;4;0.695256,0.014313,0.718174,-0.025310;;,
   23360;4;0.694094,-0.002643,0.719837,-0.007855;;,
   23520;4;0.690176,-0.010642,0.723562,0.001135;;,
   23680;4;0.684770,-0.015924,0.728535,0.008498;;,
   23840;4;0.679661,-0.020501,0.733088,0.014947;;,
   24000;4;0.675603,-0.020901,0.736745,0.018190;;,
   24160;4;0.671026,-0.020727,0.740884,0.019617;;,
   24320;4;0.667692,-0.021206,0.743872,0.019815;;,
   24480;4;0.667326,-0.020763,0.744209,0.019927;;,
   24640;4;0.668501,-0.020863,0.743110,0.021424;;,
   24800;4;0.671471,-0.020823,0.740399,0.022420;;,
   24960;4;0.676504,-0.020978,0.735813,0.021942;;,
   25120;4;0.680196,-0.020203,0.732438,0.021462;;,
   25280;4;0.680973,-0.017264,0.731766,0.022281;;,
   25440;4;0.682806,-0.014639,0.730162,0.020630;;,
   25600;4;0.687179,-0.013071,0.726190,0.016187;;,
   25760;4;0.691060,-0.012713,0.722520,0.015481;;,
   25920;4;0.694591,-0.010635,0.719169,0.015041;;,
   26080;4;0.698728,-0.006799,0.715253,0.012072;;,
   26240;4;0.702410,-0.001960,0.711730,0.007539;;,
   26400;4;0.704536,-0.000194,0.709654,0.004553;;,
   26560;4;0.705088,-0.001341,0.709111,0.003290;;,
   26720;4;0.705281,-0.000277,0.708927,0.001149;;,
   26880;4;0.705264,0.000648,0.708945,0.000454;;,
   27040;4;0.704982,0.002939,0.709219,-0.000039;;,
   27200;4;0.704934,0.008754,0.709211,-0.003370;;,
   27360;4;0.705424,0.015861,0.708529,-0.010566;;,
   27520;4;0.705834,0.021028,0.707842,-0.017759;;,
   27680;4;0.705055,0.023757,0.708430,-0.021443;;,
   27840;4;0.703543,0.025375,0.709830,-0.022905;;,
   28000;4;0.701954,0.027452,0.711249,-0.025128;;,
   28160;4;0.699905,0.032392,0.712916,-0.028899;;,
   28320;4;0.696884,0.035318,0.715701,-0.029625;;,
   28480;4;0.692334,0.032650,0.720380,-0.025691;;,
   28640;4;0.688348,0.030543,0.724362,-0.023354;;,
   28800;4;0.686443,0.029259,0.726196,-0.024066;;,
   28960;4;0.685321,0.026644,0.727380,-0.023307;;,
   29120;4;0.684350,0.025473,0.728406,-0.020990;;,
   29280;4;0.683693,0.026507,0.728947,-0.022307;;,
   29440;4;0.683580,0.025981,0.729020,-0.023947;;,
   29600;4;0.683686,0.019522,0.729275,-0.018726;;,
   29760;4;0.682072,0.011360,0.731095,-0.012241;;,
   29920;4;0.679624,0.007403,0.733459,-0.009765;;,
   30080;4;0.678467,0.006689,0.734539,-0.009516;;,
   30240;4;0.677857,0.007845,0.735076,-0.010558;;,
   30400;4;0.675747,0.008940,0.736991,-0.011424;;,
   30560;4;0.673421,0.007038,0.739145,-0.010949;;,
   30720;4;0.672152,0.003529,0.740343,-0.009540;;,
   30880;4;0.671128,0.000732,0.741304,-0.007455;;,
   31040;4;0.670579,-0.004123,0.741816,-0.004081;;,
   31200;4;0.671602,-0.009481,0.740852,-0.000500;;,
   31360;4;0.672521,-0.012381,0.739973,0.001444;;,
   31520;4;0.671531,-0.014612,0.740828,0.002463;;,
   31680;4;0.670174,-0.018230,0.741966,0.004536;;,
   31840;4;0.669655,-0.020721,0.742355,0.006403;;,
   32000;4;0.670551,-0.021005,0.741536,0.006674;;,
   32160;4;0.672432,-0.022621,0.739765,0.008456;;,
   32320;4;0.673667,-0.026627,0.738443,0.012846;;,
   32480;4;0.673326,-0.032372,0.738385,0.019272;;,
   32640;4;0.671334,-0.040220,0.739554,0.027434;;,
   32800;4;0.670127,-0.049392,0.739705,0.036431;;,
   32960;4;0.670819,-0.060389,0.737785,0.045039;;,
   33120;4;0.671016,-0.070318,0.736371,0.050509;;,
   33280;4;0.670148,-0.078599,0.735925,0.056014;;,
   33440;4;0.670818,-0.087885,0.733320,0.067234;;,
   33600;4;0.668644,-0.101669,0.732141,0.080926;;,
   33760;4;0.671532,-0.111529,0.726681,0.092416;;,
   33920;4;0.676098,-0.128272,0.718086,0.103879;;,
   34080;4;0.678384,-0.151253,0.709185,0.118214;;,
   34240;4;0.677811,-0.169891,0.703473,0.129749;;,
   34400;4;0.676513,-0.182096,0.699693,0.140005;;,
   34560;4;0.673647,-0.189363,0.698128,0.151520;;,
   34720;4;0.667817,-0.196792,0.698856,0.163996;;,
   34880;4;0.662011,-0.207586,0.697874,0.177824;;,
   35040;4;0.655944,-0.219376,0.695937,0.193091;;,
   35200;4;0.648523,-0.231111,0.695200,0.206646;;,
   35360;4;0.642181,-0.241371,0.694672,0.216275;;,
   35520;4;0.637517,-0.248291,0.694226,0.223548;;,
   35680;4;0.634850,-0.253565,0.692874,0.229340;;,
   35840;4;0.628845,-0.262799,0.693125,0.234668;;,
   36000;4;0.623674,-0.280774,0.687497,0.244020;;,
   36160;4;0.616403,-0.297724,0.683703,0.252900;;,
   36320;4;0.610446,-0.314117,0.677100,0.264995;;,
   36480;4;0.601426,-0.336620,0.666313,0.284606;;,
   36640;4;0.592827,-0.360721,0.651869,0.305782;;,
   36800;4;0.584254,-0.386257,0.634777,0.326361;;,
   36960;4;0.572431,-0.413216,0.616293,0.348939;;,
   37120;4;0.557880,-0.439165,0.599285,0.369813;;,
   37280;4;0.543356,-0.462914,0.582366,0.389006;;,
   37440;4;0.529324,-0.484395,0.560409,0.413667;;,
   37600;4;0.516715,-0.494850,0.545937,0.435984;;,
   37760;4;0.513940,-0.483619,0.552785,0.443179;;,
   37920;4;0.515844,-0.466748,0.565625,0.442854;;,
   38080;4;0.516779,-0.459985,0.569203,0.444253;;,
   38240;4;0.519547,-0.455271,0.568699,0.446522;;,
   38400;4;0.522541,-0.453017,0.568061,0.446132;;,
   38560;4;0.524430,-0.458660,0.564140,0.443115;;,
   38720;4;0.527471,-0.469467,0.557372,0.436706;;,
   38880;4;0.534033,-0.479165,0.549393,0.428226;;,
   39040;4;0.541193,-0.485784,0.539775,0.423989;;,
   39200;4;0.543189,-0.490765,0.532127,0.425366;;,
   39360;4;0.539573,-0.495967,0.529069,0.427743;;,
   39520;4;0.537487,-0.498743,0.528556,0.427775;;,
   39680;4;0.537469,-0.499259,0.527655,0.428308;;,
   39840;4;0.537998,-0.497760,0.528317,0.428572;;,
   40000;4;0.537972,-0.493395,0.532402,0.428597;;,
   40160;4;0.535871,-0.489800,0.536232,0.430574;;,
   40320;4;0.533781,-0.488486,0.538395,0.431961;;,
   40480;4;0.534884,-0.486168,0.540689,0.430343;;,
   40640;4;0.536842,-0.483894,0.542258,0.428491;;,
   40800;4;0.537770,-0.482677,0.542991,0.427770;;,
   40960;4;0.538568,-0.482583,0.542621,0.427342;;,
   41120;4;0.538920,-0.483400,0.541593,0.427279;;,
   41280;4;0.539193,-0.484511,0.540868,0.426594;;,
   41440;4;0.540841,-0.485159,0.540342,0.424432;;,
   41600;4;0.543141,-0.485141,0.539702,0.422325;;,
   41760;4;0.543711,-0.485790,0.538262,0.422683;;,
   41920;4;0.544532,-0.484778,0.537416,0.423862;;,
   42080;4;0.548115,-0.480441,0.538946,0.422238;;,
   42240;4;0.549764,-0.478830,0.539560,0.421137;;,
   42400;4;0.549709,-0.479072,0.539163,0.421443;;,
   42560;4;0.549733,-0.478940,0.539466,0.421173;;,
   42720;4;0.549151,-0.479531,0.539912,0.420687;;,
   42880;4;0.549077,-0.478681,0.541051,0.420289;;,
   43040;4;0.548005,-0.477466,0.542369,0.421370;;,
   43200;4;0.544584,-0.478467,0.542901,0.423976;;,
   43360;4;0.539386,-0.482336,0.541463,0.428057;;,
   43520;4;0.535656,-0.485001,0.539906,0.431680;;,
   43680;4;0.535783,-0.483809,0.540269,0.432405;;,
   43840;4;0.538422,-0.480047,0.542461,0.430573;;,
   44000;4;0.539968,-0.477367,0.544638,0.428864;;,
   44160;4;0.539091,-0.478522,0.544602,0.428726;;,
   44320;4;0.538665,-0.480617,0.543442,0.428389;;,
   44480;4;0.540730,-0.479771,0.544319,0.425614;;,
   44800;4;0.540730,-0.479771,0.544319,0.425614;;;
  }

  AnimationKey T {
   2;
   281;
   0;3;-0.000000,126.215194,0.000000;;,
   160;3;-0.000000,126.215194,0.000000;;,
   320;3;0.012120,126.277606,0.131646;;,
