xof 0303txt 0032
template Frame {
 <3d82ab46-62da-11cf-ab39-0020af71e433>
 [...]
}

template Matrix4x4 {
 <f6f23f45-7686-11cf-8f52-0040333594a3>
 array FLOAT matrix[16];
}

template FrameTransformMatrix {
 <f6f23f41-7686-11cf-8f52-0040333594a3>
 Matrix4x4 frameMatrix;
}

template Vector {
 <3d82ab5e-62da-11cf-ab39-0020af71e433>
 FLOAT x;
 FLOAT y;
 FLOAT z;
}

template MeshFace {
 <3d82ab5f-62da-11cf-ab39-0020af71e433>
 DWORD nFaceVertexIndices;
 array DWORD faceVertexIndices[nFaceVertexIndices];
}

template Mesh {
 <3d82ab44-62da-11cf-ab39-0020af71e433>
 DWORD nVertices;
 array Vector vertices[nVertices];
 DWORD nFaces;
 array MeshFace faces[nFaces];
 [...]
}

template VertexElement {
 <f752461c-1e23-48f6-b9f8-8350850f336f>
 DWORD Type;
 DWORD Method;
 DWORD Usage;
 DWORD UsageIndex;
}

template DeclData {
 <bf22e553-292c-4781-9fea-62bd554bdd93>
 DWORD nElements;
 array VertexElement Elements[nElements];
 DWORD nDWords;
 array DWORD data[nDWords];
}

template XSkinMeshHeader {
 <3cf169ce-ff7c-44ab-93c0-f78f62d172e2>
 WORD nMaxSkinWeightsPerVertex;
 WORD nMaxSkinWeightsPerFace;
 WORD nBones;
}

template SkinWeights {
 <6f0d123b-bad2-4167-a0d0-80224f25fabb>
 STRING transformNodeName;
 DWORD nWeights;
 array DWORD vertexIndices[nWeights];
 array FLOAT weights[nWeights];
 Matrix4x4 matrixOffset;
}

template AnimTicksPerSecond {
 <9e415a43-7ba6-4a73-8743-b73d47e88476>
 DWORD AnimTicksPerSecond;
}

template Animation {
 <3d82ab4f-62da-11cf-ab39-0020af71e433>
 [...]
}

template AnimationSet {
 <3d82ab50-62da-11cf-ab39-0020af71e433>
 [Animation <3d82ab4f-62da-11cf-ab39-0020af71e433>]
}

template FloatKeys {
 <10dd46a9-775b-11cf-8f52-0040333594a3>
 DWORD nValues;
 array FLOAT values[nValues];
}

template TimedFloatKeys {
 <f406b180-7b3b-11cf-8f52-0040333594a3>
 DWORD time;
 FloatKeys tfkeys;
}

template AnimationKey {
 <10dd46a8-775b-11cf-8f52-0040333594a3>
 DWORD keyType;
 DWORD nKeys;
 array TimedFloatKeys keys[nKeys];
}


Frame Bip001 {
 

 FrameTransformMatrix {
  -0.188016,0.165752,-0.968079,0.000000,0.035576,0.986159,0.161938,0.000000,0.981522,-0.003993,-0.191310,0.000000,0.000000,125.171802,0.000000,1.000000;;
 }

 Frame Bip001_Pelvis {
  

  FrameTransformMatrix {
   0.000000,0.999464,-0.032726,0.000000,-0.000001,0.032726,0.999464,0.000000,1.000000,0.000000,0.000001,0.000000,0.000000,0.000000,0.000000,1.000000;;
  }

  Frame Bip001_Spine {
   

   FrameTransformMatrix {
    0.962988,-0.053955,0.264092,0.000000,0.066508,0.997030,-0.038821,0.000000,-0.261213,0.054949,0.963716,0.000000,14.257691,0.466031,-0.012365,1.000000;;
   }

   Frame Bip001_Spine1 {
    

    FrameTransformMatrix {
     1.000000,-0.000000,0.000000,0.000000,0.000000,1.000000,-0.000000,0.000000,0.000000,-0.000000,1.000000,0.000000,16.122208,-0.000001,-0.012838,1.000000;;
    }

    Frame Bip001_Spine2 {
     

     FrameTransformMatrix {
      1.000000,-0.000000,0.000000,0.000000,0.000000,1.000000,-0.000000,0.000000,0.000000,-0.000000,1.000000,0.000000,16.122222,0.000000,-0.012837,1.000000;;
     }

     Frame Bip001_Spine3 {
      

      FrameTransformMatrix {
       1.000000,-0.000000,0.000000,0.000000,0.000000,1.000000,-0.000000,0.000000,0.000000,-0.000000,1.000000,0.000000,16.122192,0.000000,-0.012838,1.000000;;
      }

      Frame Bip001_Neck {
       

       FrameTransformMatrix {
        1.000000,-0.000000,0.000000,0.000000,0.000000,1.000000,-0.000000,0.000000,0.000000,-0.000000,1.000000,0.000000,16.122222,-0.000002,-0.007406,1.000000;;
       }

       Frame Bip001_L_Clavicle {
        

        FrameTransformMatrix {
         -0.221977,0.910744,-0.348242,0.000000,0.975052,0.207064,-0.079992,0.000000,-0.000744,-0.357310,-0.933985,0.000000,0.000015,4.340599,0.007395,1.000000;;
        }

        Frame Bip001_L_UpperArm {
         

         FrameTransformMatrix {
          0.454175,-0.866788,0.205919,0.000000,0.867207,0.377156,-0.325124,0.000000,0.204150,0.326238,0.922980,0.000000,16.122219,0.000000,0.000000,1.000000;;
         }

         Frame Bip001_L_Forearm {
          

          FrameTransformMatrix {
           0.446354,0.000000,-0.894856,0.000000,0.000000,1.000000,0.000000,0.000000,0.894857,0.000000,0.446354,0.000000,44.136810,0.000000,0.000000,1.000000;;
          }

          Frame Bip001_L_Hand {
           

           FrameTransformMatrix {
            0.950216,-0.296432,0.096012,0.000000,-0.041626,0.184607,0.981931,0.000000,-0.308800,-0.937042,0.163077,0.000000,37.683373,0.000000,0.000000,1.000000;;
           }

           Frame Bip001_L_Finger0 {
            

            FrameTransformMatrix {
             0.821726,-0.445493,0.355391,0.000000,0.535159,0.388864,-0.749926,0.000000,0.195888,0.806424,0.557949,0.000000,4.289871,-5.456856,2.394806,1.000000;;
            }

            Frame Bip001_L_Finger01 {
             

             FrameTransformMatrix {
              0.994507,-0.000000,0.104675,0.000000,0.000000,1.000000,0.000000,0.000000,-0.104675,-0.000000,0.994507,0.000000,3.875542,0.000000,0.000000,1.000000;;
             }

             Frame Bip001_L_Finger02 {
              

              FrameTransformMatrix {
               0.999185,0.000000,-0.040369,0.000000,0.000000,1.000000,-0.000000,0.000000,0.040369,0.000000,0.999185,0.000000,3.875534,-0.000011,-0.000015,1.000000;;
              }

              Frame Bip001_L_Finger0Nub {
               

               FrameTransformMatrix {
                1.000000,-0.000000,-0.000000,0.000000,0.000000,1.000000,-0.000000,0.000000,0.000000,-0.000000,1.000000,0.000000,3.875534,0.000004,0.000000,1.000000;;
               }
              }
             }
            }
           }

           Frame Bip001_L_Finger1 {
            

            FrameTransformMatrix {
             0.925950,-0.180300,-0.331826,0.000000,0.111823,0.970167,-0.215109,0.000000,0.360711,0.162075,0.918487,0.000000,11.734268,-5.461197,-0.417763,1.000000;;
            }

            Frame Bip001_L_Finger11 {
             

             FrameTransformMatrix {
              0.974045,0.000000,0.226356,0.000000,0.000000,1.000000,0.000000,0.000000,-0.226356,-0.000000,0.974045,0.000000,4.650638,0.000000,0.000000,1.000000;;
             }

             Frame Bip001_L_Finger12 {
              

              FrameTransformMatrix {
               0.997043,-0.000000,0.076850,0.000000,0.000000,1.000000,-0.000000,0.000000,-0.076850,0.000000,0.997043,0.000000,4.650642,0.000000,0.000000,1.000000;;
              }

              Frame Bip001_L_Finger1Nub {
               

               FrameTransformMatrix {
                1.000000,-0.000000,0.000000,0.000000,0.000000,1.000000,0.000000,0.000000,0.000000,0.000000,1.000000,0.000000,4.650642,0.000008,0.000000,1.000000;;
               }
              }
             }
            }
           }

           Frame Bip001_L_Finger2 {
            

            FrameTransformMatrix {
             0.918005,-0.141947,-0.370295,0.000000,0.131276,0.989874,-0.054006,0.000000,0.374211,0.000967,0.927343,0.000000,11.686760,-1.501320,-0.364780,1.000000;;
            }

            Frame Bip001_L_Finger21 {
             

             FrameTransformMatrix {
              0.961099,-0.000000,0.276205,0.000000,0.000000,1.000000,-0.000000,0.000000,-0.276205,0.000000,0.961099,0.000000,4.698425,0.000000,0.000008,1.000000;;
             }

             Frame Bip001_L_Finger22 {
              

              FrameTransformMatrix {
               0.999218,-0.000000,0.039552,0.000000,0.000000,1.000000,0.000000,0.000000,-0.039552,0.000000,0.999218,0.000000,5.425751,0.000000,0.000000,1.000000;;
              }

              Frame Bip001_L_Finger2Nub {
               

               FrameTransformMatrix {
                1.000000,-0.000000,-0.000000,0.000000,0.000000,1.000000,0.000000,0.000000,0.000000,-0.000000,1.000000,0.000000,5.425758,0.000008,0.000000,1.000000;;
               }
              }
             }
            }
           }

           Frame Bip001_L_Finger3 {
            

            FrameTransformMatrix {
             0.903973,-0.105935,-0.414259,0.000000,0.095263,0.994370,-0.046406,0.000000,0.416843,0.002486,0.908975,0.000000,11.686188,1.606094,-0.362915,1.000000;;
            }

            Frame Bip001_L_Finger31 {
             

             FrameTransformMatrix {
              0.965533,0.000000,0.260280,0.000000,-0.000000,1.000000,0.000000,0.000000,-0.260280,0.000000,0.965533,0.000000,4.316551,0.000000,0.000000,1.000000;;
             }

             Frame Bip001_L_Finger32 {
              

              FrameTransformMatrix {
               0.980313,-0.000000,0.197447,0.000000,-0.000000,1.000000,0.000000,0.000000,-0.197447,0.000000,0.980314,0.000000,4.650635,-0.000008,0.000000,1.000000;;
              }

              Frame Bip001_L_Finger3Nub {
               

               FrameTransformMatrix {
                1.000000,0.000000,0.000000,0.000000,-0.000000,1.000000,-0.000000,0.000000,-0.000000,0.000000,1.000000,0.000000,4.650642,0.000008,0.000000,1.000000;;
               }
              }
             }
            }
           }

           Frame Bip001_L_Finger4 {
            

            FrameTransformMatrix {
             0.996953,0.067548,-0.039015,0.000000,-0.071203,0.992287,-0.101468,0.000000,0.031861,0.103937,0.994073,0.000000,10.216774,4.386818,-0.631805,1.000000;;
            }

            Frame Bip001_L_Finger41 {
             

             FrameTransformMatrix {
              0.979235,0.000000,0.202732,0.000000,0.000000,1.000000,0.000000,0.000000,-0.202732,-0.000000,0.979234,0.000000,3.003708,0.000000,0.000000,1.000000;;
             }

             Frame Bip001_L_Finger42 {
              

              FrameTransformMatrix {
               0.976378,-0.000000,0.216071,0.000000,-0.000000,1.000000,-0.000000,0.000000,-0.216071,-0.000000,0.976378,0.000000,3.003700,0.000000,0.000004,1.000000;;
              }

              Frame Bip001_L_Finger4Nub {
               

               FrameTransformMatrix {
                1.000000,-0.000000,0.000000,0.000000,0.000000,1.000000,-0.000000,0.000000,-0.000000,-0.000000,1.000000,0.000000,3.003708,0.000000,-0.000002,1.000000;;
               }
              }
             }
            }
           }
          }
         }
        }
       }

       Frame Bip001_R_Clavicle {
        

        FrameTransformMatrix {
         -0.284801,-0.913810,-0.289552,0.000000,-0.958586,0.271258,0.086782,0.000000,-0.000759,0.302276,-0.953220,0.000000,0.000000,-4.340598,0.007420,1.000000;;
        }

        Frame Bip001_R_UpperArm {
         

         FrameTransformMatrix {
          0.672718,0.712124,-0.200824,0.000000,-0.515150,0.645621,0.563733,0.000000,0.531104,-0.275779,0.801171,0.000000,16.122222,0.000000,0.000002,1.000000;;
         }

         Frame Bip001_R_Forearm {
          

          FrameTransformMatrix {
           0.854906,0.000000,-0.518783,0.000000,-0.000000,1.000000,0.000000,0.000000,0.518783,-0.000000,0.854906,0.000000,44.136803,-0.000015,0.000000,1.000000;;
          }

          Frame Bip001_R_Hand {
           

           FrameTransformMatrix {
            0.972415,0.001163,0.233257,0.000000,0.222594,0.294292,-0.929432,0.000000,-0.069727,0.955715,0.285915,0.000000,37.683395,0.000008,0.000002,1.000000;;
           }

           Frame Bip001_R_Finger0 {
            

            FrameTransformMatrix {
             0.821710,0.445643,0.355241,0.000000,-0.535115,0.388860,0.749960,0.000000,0.196075,-0.806344,0.558000,0.000000,4.289871,5.456854,2.394806,1.000000;;
            }

            Frame Bip001_R_Finger01 {
             

             FrameTransformMatrix {
              0.994524,0.000000,0.104508,0.000000,0.000000,1.000000,-0.000000,0.000000,-0.104508,0.000000,0.994524,0.000000,3.875526,-0.000004,-0.000004,1.000000;;
             }

             Frame Bip001_R_Finger02 {
              

              FrameTransformMatrix {
               0.578185,-0.216346,0.786700,0.000000,-0.103915,0.936826,0.334003,0.000000,-0.809261,-0.274865,0.519178,0.000000,3.875549,0.000002,0.000000,1.000000;;
              }

              Frame Bip001_R_Finger0Nub {
               

               FrameTransformMatrix {
                -1.000000,0.000000,0.000000,0.000000,0.000000,1.000000,-0.000000,0.000000,0.000000,0.000000,-1.000000,0.000000,3.875526,0.000000,0.000000,1.000000;;
               }
              }
             }
            }
           }

           Frame Bip001_R_Finger1 {
            

            FrameTransformMatrix {
             0.949017,-0.157058,-0.273312,0.000000,0.200897,0.969491,0.140456,0.000000,0.242913,-0.188202,0.951616,0.000000,11.734268,5.461199,-0.417755,1.000000;;
            }

            Frame Bip001_R_Finger11 {
             

             FrameTransformMatrix {
              0.349620,0.000000,0.936892,0.000000,0.000000,1.000000,0.000000,0.000000,-0.936892,0.000000,0.349620,0.000000,4.650631,0.000000,-0.000015,1.000000;;
             }

             Frame Bip001_R_Finger12 {
              

              FrameTransformMatrix {
               0.396458,-0.000000,0.918053,0.000000,0.000000,1.000000,0.000000,0.000000,-0.918053,0.000000,0.396458,0.000000,4.650650,-0.000004,-0.000004,1.000000;;
              }

              Frame Bip001_R_Finger1Nub {
               

               FrameTransformMatrix {
                -1.000000,-0.000000,0.000000,0.000000,-0.000000,1.000000,-0.000000,0.000000,-0.000000,0.000000,-1.000000,0.000000,4.650640,0.000000,0.000008,1.000000;;
               }
              }
             }
            }
           }

           Frame Bip001_R_Finger2 {
            

            FrameTransformMatrix {
             0.907732,-0.029144,-0.418537,0.000000,0.035401,0.999347,0.007191,0.000000,0.418054,-0.021344,0.908171,0.000000,11.686752,1.501314,-0.364777,1.000000;;
            }

            Frame Bip001_R_Finger21 {
             

             FrameTransformMatrix {
              0.149177,-0.041582,0.987936,0.000000,-0.118411,0.991175,0.059598,0.000000,-0.981695,-0.125873,0.142936,0.000000,4.698422,-0.000002,0.000000,1.000000;;
             }

             Frame Bip001_R_Finger22 {
              

              FrameTransformMatrix {
               0.190771,-0.000000,0.981635,0.000000,-0.000000,1.000000,0.000000,0.000000,-0.981635,0.000000,0.190771,0.000000,5.425751,0.000000,-0.000004,1.000000;;
              }

              Frame Bip001_R_Finger2Nub {
               

               FrameTransformMatrix {
                -1.000000,-0.000000,0.000000,0.000000,0.000000,1.000000,-0.000000,0.000000,-0.000000,0.000000,-1.000000,0.000000,5.425754,-0.000002,0.000008,1.000000;;
               }
              }
             }
            }
           }

           Frame Bip001_R_Finger3 {
            

            FrameTransformMatrix {
             0.973176,-0.178493,-0.145148,0.000000,0.154803,0.974772,-0.160798,0.000000,0.170188,0.134015,0.976256,0.000000,11.686188,-1.606098,-0.362915,1.000000;;
            }

            Frame Bip001_R_Finger31 {
             

             FrameTransformMatrix {
              -0.042241,-0.069364,0.996697,0.000000,0.013375,0.997458,0.069983,0.000000,-0.999018,0.016287,-0.041205,0.000000,4.316544,0.000000,0.000000,1.000000;;
             }

             Frame Bip001_R_Finger32 {
              

              FrameTransformMatrix {
               0.585683,-0.007780,0.810503,0.000000,0.008747,0.999956,0.003278,0.000000,-0.810493,0.005170,0.585726,0.000000,4.650642,0.000000,0.000000,1.000000;;
              }

              Frame Bip001_R_Finger3Nub {
               

               FrameTransformMatrix {
                -1.000000,0.000000,0.000000,0.000000,0.000000,1.000000,0.000000,0.000000,-0.000000,-0.000000,-1.000000,0.000000,4.650638,-0.000002,0.000000,1.000000;;
               }
              }
             }
            }
           }

           Frame Bip001_R_Finger4 {
            

            FrameTransformMatrix {
             0.967563,-0.248623,0.044817,0.000000,0.247213,0.968338,0.034749,0.000000,-0.052038,-0.022543,0.998391,0.000000,10.216782,-4.386828,-0.631805,1.000000;;
            }

            Frame Bip001_R_Finger41 {
             

             FrameTransformMatrix {
              0.449397,0.000000,0.893332,0.000000,0.000000,1.000000,-0.000000,0.000000,-0.893332,-0.000000,0.449397,0.000000,3.003693,-0.000004,-0.000008,1.000000;;
             }

             Frame Bip001_R_Finger42 {
              

              FrameTransformMatrix {
               0.649453,-0.000000,0.760402,0.000000,0.000000,1.000000,0.000000,0.000000,-0.760402,0.000000,0.649453,0.000000,3.003716,0.000000,-0.000011,1.000000;;
              }

              Frame Bip001_R_Finger4Nub {
               

               FrameTransformMatrix {
                -1.000000,0.000000,0.000000,0.000000,0.000000,1.000000,0.000000,0.000000,-0.000000,0.000000,-1.000000,0.000000,3.003704,0.000000,0.000008,1.000000;;
               }
              }
             }
            }
           }
          }
         }
        }
       }

       Frame Bip001_Head {
        

        FrameTransformMatrix {
         0.709325,0.054498,0.702771,0.000000,-0.027626,0.998390,-0.049539,0.000000,-0.704340,0.015724,0.709689,0.000000,15.765366,-0.911514,-0.005144,1.000000;;
        }

        Frame Bip001_HeadNub {
         

         FrameTransformMatrix {
          1.000000,-0.000000,-0.000000,0.000000,-0.000000,1.000000,-0.000000,0.000000,0.000000,-0.000000,1.000000,0.000000,29.144029,-0.000000,0.000000,1.000000;;
         }
        }
       }
      }
     }
    }
   }

   Frame Bip001_L_Thigh {
    

    FrameTransformMatrix {
     -0.968430,0.165188,0.186697,0.000000,-0.118102,-0.963576,0.239946,0.000000,0.219533,0.210322,0.952665,0.000000,-14.370704,10.951497,4.392085,1.000000;;
    }

    Frame Bip001_L_Calf {
     

     FrameTransformMatrix {
      0.908644,-0.000000,-0.417572,0.000000,0.000000,1.000000,0.000000,0.000000,0.417572,-0.000000,0.908644,0.000000,54.040710,-0.000004,-0.000002,1.000000;;
     }

     Frame Bip001_L_Foot {
      

      FrameTransformMatrix {
       0.968812,0.172305,0.178089,0.000000,-0.137142,0.971409,-0.193797,0.000000,-0.206389,0.163330,0.964742,0.000000,58.826886,0.000000,0.000001,1.000000;;
      }

      Frame Bip001_L_Toe0 {
       

       FrameTransformMatrix {
        -0.000000,-0.000000,1.000000,0.000000,-0.000000,1.000000,-0.000000,0.000000,-1.000000,-0.000000,0.000000,0.000000,14.261971,0.000000,18.354526,1.000000;;
       }

       Frame Bip001_L_Toe01 {
        

        FrameTransformMatrix {
         1.000000,-0.000000,0.000000,0.000000,-0.000000,1.000000,0.000000,0.000000,0.000000,0.000000,1.000000,0.000000,1.860257,0.000000,0.000000,1.000000;;
        }

        Frame Bip001_L_Toe02 {
         

         FrameTransformMatrix {
          1.000000,-0.000000,0.000000,0.000000,-0.000000,1.000000,0.000000,0.000000,0.000000,0.000000,1.000000,0.000000,1.860257,0.000000,0.000000,1.000000;;
         }

         Frame Bip001_L_Toe0Nub {
          

          FrameTransformMatrix {
           -1.000000,-0.000000,-0.000000,0.000000,0.000000,1.000000,0.000000,0.000000,0.000000,0.000000,-1.000000,0.000000,1.860256,-0.000004,-0.000000,1.000000;;
          }
         }
        }
       }
      }
     }
    }
   }

   Frame Bip001_R_Thigh {
    

    FrameTransformMatrix {
     -0.932413,-0.200034,0.300984,0.000000,0.171598,-0.978026,-0.118407,0.000000,0.318056,-0.058756,0.946250,0.000000,-13.032425,-13.778261,3.029123,1.000000;;
    }

    Frame Bip001_R_Calf {
     

     FrameTransformMatrix {
      0.925024,0.000000,-0.379908,0.000000,0.000000,1.000000,-0.000000,0.000000,0.379908,-0.000000,0.925024,0.000000,53.736070,0.000000,0.000002,1.000000;;
     }

     Frame Bip001_R_Foot {
      

      FrameTransformMatrix {
       0.977465,-0.064281,0.201073,0.000000,0.065161,0.997872,0.002242,0.000000,-0.200789,0.010910,0.979574,0.000000,59.151962,0.000000,0.000002,1.000000;;
      }

      Frame Bip001_R_Toe0 {
       

       FrameTransformMatrix {
        0.000000,0.000000,1.000000,0.000000,-0.000000,1.000000,0.000000,0.000000,-1.000000,-0.000000,0.000000,0.000000,14.261973,0.000002,18.354526,1.000000;;
       }

       Frame Bip001_R_Toe01 {
        

        FrameTransformMatrix {
         1.000000,0.000000,-0.000000,0.000000,0.000000,1.000000,0.000000,0.000000,0.000000,-0.000000,1.000000,0.000000,1.860256,-0.000002,0.000000,1.000000;;
        }

        Frame Bip001_R_Toe02 {
         

         FrameTransformMatrix {
          1.000000,0.000000,-0.000000,0.000000,0.000000,1.000000,0.000000,0.000000,0.000000,-0.000000,1.000000,0.000000,1.860256,0.000002,-0.000000,1.000000;;
         }

         Frame Bip001_R_Toe0Nub {
          

          FrameTransformMatrix {
           1.000000,0.000000,-0.000000,0.000000,0.000000,1.000000,0.000000,0.000000,0.000000,-0.000000,1.000000,0.000000,1.860258,0.000002,0.000000,1.000000;;
          }
         }
        }
       }
      }
     }
    }
   }
  }
 }
}

Frame Box001 {
 

 FrameTransformMatrix {
  0.667112,0.000000,0.000000,0.000000,0.000000,0.696682,0.000000,0.000000,0.000000,0.000000,0.492662,0.000000,0.000000,0.000000,0.000000,1.000000;;
 }

 Mesh Box001 {
  24;
  13.678883;15.566597;-91.578157;,
  17.635810;15.060165;-89.071104;,
  14.848888;14.716058;-87.685530;,
  16.465806;15.910704;-92.963731;,
  13.653147;17.394253;-90.765395;,
  17.610075;16.887821;-88.258349;,
  16.440069;17.738362;-92.150957;,
  14.823152;16.543715;-86.872774;,
  13.678883;15.566597;-91.578157;,
  16.440069;17.738362;-92.150957;,
  16.465806;15.910704;-92.963731;,
  13.653147;17.394253;-90.765395;,
  16.465806;15.910704;-92.963731;,
  17.610075;16.887821;-88.258349;,
  17.635810;15.060165;-89.071104;,
  16.440069;17.738362;-92.150957;,
  17.635810;15.060165;-89.071104;,
  14.823152;16.543715;-86.872774;,
  14.848888;14.716058;-87.685530;,
  17.610075;16.887821;-88.258349;,
  14.848888;14.716058;-87.685530;,
  13.653147;17.394253;-90.765395;,
  13.678883;15.566597;-91.578157;,
  14.823152;16.543715;-86.872774;;
  12;
  3;0,1,2;,
  3;1,0,3;,
  3;4,5,6;,
  3;5,4,7;,
  3;8,9,10;,
  3;9,8,11;,
  3;12,13,14;,
  3;13,12,15;,
  3;16,17,18;,
  3;17,16,19;,
  3;20,21,22;,
  3;21,20,23;;

  DeclData {
   2;
   2;0;3;0;,
   1;0;5;0;;
   120;
   1011775924,
   3212435498,
   3193849137,
   1065353216,
   1065353216,
   1011775926,
   3212435498,
   3193849138,
   0,
   0,
   1011775930,
   3212435498,
   3193849139,
   1065353216,
   0,
   1011775920,
   3212435498,
   3193849137,
   0,
   1065353216,
   3159260031,
   1064951848,
   1046365535,
   0,
   1065353216,
   3159259819,
   1064951849,
   1046365514,
   1065353216,
   0,
   3159260481,
   1064951845,
   1046365577,
   1065353216,
   1065353216,
   3159259368,
   1064951851,
   1046365471,
   0,
   0,
   3202797033,
   1052179742,
   3209782692,
   0,
   1065353216,
   3202797062,
   1052179787,
   3209782674,
   1065353216,
   0,
   3202797097,
   1052179843,
   3209782653,
   1065353216,
   1065353216,
   3202796997,
   1052179686,
   3209782715,
   0,
   0,
   1064633477,
   1040448126,
   3196378902,
   0,
   1065353216,
   1064633482,
   1040448005,
   3196378893,
   1065353216,
   0,
   1064633486,
   1040447918,
   3196378886,
   1065353216,
   1065353216,
   1064633473,
   1040448214,
   3196378910,
   0,
   0,
   1055313466,
   3199663321,
   1062299037,
   0,
   1065353216,
   1055313471,
   3199663316,
   1062299037,
   1065353216,
   0,
   1055313476,
   3199663309,
   1062299037,
   1065353216,
   1065353216,
   1055313461,
   3199663328,
   1062299037,
   0,
   0,
   3212117129,
   3187931654,
   1048895255,
   0,
   1065353216,
   3212117129,
   3187931667,
   1048895250,
   1065353216,
   0,
   3212117129,
   3187931674,
   1048895246,
   1065353216,
   1065353216,
   3212117129,
   3187931647,
   1048895258,
   0,
   0;
  }

  XSkinMeshHeader {
   1;
   1;
   1;
  }

  SkinWeights {
   "Bip001_L_Toe0Nub";
   24;
   0,
   1,
   2,
   3,
   4,
   5,
   6,
   7,
   8,
   9,
   10,
   11,
   12,
   13,
   14,
   15,
   16,
   17,
   18,
   19,
   20,
   21,
   22,
   23;
   1.000000,
   1.000000,
   1.000000,
   1.000000,
   1.000000,
   1.000000,
   1.000000,
   1.000000,
   1.000000,
   1.000000,
   1.000000,
   1.000000,
   1.000000,
   1.000000,
   1.000000,
   1.000000,
   1.000000,
   1.000000,
   1.000000,
   1.000000,
   1.000000,
   1.000000,
   1.000000,
   1.000000;
   0.030979,-0.665801,0.028055,0.000000,0.073244,-0.025765,-0.692342,0.000000,0.489397,0.024914,0.050847,0.000000,11.957958,36.090400,1.621129,1.000000;;
  }
 }
}

AnimTicksPerSecond  {
 4800;
}

AnimationSet Anim1 {
 

 Animation {
  
  { Bip001 }

  AnimationKey S {
   1;
   2;
   0;3;1.000000,1.000000,1.000000;;,
   17280;3;1.000000,1.000000,1.000000;;;
  }

  AnimationKey R {
   0;
   67;
   0;4;0.633805,-0.065451,-0.769007,-0.051347;;,
   160;4;0.633805,-0.065451,-0.769007,-0.051347;;,
   320;4;0.622925,-0.067803,-0.778422,-0.037767;;,
   480;4;0.617449,-0.071094,-0.783040,-0.023489;;,
   640;4;0.616551,-0.073975,-0.783791,-0.008079;;,
   800;4;0.619761,-0.075621,-0.781098,0.008002;;,
   960;4;0.624280,-0.075738,-0.777105,0.025409;;,
   1120;4;0.628698,-0.073892,-0.772829,0.044890;;,
   1280;4;0.632827,-0.069245,-0.768257,0.067206;;,
   1440;4;0.636838,-0.058455,-0.762492,0.098115;;,
   1600;4;0.640405,-0.042335,-0.754704,0.136053;;,
   1760;4;0.643253,-0.024529,-0.745130,0.174373;;,
   1920;4;0.645878,-0.008765,-0.734914,0.206558;;,
   2080;4;0.649526,0.001318,-0.725812,0.226520;;,
   2240;4;0.656130,0.004513,-0.717899,0.232583;;,
   2400;4;0.664739,0.003844,-0.710807,0.229916;;,
   2560;4;0.673201,0.002566,-0.704760,0.223848;;,
   2720;4;0.679388,0.004067,-0.700023,0.219962;;,
   2880;4;0.681478,0.011413,-0.696864,0.223242;;,
   3040;4;0.680145,0.024112,-0.694902,0.232234;;,
   3200;4;0.676684,0.039856,-0.693615,0.243740;;,
   3360;4;0.671640,0.057161,-0.692717,0.256468;;,
   3520;4;0.665742,0.074444,-0.692009,0.269016;;,
   3680;4;0.659826,0.090163,-0.691426,0.280055;;,
   3840;4;0.654847,0.102787,-0.691009,0.288300;;,
   4000;4;0.651603,0.111047,-0.690946,0.292703;;,
   4160;4;0.649561,0.115644,-0.691621,0.293866;;,
   4320;4;0.648274,0.117660,-0.692965,0.292739;;,
   4480;4;0.647511,0.117922,-0.694759,0.290059;;,
   4640;4;0.647014,0.117267,-0.696780,0.286565;;,
   4800;4;0.646521,0.116558,-0.698802,0.283021;;,
   4960;4;0.645728,0.116715,-0.700683,0.280099;;,
   5120;4;0.645421,0.116997,-0.701184,0.279435;;,
   10400;4;0.645439,0.116982,-0.701155,0.279475;;,
   10560;4;0.646136,0.116448,-0.699906,0.281209;;,
   10720;4;0.646671,0.116696,-0.698271,0.283930;;,
   10880;4;0.647145,0.117497,-0.696188,0.287609;;,
   11040;4;0.647820,0.117980,-0.693857,0.291500;;,
   11200;4;0.648431,0.117468,-0.692743,0.292994;;,
   11360;4;0.650346,0.114000,-0.691245,0.293658;;,
   11520;4;0.652229,0.109483,-0.690888,0.292036;;,
   11680;4;0.656170,0.099435,-0.691113,0.286210;;,
   11840;4;0.662473,0.083277,-0.691671,0.275294;;,
   12000;4;0.666701,0.071756,-0.692119,0.267079;;,
   12160;4;0.674018,0.049390,-0.693094,0.250761;;,
   12320;4;0.677653,0.036079,-0.693847,0.240959;;,
   12480;4;0.680806,0.019770,-0.695426,0.229119;;,
   12640;4;0.681178,0.007232,-0.698037,0.220655;;,
   12800;4;0.678513,0.003559,-0.700753,0.220344;;,
   12960;4;0.669455,0.003005,-0.707422,0.226660;;,
   13120;4;0.662920,0.004160,-0.712151,0.231000;;,
   13280;4;0.653663,0.004071,-0.720383,0.231854;;,
   13440;4;0.647658,-0.001866,-0.729399,0.220258;;,
   13600;4;0.645385,-0.011482,-0.736821,0.201100;;,
   13760;4;0.641982,-0.032951,-0.749850,0.156519;;,
   13920;4;0.639797,-0.045577,-0.756299,0.128822;;,
   14080;4;0.635512,-0.062869,-0.764639,0.086601;;,
   14240;4;0.631205,-0.071729,-0.770146,0.057527;;,
   14400;4;0.627816,-0.074420,-0.773722,0.040782;;,
   14560;4;0.622102,-0.075861,-0.779074,0.016698;;,
   14720;4;0.619012,-0.075476,-0.781729,0.005256;;,
   14880;4;0.616355,-0.073077,-0.783954,-0.013512;;,
   15040;4;0.618829,-0.069850,-0.781877,-0.029002;;,
   15200;4;0.624882,-0.067144,-0.776758,-0.040775;;,
   15360;4;0.633949,-0.065426,-0.768879,-0.051512;;,
   15520;4;0.633805,-0.065451,-0.769007,-0.051347;;,
   17280;4;0.633805,-0.065451,-0.769007,-0.051347;;;
  }

  AnimationKey T {
   2;
   85;
   0;3;0.000000,125.171802,0.000000;;,
   160;3;0.000000,125.171802,0.000000;;,
   320;3;-0.008851,125.976538,-0.087452;;,
   480;3;0.164985,126.405248,1.197679;;,
   640;3;0.286127,126.727027,2.590080;;,
   800;3;0.302057,126.895808,4.045923;;,
   960;3;0.167465,126.923366,5.583845;;,
   1120;3;-0.163678,126.789274,7.233538;;,
   1280;3;-0.766834,126.447168,9.049199;;,
   1440;3;-2.082329,125.967322,11.381956;;,
   1600;3;-4.004776,125.281434,14.123646;;,
   1760;3;-6.049466,124.217152,16.853581;;,
   1920;3;-7.728686,122.600525,19.148192;;,
   2080;3;-8.594549,120.249805,20.600536;;,
   2240;3;-8.733676,116.986099,21.118082;;,
   2400;3;-8.462645,113.013837,20.901054;;,
   2560;3;-7.917746,108.653734,20.140438;;,
   2720;3;-7.112126,104.236422,19.434461;;,
   2880;3;-6.136615,100.026765,19.054901;;,
   3040;3;-4.905870,95.719680,18.874206;;,
   3200;3;-3.436697,91.218554,18.734610;;,
   3360;3;-1.835779,86.696378,18.624709;;,
   3520;3;-0.209571,82.319565,18.525139;;,
   3680;3;1.337622,78.251059,18.416843;;,
   3840;3;2.700944,74.653222,18.280602;;,
   4000;3;3.796213,71.682925,18.101811;;,
   4160;3;4.682014,69.337837,17.893933;;,
   4320;3;5.425602,67.466963,17.667832;;,
   4480;3;6.072184,65.916429,17.429206;;,
   4640;3;6.668173,64.532979,17.184002;;,
   4800;3;7.261300,63.158957,16.938467;;,
   4960;3;7.898090,61.553331,16.699506;;,
   5120;3;8.536943,61.031379,16.478882;;,
   5280;3;8.552351,61.061203,16.473526;;,
   5440;3;8.553831,61.061203,16.473014;;,
   6560;3;8.553831,61.061203,16.473014;;,
   6720;3;8.553831,61.061318,16.473014;;,
   6880;3;8.553830,61.055923,16.473014;;,
   7040;3;8.553829,61.037530,16.473016;;,
   7200;3;8.553829,61.007232,16.473016;;,
   7360;3;8.553828,60.967117,16.473022;;,
   7520;3;8.553827,60.919974,16.473016;;,
   7680;3;8.553826,60.869082,16.473019;;,
   7840;3;8.553826,60.817965,16.473019;;,
   8000;3;8.553826,60.770170,16.473019;;,
   8160;3;8.553825,60.729024,16.473021;;,
   8320;3;8.553823,60.697389,16.473021;;,
   8480;3;8.553822,60.677440,16.473021;;,
   8640;3;8.553822,60.670592,16.473021;;,
   10080;3;8.553822,60.670573,16.473022;;,
   10240;3;8.558740,60.670579,16.471317;;,
   10400;3;8.496772,60.655091,16.492790;;,
   10560;3;7.626663,61.905184,16.796418;;,
   10720;3;7.098462,63.148429,17.004280;;,
   10880;3;6.498885,64.533005,17.254906;;,
   11040;3;5.773892,66.231942,17.544334;;,
   11200;3;5.322567,67.331098,17.701611;;,
   11360;3;4.319984,69.891808,17.985322;;,
   11520;3;3.553611,71.951437,18.150302;;,
   11680;3;2.319191,75.280320,18.325701;;,
   11840;3;0.645407,79.675123,18.469474;;,
   12000;3;-0.464943,82.608352,18.540782;;,
   12160;3;-2.556033,88.310349,18.671637;;,
   12320;3;-3.786030,91.850662,18.762126;;,
   12480;3;-5.320227,96.700422,18.926621;;,
   12640;3;-6.594685,101.472979,19.172341;;,
   12800;3;-7.260836,104.596102,19.543523;;,
   12960;3;-8.204657,110.294413,20.492565;;,
   13120;3;-8.540310,113.484122,21.039053;;,
   13280;3;-8.742621,117.743501,21.031086;;,
   13440;3;-8.359094,120.971277,20.135026;;,
   13600;3;-7.452112,122.551219,18.757992;;,
   13760;3;-5.093915,124.384307,15.582683;;,
   13920;3;-3.623980,125.047258,13.606990;;,
   14080;3;-1.546099,125.749990,10.531552;;,
   14240;3;-0.457546,126.217882,8.278779;;,
   14400;3;-0.081911,126.439398,6.889757;;,
   14560;3;0.252297,126.533491,4.822532;;,
   14720;3;0.311066,126.490445,3.797876;;,
   14880;3;0.253419,126.239078,2.101488;;,
   15040;3;0.101359,125.877005,0.667576;;,
   15200;3;-0.041494,125.453261,-0.271119;;,
   15360;3;0.045205,124.770099,0.287144;;,
   15520;3;0.053654,124.781171,0.340796;;,
   17280;3;0.053654,124.781171,0.340796;;;
  }
 }

 Animation {
  
  { Bip001_Pelvis }

  AnimationKey S {
   1;
   2;
   0;3;1.000000,1.000000,1.000000;;,
   17280;3;1.000000,1.000000,1.000000;;;
  }

  AnimationKey R {
   0;
   48;
   0;4;0.508116,-0.491750,-0.508115,-0.491751;;,
   160;4;0.508116,-0.491750,-0.508115,-0.491751;;,
   320;4;0.513675,-0.485940,-0.513674,-0.485941;;,
   480;4;0.519584,-0.479617,-0.519584,-0.479617;;,
   640;4;0.525982,-0.472591,-0.525982,-0.472592;;,
   800;4;0.532423,-0.465323,-0.532423,-0.465324;;,
   960;4;0.539447,-0.457162,-0.539447,-0.457162;;,
   1120;4;0.547212,-0.447839,-0.547211,-0.447839;;,
   1280;4;0.553454,-0.440101,-0.553453,-0.440102;;,
   1440;4;0.557794,-0.434588,-0.557793,-0.434588;;,
   1600;4;0.560611,-0.430948,-0.560610,-0.430948;;,
   1760;4;0.561842,-0.429341,-0.561842,-0.429341;;,
   1920;4;0.561503,-0.429785,-0.561502,-0.429786;;,
   2080;4;0.558577,-0.433584,-0.558577,-0.433577;;,
   2240;4;0.551487,-0.442601,-0.551492,-0.442519;;,
   2400;4;0.544365,-0.451319,-0.544368,-0.451267;;,
   2560;4;0.541832,-0.454153,-0.541806,-0.454543;;,
   2720;4;0.542305,-0.453270,-0.542234,-0.454350;;,
   2880;4;0.543550,-0.451592,-0.543452,-0.453076;;,
   3040;4;0.545687,-0.449816,-0.545704,-0.449554;;,
   3200;4;0.546129,-0.452656,-0.546629,-0.445019;;,
   3360;4;0.546165,-0.456713,-0.547259,-0.440027;;,
   3520;4;0.546201,-0.458338,-0.547538,-0.437941;;,
   3680;4;0.546199,-0.458236,-0.547521,-0.438072;;,
   11840;4;0.546199,-0.458236,-0.547521,-0.438072;;,
   12000;4;0.546201,-0.458341,-0.547539,-0.437938;;,
   12160;4;0.546148,-0.454856,-0.546969,-0.442328;;,
   12320;4;0.546102,-0.451816,-0.546476,-0.446093;;,
   12480;4;0.545148,-0.449906,-0.545084,-0.450868;;,
   12640;4;0.542806,-0.452580,-0.542721,-0.453858;;,
   12800;4;0.542154,-0.453498,-0.542090,-0.454475;;,
   12960;4;0.542492,-0.453486,-0.542483,-0.453615;;,
   13120;4;0.545418,-0.450062,-0.545423,-0.449975;;,
   13280;4;0.554107,-0.439304,-0.554110,-0.439248;;,
   13440;4;0.560369,-0.431261,-0.560368,-0.431265;;,
   13600;4;0.561679,-0.429554,-0.561678,-0.429555;;,
   13760;4;0.561408,-0.429908,-0.561407,-0.429909;;,
   13920;4;0.560255,-0.431409,-0.560255,-0.431410;;,
   14080;4;0.556490,-0.436255,-0.556490,-0.436256;;,
   14240;4;0.551281,-0.442820,-0.551280,-0.442821;;,
   14400;4;0.545658,-0.449731,-0.545657,-0.449732;;,
   14560;4;0.535871,-0.461348,-0.535871,-0.461349;;,
   14720;4;0.531354,-0.466544,-0.531353,-0.466544;;,
   14880;4;0.523732,-0.475084,-0.523731,-0.475085;;,
   15040;4;0.517293,-0.482087,-0.517292,-0.482088;;,
   15200;4;0.512441,-0.487241,-0.512441,-0.487242;;,
   15360;4;0.508048,-0.491820,-0.508048,-0.491821;;,
   17280;4;0.508116,-0.491750,-0.508115,-0.491751;;;
  }

  AnimationKey T {
   2;
   2;
   0;3;0.000000,0.000000,0.000000;;,
   17280;3;0.000000,0.000000,0.000000;;;
  }
 }

 Animation {
  
  { Bip001_Spine }

  AnimationKey S {
   1;
   2;
   0;3;1.000000,1.000000,1.000000;;,
   17280;3;1.000000,1.000000,1.000000;;;
  }

  AnimationKey R {
   0;
   99;
   0;4;0.990421,0.023669,0.132596,0.030407;;,
   160;4;0.990421,0.023669,0.132596,0.030407;;,
   320;4;0.986776,0.055277,0.149815,0.027816;;,
   480;4;0.981981,0.081298,0.168966,0.023561;;,
   640;4;0.976791,0.101629,0.187754,0.017333;;,
   800;4;0.972424,0.111862,0.204381,0.010306;;,
   960;4;0.968855,0.112139,0.220771,0.002043;;,
   1120;4;0.965334,0.105372,0.238659,-0.008359;;,
   1280;4;0.961843,0.095444,0.255932,-0.015712;;,
   1440;4;0.958556,0.085501,0.271139,-0.018537;;,
   1600;4;0.955724,0.078429,0.283115,-0.016947;;,
   1760;4;0.953519,0.076442,0.291283,-0.010555;;,
   1920;4;0.951798,0.078437,0.296526,0.000064;;,
   2080;4;0.950438,0.083229,0.299065,0.017321;;,
   2240;4;0.948993,0.090053,0.298846,0.044665;;,
   2400;4;0.947348,0.094017,0.297240,0.073087;;,
   2560;4;0.947485,0.087846,0.292062,0.096205;;,
   2720;4;0.949735,0.071569,0.280773,0.118525;;,
   2880;4;0.950024,0.055942,0.277760,0.131051;;,
   3040;4;0.946932,0.037998,0.295323,0.121076;;,
   3200;4;0.947013,0.040001,0.295981,0.118162;;,
   3360;4;0.947540,0.045915,0.294135,0.116378;;,
   3520;4;0.948775,0.047832,0.290033,0.115839;;,
   3680;4;0.950606,0.047101,0.283867,0.116398;;,
   3840;4;0.952369,0.046461,0.277832,0.116808;;,
   4000;4;0.954099,0.045753,0.271811,0.117132;;,
   4160;4;0.955798,0.044977,0.265808,0.117363;;,
   4320;4;0.957465,0.044130,0.259824,0.117495;;,
   4480;4;0.959101,0.043212,0.253864,0.117522;;,
   4640;4;0.960706,0.042219,0.247931,0.117438;;,
   4800;4;0.962280,0.041156,0.242028,0.117242;;,
   4960;4;0.963844,0.039909,0.236168,0.116777;;,
   5120;4;0.965628,0.037241,0.230445,0.114329;;,
   5280;4;0.967642,0.033021,0.224853,0.109638;;,
   5440;4;0.969761,0.027779,0.219334,0.103368;;,
   5600;4;0.971874,0.022022,0.213835,0.096181;;,
   5760;4;0.973895,0.016220,0.208311,0.088727;;,
   5920;4;0.975761,0.010851,0.202726,0.081703;;,
   6080;4;0.977439,0.006359,0.197050,0.075795;;,
   6240;4;0.978910,0.003195,0.191257,0.071739;;,
   6400;4;0.980146,0.001921,0.185312,0.070497;;,
   6560;4;0.980691,0.006372,0.178925,0.078685;;,
   6720;4;0.980915,0.012123,0.172431,0.089027;;,
   6880;4;0.981052,0.018150,0.164944,0.100001;;,
   7040;4;0.981390,0.023107,0.156069,0.109463;;,
   7200;4;0.982106,0.025437,0.147306,0.114553;;,
   7360;4;0.983285,0.024386,0.140046,0.113769;;,
   7520;4;0.986753,0.008336,0.136357,0.087503;;,
   7680;4;0.988214,-0.000811,0.135006,0.072153;;,
   7840;4;0.987963,-0.000401,0.136529,0.072730;;,
   8000;4;0.984856,0.017846,0.138327,0.102982;;,
   8160;4;0.982471,0.026026,0.143692,0.115876;;,
   8320;4;0.981507,0.025434,0.151812,0.113800;;,
   8480;4;0.981068,0.021446,0.160667,0.105982;;,
   8640;4;0.980953,0.015522,0.168647,0.095127;;,
   8800;4;0.980839,0.009300,0.175552,0.083961;;,
   8960;4;0.980465,0.003814,0.182191,0.074032;;,
   9120;4;0.979840,0.001417,0.187337,0.069403;;,
   9280;4;0.978542,0.003868,0.192804,0.072573;;,
   9440;4;0.976625,0.008461,0.199903,0.078557;;,
   9600;4;0.975522,0.011530,0.203473,0.082596;;,
   9760;4;0.973107,0.018499,0.210512,0.091676;;,
   9920;4;0.971265,0.023724,0.215435,0.098335;;,
   10080;4;0.969171,0.029300,0.220855,0.105221;;,
   10240;4;0.966631,0.035263,0.227582,0.112197;;,
   10400;4;0.965370,0.037694,0.231225,0.114787;;,
   10560;4;0.963187,0.040515,0.238575,0.117096;;,
   10720;4;0.961859,0.041449,0.243616,0.117306;;,
   10880;4;0.960247,0.042513,0.249636,0.117474;;,
   11040;4;0.958324,0.043660,0.256703,0.117524;;,
   11200;4;0.957223,0.044257,0.260697,0.117480;;,
   11360;4;0.955073,0.045318,0.268380,0.117274;;,
   11520;4;0.953674,0.045936,0.273299,0.117062;;,
   11680;4;0.951844,0.046659,0.279639,0.116694;;,
   11840;4;0.949785,0.047375,0.286647,0.116184;;,
   12000;4;0.948488,0.047919,0.290990,0.115752;;,
   12160;4;0.947334,0.043215,0.294870,0.117228;;,
   12320;4;0.946898,0.038839,0.296333,0.118584;;,
   12480;4;0.947675,0.042914,0.291050,0.123935;;,
   12640;4;0.950676,0.062143,0.274738,0.129897;;,
   12800;4;0.949322,0.074613,0.282981,0.114644;;,
   12960;4;0.947066,0.092184,0.295329,0.085729;;,
   13120;4;0.947615,0.093927,0.297631,0.067968;;,
   13280;4;0.949501,0.087843,0.299176,0.035016;;,
   13440;4;0.950973,0.080831,0.298399,0.008690;;,
   13600;4;0.952095,0.077860,0.295714,-0.002224;;,
   13760;4;0.954509,0.076851,0.287766,-0.014030;;,
   13920;4;0.956180,0.079263,0.281287,-0.017739;;,
   14080;4;0.959621,0.088679,0.266346,-0.017999;;,
   14240;4;0.963208,0.099536,0.249282,-0.013478;;,
   14400;4;0.966056,0.107131,0.234987,-0.006257;;,
   14560;4;0.970579,0.112943,0.212553,0.006403;;,
   14720;4;0.973042,0.111094,0.201784,0.011473;;,
   14880;4;0.978562,0.095504,0.181411,0.019662;;,
   15040;4;0.983865,0.072223,0.161694,0.025460;;,
   15200;4;0.987702,0.048747,0.145805,0.028441;;,
   15360;4;0.990456,0.023270,0.132395,0.030437;;,
   15520;4;0.990421,0.023669,0.132596,0.030407;;,
   17280;4;0.990421,0.023669,0.132596,0.030407;;;
  }

  AnimationKey T {
   2;
   99;
   0;3;14.257691,0.466031,-0.012365;;,
   160;3;14.257691,0.466031,-0.012365;;,
   320;3;14.243766,0.789267,-0.012178;;,
