xof 0303txt 0032
template Frame {
 <3d82ab46-62da-11cf-ab39-0020af71e433>
 [...]
}

template Matrix4x4 {
 <f6f23f45-7686-11cf-8f52-0040333594a3>
 array FLOAT matrix[16];
}

template FrameTransformMatrix {
 <f6f23f41-7686-11cf-8f52-0040333594a3>
 Matrix4x4 frameMatrix;
}

template Vector {
 <3d82ab5e-62da-11cf-ab39-0020af71e433>
 FLOAT x;
 FLOAT y;
 FLOAT z;
}

template MeshFace {
 <3d82ab5f-62da-11cf-ab39-0020af71e433>
 DWORD nFaceVertexIndices;
 array DWORD faceVertexIndices[nFaceVertexIndices];
}

template Mesh {
 <3d82ab44-62da-11cf-ab39-0020af71e433>
 DWORD nVertices;
 array Vector vertices[nVertices];
 DWORD nFaces;
 array MeshFace faces[nFaces];
 [...]
}

template ColorRGBA {
 <35ff44e0-6c7c-11cf-8f52-0040333594a3>
 FLOAT red;
 FLOAT green;
 FLOAT blue;
 FLOAT alpha;
}

template ColorRGB {
 <d3e16e81-7835-11cf-8f52-0040333594a3>
 FLOAT red;
 FLOAT green;
 FLOAT blue;
}

template Material {
 <3d82ab4d-62da-11cf-ab39-0020af71e433>
 ColorRGBA faceColor;
 FLOAT power;
 ColorRGB specularColor;
 ColorRGB emissiveColor;
 [...]
}

template MeshMaterialList {
 <f6f23f42-7686-11cf-8f52-0040333594a3>
 DWORD nMaterials;
 DWORD nFaceIndexes;
 array DWORD faceIndexes[nFaceIndexes];
 [Material <3d82ab4d-62da-11cf-ab39-0020af71e433>]
}

template VertexElement {
 <f752461c-1e23-48f6-b9f8-8350850f336f>
 DWORD Type;
 DWORD Method;
 DWORD Usage;
 DWORD UsageIndex;
}

template DeclData {
 <bf22e553-292c-4781-9fea-62bd554bdd93>
 DWORD nElements;
 array VertexElement Elements[nElements];
 DWORD nDWords;
 array DWORD data[nDWords];
}

template XSkinMeshHeader {
 <3cf169ce-ff7c-44ab-93c0-f78f62d172e2>
 WORD nMaxSkinWeightsPerVertex;
 WORD nMaxSkinWeightsPerFace;
 WORD nBones;
}

template SkinWeights {
 <6f0d123b-bad2-4167-a0d0-80224f25fabb>
 STRING transformNodeName;
 DWORD nWeights;
 array DWORD vertexIndices[nWeights];
 array FLOAT weights[nWeights];
 Matrix4x4 matrixOffset;
}

template AnimTicksPerSecond {
 <9e415a43-7ba6-4a73-8743-b73d47e88476>
 DWORD AnimTicksPerSecond;
}

template Animation {
 <3d82ab4f-62da-11cf-ab39-0020af71e433>
 [...]
}

template AnimationSet {
 <3d82ab50-62da-11cf-ab39-0020af71e433>
 [Animation <3d82ab4f-62da-11cf-ab39-0020af71e433>]
}

template FloatKeys {
 <10dd46a9-775b-11cf-8f52-0040333594a3>
 DWORD nValues;
 array FLOAT values[nValues];
}

template TimedFloatKeys {
 <f406b180-7b3b-11cf-8f52-0040333594a3>
 DWORD time;
 FloatKeys tfkeys;
}

template AnimationKey {
 <10dd46a8-775b-11cf-8f52-0040333594a3>
 DWORD keyType;
 DWORD nKeys;
 array TimedFloatKeys keys[nKeys];
}


Frame Bip001 {
 

 FrameTransformMatrix {
  -0.001703,-0.001190,-0.999998,0.000000,-0.003750,0.999992,-0.001183,0.000000,0.999992,0.003748,-0.001707,0.000000,-0.479831,115.063014,0.060048,1.000000;;
 }

 Frame Bip001_Pelvis {
  

  FrameTransformMatrix {
   0.000000,0.999725,0.023459,0.000000,-0.000001,-0.023459,0.999725,0.000000,1.000000,-0.000000,0.000001,0.000000,0.000000,0.000000,0.000000,1.000000;;
  }

  Frame Bip001_Spine {
   

   FrameTransformMatrix {
    0.906348,-0.243403,0.345383,0.000000,0.017751,0.838622,0.544424,0.000000,-0.422160,-0.487307,0.764404,0.000000,14.263466,-0.328320,-0.009809,1.000000;;
   }

   Frame Bip001_Spine1 {
    

    FrameTransformMatrix {
     0.999901,0.000000,-0.014116,0.000000,-0.000000,1.000000,0.000000,0.000000,0.014116,0.000000,0.999900,0.000000,16.122040,-0.000000,-0.012840,1.000000;;
    }

    Frame Bip001_Spine2 {
     

     FrameTransformMatrix {
      0.999956,0.000000,-0.009364,0.000000,-0.000000,1.000000,0.000000,0.000000,0.009364,-0.000000,0.999956,0.000000,16.122117,0.000001,-0.012833,1.000000;;
     }

     Frame Bip001_Spine3 {
      

      FrameTransformMatrix {
       0.999898,0.000000,0.014257,0.000000,-0.000000,1.000000,-0.000000,0.000000,-0.014256,-0.000000,0.999898,0.000000,16.122406,0.000000,-0.012833,1.000000;;
      }

      Frame Bip001_Neck {
       

       FrameTransformMatrix {
        0.968584,0.000001,0.248688,0.000000,-0.000001,1.000000,-0.000000,0.000000,-0.248688,-0.000000,0.968584,0.000000,16.124054,0.000001,-0.007175,1.000000;;
       }

       Frame Bip001_L_Clavicle {
        

        FrameTransformMatrix {
         0.110939,0.992171,-0.057346,0.000000,0.962035,-0.121690,-0.244295,0.000000,-0.249361,-0.028067,-0.968004,0.000000,0.000000,4.340598,0.007401,1.000000;;
        }

        Frame Bip001_L_UpperArm {
         

         FrameTransformMatrix {
          0.547588,-0.826127,-0.132901,0.000000,0.827054,0.558480,-0.063888,0.000000,0.127002,-0.074932,0.989068,0.000000,16.122227,0.000000,-0.000004,1.000000;;
         }

         Frame Bip001_L_Forearm {
          

          FrameTransformMatrix {
           0.225350,0.000000,-0.974278,0.000000,0.000000,1.000000,0.000000,0.000000,0.974278,-0.000000,0.225349,0.000000,44.136810,0.000000,0.000004,1.000000;;
          }

          Frame Bip001_L_Hand {
           

           FrameTransformMatrix {
            0.973043,0.081993,-0.215555,0.000000,0.229837,-0.267694,0.935690,0.000000,0.019017,-0.960009,-0.279323,0.000000,37.683366,0.000000,-0.000008,1.000000;;
           }

           Frame Bip001_L_Finger0 {
            

            FrameTransformMatrix {
             0.458539,-0.296077,0.837902,0.000000,0.846348,-0.142026,-0.513347,0.000000,0.270994,0.944546,0.185460,0.000000,4.289875,-5.456848,2.394806,1.000000;;
            }

            Frame Bip001_L_Finger01 {
             

             FrameTransformMatrix {
              0.926974,-0.000000,0.375125,0.000000,-0.000000,1.000000,0.000000,0.000000,-0.375125,0.000000,0.926974,0.000000,3.875534,-0.000008,-0.000015,1.000000;;
             }

             Frame Bip001_L_Finger02 {
              

              FrameTransformMatrix {
               0.944212,0.000000,0.329340,0.000000,0.000000,1.000000,-0.000000,0.000000,-0.329340,0.000000,0.944212,0.000000,3.875534,0.000000,0.000000,1.000000;;
              }

              Frame Bip001_L_Finger0Nub {
               

               FrameTransformMatrix {
                1.000000,0.000000,0.000000,0.000000,-0.000000,1.000000,0.000000,0.000000,0.000000,-0.000000,1.000000,0.000000,3.875542,-0.000008,0.000008,1.000000;;
               }
              }
             }
            }
           }

           Frame Bip001_L_Finger1 {
            

            FrameTransformMatrix {
             0.986777,0.000129,-0.162086,0.000000,-0.000000,1.000000,0.000796,0.000000,0.162086,-0.000786,0.986776,0.000000,11.734272,-5.461197,-0.417763,1.000000;;
            }

            Frame Bip001_L_Finger11 {
             

             FrameTransformMatrix {
              0.918069,-0.000000,0.396421,0.000000,0.000000,1.000000,0.000000,0.000000,-0.396421,0.000000,0.918069,0.000000,4.650638,0.000008,0.000015,1.000000;;
             }

             Frame Bip001_L_Finger12 {
              

              FrameTransformMatrix {
               0.994456,0.000000,0.105150,0.000000,0.000000,1.000000,0.000000,0.000000,-0.105150,0.000000,0.994456,0.000000,4.650646,-0.000008,-0.000008,1.000000;;
              }

              Frame Bip001_L_Finger1Nub {
               

               FrameTransformMatrix {
                1.000000,0.000000,0.000000,0.000000,0.000000,1.000000,0.000000,0.000000,0.000000,-0.000000,1.000000,0.000000,4.650646,0.000000,-0.000008,1.000000;;
               }
              }
             }
            }
           }

           Frame Bip001_L_Finger2 {
            

            FrameTransformMatrix {
             0.913055,0.058367,-0.403637,0.000000,-0.054546,0.998291,0.020970,0.000000,0.404171,0.002870,0.914679,0.000000,11.686767,-1.501305,-0.364777,1.000000;;
            }

            Frame Bip001_L_Finger21 {
             

             FrameTransformMatrix {
              0.972901,0.000000,0.231222,0.000000,0.000000,1.000000,0.000000,0.000000,-0.231222,-0.000000,0.972901,0.000000,4.698437,0.000008,0.000008,1.000000;;
             }

             Frame Bip001_L_Finger22 {
              

              FrameTransformMatrix {
               0.972901,-0.000000,0.231222,0.000000,0.000000,1.000000,0.000000,0.000000,-0.231222,-0.000000,0.972901,0.000000,5.425751,0.000000,0.000000,1.000000;;
              }

              Frame Bip001_L_Finger2Nub {
               

               FrameTransformMatrix {
                1.000000,-0.000000,-0.000000,0.000000,0.000000,1.000000,-0.000000,0.000000,0.000000,-0.000000,1.000000,0.000000,5.425747,0.000000,0.000000,1.000000;;
               }
              }
             }
            }
           }

           Frame Bip001_L_Finger3 {
            

            FrameTransformMatrix {
             0.895635,0.093934,-0.434758,0.000000,-0.084190,0.995578,0.041667,0.000000,0.436749,-0.000716,0.899583,0.000000,11.686195,1.606102,-0.362915,1.000000;;
            }

            Frame Bip001_L_Finger31 {
             

             FrameTransformMatrix {
              0.972901,0.000000,0.231222,0.000000,-0.000000,1.000000,0.000000,0.000000,-0.231222,0.000000,0.972901,0.000000,4.316540,-0.000008,-0.000008,1.000000;;
             }

             Frame Bip001_L_Finger32 {
              

              FrameTransformMatrix {
               0.972901,0.000000,0.231222,0.000000,-0.000000,1.000000,-0.000000,0.000000,-0.231222,0.000000,0.972901,0.000000,4.650654,0.000000,0.000000,1.000000;;
              }

              Frame Bip001_L_Finger3Nub {
               

               FrameTransformMatrix {
                1.000000,0.000000,0.000000,0.000000,0.000000,1.000000,0.000000,0.000000,-0.000000,0.000000,1.000000,0.000000,4.650650,0.000000,0.000000,1.000000;;
               }
              }
             }
            }
           }

           Frame Bip001_L_Finger4 {
            

            FrameTransformMatrix {
             0.995318,0.043504,-0.086311,0.000000,-0.043233,0.999052,0.005008,0.000000,0.086447,-0.001253,0.996256,0.000000,10.216786,4.386841,-0.631805,1.000000;;
            }

            Frame Bip001_L_Finger41 {
             

             FrameTransformMatrix {
              0.972901,-0.000000,0.231222,0.000000,0.000000,1.000000,-0.000000,0.000000,-0.231222,-0.000000,0.972901,0.000000,3.003712,0.000008,0.000008,1.000000;;
             }

             Frame Bip001_L_Finger42 {
              

              FrameTransformMatrix {
               0.972901,-0.000000,0.231222,0.000000,-0.000000,1.000000,0.000000,0.000000,-0.231222,0.000000,0.972901,0.000000,3.003700,-0.000008,0.000000,1.000000;;
              }

              Frame Bip001_L_Finger4Nub {
               

               FrameTransformMatrix {
                1.000000,-0.000000,0.000000,0.000000,-0.000000,1.000000,0.000000,0.000000,0.000000,0.000000,1.000000,0.000000,3.003712,0.000008,-0.000008,1.000000;;
               }
              }
             }
            }
           }
          }
         }
        }
       }

       Frame Bip001_R_Clavicle {
        

        FrameTransformMatrix {
         0.203214,-0.974730,0.092768,0.000000,-0.947492,-0.171870,0.269665,0.000000,-0.246907,-0.142697,-0.958475,0.000000,0.000000,-4.340600,0.007423,1.000000;;
        }

        Frame Bip001_R_UpperArm {
         

         FrameTransformMatrix {
          0.452970,0.871135,0.189585,0.000000,-0.882192,0.468667,-0.045710,0.000000,-0.128672,-0.146545,0.980800,0.000000,16.122221,0.000000,0.000000,1.000000;;
         }

         Frame Bip001_R_Forearm {
          

          FrameTransformMatrix {
           0.550229,-0.000000,-0.835014,0.000000,0.000000,1.000000,0.000000,0.000000,0.835014,-0.000000,0.550229,0.000000,44.136819,0.000000,0.000000,1.000000;;
          }

          Frame Bip001_R_Hand {
           

           FrameTransformMatrix {
            0.902897,0.376426,0.207559,0.000000,0.237024,-0.033158,-0.970938,0.000000,-0.358604,0.925853,-0.119160,0.000000,37.683373,0.000000,0.000004,1.000000;;
           }

           Frame Bip001_R_Finger0 {
            

            FrameTransformMatrix {
             0.049494,0.567669,0.821767,0.000000,-0.435575,-0.728142,0.529228,0.000000,0.898791,-0.384136,0.211224,0.000000,4.289871,5.456856,2.394806,1.000000;;
            }

            Frame Bip001_R_Finger01 {
             

             FrameTransformMatrix {
              0.446311,-0.000000,0.894878,0.000000,0.000000,1.000000,0.000000,0.000000,-0.894878,-0.000000,0.446311,0.000000,3.875534,-0.000004,0.000000,1.000000;;
             }

             Frame Bip001_R_Finger02 {
              

              FrameTransformMatrix {
               0.691782,0.000000,0.722107,0.000000,0.000000,1.000000,0.000000,0.000000,-0.722107,0.000000,0.691782,0.000000,3.875534,0.000008,-0.000004,1.000000;;
              }

              Frame Bip001_R_Finger0Nub {
               

               FrameTransformMatrix {
                -1.000000,0.000000,-0.000000,0.000000,-0.000000,1.000000,0.000000,0.000000,0.000000,0.000000,-1.000000,0.000000,3.875534,-0.000002,0.000000,1.000000;;
               }
              }
             }
            }
           }

           Frame Bip001_R_Finger1 {
            

            FrameTransformMatrix {
             0.904147,-0.092632,0.417058,0.000000,0.084419,0.995700,0.038140,0.000000,-0.418798,0.000723,0.908079,0.000000,11.734276,5.461199,-0.417763,1.000000;;
            }

            Frame Bip001_R_Finger11 {
             

             FrameTransformMatrix {
              0.074807,-0.000000,0.997198,0.000000,-0.000000,1.000000,-0.000000,0.000000,-0.997198,-0.000000,0.074807,0.000000,4.650665,0.000000,-0.000008,1.000000;;
             }

             Frame Bip001_R_Finger12 {
              

              FrameTransformMatrix {
               0.655587,0.000000,0.755120,0.000000,-0.000000,1.000000,0.000000,0.000000,-0.755120,-0.000000,0.655587,0.000000,4.650662,-0.000001,0.000008,1.000000;;
              }

              Frame Bip001_R_Finger1Nub {
               

               FrameTransformMatrix {
                -1.000001,0.000000,0.000000,0.000000,-0.000000,1.000000,-0.000000,0.000000,-0.000000,0.000000,-1.000000,0.000000,4.650650,0.000001,0.000000,1.000000;;
               }
              }
             }
            }
           }

           Frame Bip001_R_Finger2 {
            

            FrameTransformMatrix {
             0.998389,-0.054855,-0.014468,0.000000,0.054546,0.998291,-0.020970,0.000000,0.015594,0.020147,0.999675,0.000000,11.686752,1.501316,-0.364784,1.000000;;
            }

            Frame Bip001_R_Finger21 {
             

             FrameTransformMatrix {
              0.274887,-0.055838,0.959854,0.000000,-0.001397,0.998288,0.058474,0.000000,-0.961476,-0.017415,0.274339,0.000000,4.698440,0.000000,0.000000,1.000000;;
             }

             Frame Bip001_R_Finger22 {
              

              FrameTransformMatrix {
               0.207262,-0.055838,0.976691,0.000000,-0.005473,0.998288,0.058234,0.000000,-0.978270,-0.017415,0.206602,0.000000,5.425743,-0.000002,0.000008,1.000000;;
              }

              Frame Bip001_R_Finger2Nub {
               

               FrameTransformMatrix {
                -1.000000,-0.000000,0.000000,0.000000,-0.000000,1.000000,-0.000000,0.000000,-0.000000,-0.000000,-1.000000,0.000000,5.425747,0.000000,0.000015,1.000000;;
               }
              }
             }
            }
           }

           Frame Bip001_R_Finger3 {
            

            FrameTransformMatrix {
             0.905675,-0.059016,0.419845,0.000000,0.084190,0.995578,-0.041667,0.000000,-0.415529,0.073084,0.906639,0.000000,11.686188,-1.606099,-0.362923,1.000000;;
            }

            Frame Bip001_R_Finger31 {
             

             FrameTransformMatrix {
              0.587633,0.000000,0.809127,0.000000,-0.000000,1.000000,0.000000,0.000000,-0.809127,-0.000000,0.587633,0.000000,4.316544,0.000002,0.000004,1.000000;;
             }

             Frame Bip001_R_Finger32 {
              

              FrameTransformMatrix {
               0.615514,0.000000,0.788126,0.000000,0.000000,1.000000,0.000000,0.000000,-0.788126,-0.000000,0.615514,0.000000,4.650642,-0.000001,0.000008,1.000000;;
              }

              Frame Bip001_R_Finger3Nub {
               

               FrameTransformMatrix {
                -1.000000,0.000000,0.000000,0.000000,-0.000000,1.000000,-0.000000,0.000000,0.000000,0.000000,-1.000000,0.000000,4.650642,0.000000,0.000000,1.000000;;
               }
              }
             }
            }
           }

           Frame Bip001_R_Finger4 {
            

            FrameTransformMatrix {
             0.863252,-0.043504,0.502895,0.000000,0.038222,0.999053,0.020815,0.000000,-0.503324,0.001253,0.864097,0.000000,10.216782,-4.386828,-0.631813,1.000000;;
            }

            Frame Bip001_R_Finger41 {
             

             FrameTransformMatrix {
              0.700306,-0.000000,0.713843,0.000000,0.000000,1.000000,0.000000,0.000000,-0.713843,0.000000,0.700306,0.000000,3.003708,0.000000,-0.000008,1.000000;;
             }

             Frame Bip001_R_Finger42 {
              

              FrameTransformMatrix {
               0.842937,-0.000131,0.538012,0.000000,0.000040,1.000000,0.000182,0.000000,-0.538012,-0.000132,0.842937,0.000000,3.003723,-0.000001,0.000000,1.000000;;
              }

              Frame Bip001_R_Finger4Nub {
               

               FrameTransformMatrix {
                -1.000000,-0.000000,0.000000,0.000000,-0.000000,1.000000,-0.000000,0.000000,-0.000000,-0.000000,-1.000000,0.000000,3.003708,0.000001,0.000008,1.000000;;
               }
              }
             }
            }
           }
          }
         }
        }
       }

       Frame Bip001_Head {
        

        FrameTransformMatrix {
         0.881501,0.117758,-0.457264,0.000000,-0.334766,0.838810,-0.429336,0.000000,0.333000,0.531536,0.778833,0.000000,15.765366,-0.911515,-0.005135,1.000000;;
        }

        Frame Bip001_HeadNub {
         

         FrameTransformMatrix {
          1.000000,-0.000000,0.000000,0.000000,-0.000000,1.000000,0.000000,0.000000,0.000000,0.000000,1.000000,0.000000,29.144013,0.000000,-0.000004,1.000000;;
         }
        }
       }
      }
     }
    }
   }

   Frame Bip001_L_Thigh {
    

    FrameTransformMatrix {
     -0.506948,0.425067,0.749881,0.000000,0.293387,-0.732925,0.613796,0.000000,0.810511,0.531168,0.246845,0.000000,-16.022805,10.427850,-0.174442,1.000000;;
    }

    Frame Bip001_L_Calf {
     

     FrameTransformMatrix {
      0.689396,0.000000,-0.724384,0.000000,0.000000,1.000000,-0.000000,0.000000,0.724385,0.000000,0.689396,0.000000,54.040704,0.000000,0.000015,1.000000;;
     }

     Frame Bip001_L_Foot {
      

      FrameTransformMatrix {
       0.991841,-0.018427,0.126142,0.000000,0.004714,0.994123,0.108153,0.000000,-0.127394,-0.106676,0.986099,0.000000,58.826874,-0.000001,-0.000002,1.000000;;
      }

      Frame Bip001_L_Toe0 {
       

       FrameTransformMatrix {
        0.000000,-0.000000,1.000000,0.000000,-0.000000,1.000000,0.000000,0.000000,-1.000000,-0.000000,0.000000,0.000000,14.261973,-0.000001,18.354525,1.000000;;
       }

       Frame Bip001_L_Toe01 {
        

        FrameTransformMatrix {
         1.000000,-0.000000,0.000000,0.000000,0.000000,1.000000,-0.000000,0.000000,0.000000,0.000000,1.000000,0.000000,1.860260,0.000001,0.000000,1.000000;;
        }

        Frame Bip001_L_Toe02 {
         

         FrameTransformMatrix {
          1.000000,-0.000000,0.000000,0.000000,0.000000,1.000000,-0.000000,0.000000,0.000000,0.000000,1.000000,0.000000,1.860252,-0.000001,-0.000000,1.000000;;
         }

         Frame Bip001_L_Toe0Nub {
          

          FrameTransformMatrix {
           -1.000000,0.000000,0.000000,0.000000,0.000000,1.000000,-0.000000,0.000000,0.000000,-0.000000,-1.000000,0.000000,1.860260,0.000000,0.000000,1.000000;;
          }
         }
        }
       }
      }
     }
    }
   }

   Frame Bip001_R_Thigh {
    

    FrameTransformMatrix {
     -0.807649,-0.153226,0.569407,0.000000,0.199058,-0.979810,0.018680,0.000000,0.555048,0.128432,0.821843,0.000000,-9.985558,-10.372865,11.912392,1.000000;;
    }

    Frame Bip001_R_Calf {
     

     FrameTransformMatrix {
      0.732090,0.000000,-0.681208,0.000000,0.000000,1.000000,0.000000,0.000000,0.681208,-0.000000,0.732090,0.000000,53.736064,0.000000,0.000000,1.000000;;
     }

     Frame Bip001_R_Foot {
      

      FrameTransformMatrix {
       0.826403,-0.176057,0.534848,0.000000,0.260161,0.961782,-0.085387,0.000000,-0.499374,0.209711,0.840623,0.000000,59.151962,-0.000002,-0.000002,1.000000;;
      }

      Frame Bip001_R_Toe0 {
       

       FrameTransformMatrix {
        0.000000,0.000000,1.000000,0.000000,-0.000000,1.000000,-0.000000,0.000000,-1.000000,-0.000000,-0.000000,0.000000,14.261973,0.000000,18.354528,1.000000;;
       }

       Frame Bip001_R_Toe01 {
        

        FrameTransformMatrix {
         1.000000,0.000000,0.000000,0.000000,-0.000000,1.000000,-0.000000,0.000000,-0.000000,0.000000,1.000000,0.000000,1.860258,0.000004,0.000000,1.000000;;
        }

        Frame Bip001_R_Toe02 {
         

         FrameTransformMatrix {
          1.000000,0.000000,0.000000,0.000000,-0.000000,1.000000,-0.000000,0.000000,-0.000000,0.000000,1.000000,0.000000,1.860257,-0.000004,0.000000,1.000000;;
         }

         Frame Bip001_R_Toe0Nub {
          

          FrameTransformMatrix {
           1.000000,0.000000,0.000000,0.000000,-0.000000,1.000000,-0.000000,0.000000,-0.000000,0.000000,1.000000,0.000000,1.860256,0.000000,0.000000,1.000000;;
          }
         }
        }
       }
      }
     }
    }
   }
  }
 }
}

Frame Box001 {
 

 FrameTransformMatrix {
  0.667112,0.000000,0.000000,0.000000,0.000000,0.696682,0.000000,0.000000,0.000000,0.000000,0.492662,0.000000,0.000000,0.000000,0.000000,1.000000;;
 }

 Mesh Box001 {
  24;
  10.572287;20.319781;-176.362547;,
  13.727667;19.479150;-172.382848;,
  10.759686;19.129958;-172.335910;,
  13.540270;20.668973;-176.409485;,
  10.356453;22.072722;-175.308339;,
  13.511834;21.232091;-171.328627;,
  13.324435;22.421912;-175.355264;,
  10.543851;20.882901;-171.281690;,
  10.572287;20.319781;-176.362547;,
  13.324435;22.421912;-175.355264;,
  13.540270;20.668973;-176.409485;,
  10.356453;22.072722;-175.308339;,
  13.540270;20.668973;-176.409485;,
  13.511834;21.232091;-171.328627;,
  13.727667;19.479150;-172.382848;,
  13.324435;22.421912;-175.355264;,
  13.727667;19.479150;-172.382848;,
  10.543851;20.882901;-171.281690;,
  10.759686;19.129958;-172.335910;,
  13.511834;21.232091;-171.328627;,
  10.759686;19.129958;-172.335910;,
  10.356453;22.072722;-175.308339;,
  10.572287;20.319781;-176.362547;,
  10.543851;20.882901;-171.281690;;
  12;
  3;0,1,2;,
  3;1,0,3;,
  3;4,5,6;,
  3;5,4,7;,
  3;8,9,10;,
  3;9,8,11;,
  3;12,13,14;,
  3;13,12,15;,
  3;16,17,18;,
  3;17,16,19;,
  3;20,21,22;,
  3;21,20,23;;

  MeshMaterialList {
   1;
   12;
   0,
   0,
   0,
   0,
   0,
   0,
   0,
   0,
   0,
   0,
   0,
   0;

   Material  {
    0.529412;0.231373;0.031373;1.000000;;
    0.000000;
    0.000000;0.000000;0.000000;;
    0.000000;0.000000;0.000000;;
   }
  }

  DeclData {
   2;
   2;0;3;0;,
   1;0;5;0;;
   120;
   1037836862,
   3212032943,
   3197278703,
   1065353216,
   1065353216,
   1037836862,
   3212032943,
   3197278703,
   0,
   0,
   1037836862,
   3212032943,
   3197278702,
   1065353216,
   0,
   1037836862,
   3212032943,
   3197278702,
   0,
   1065353216,
   3185320464,
   1064549297,
   1049795046,
   0,
   1065353216,
   3185320481,
   1064549297,
   1049795049,
   1065353216,
   0,
   3185320432,
   1064549299,
   1049795040,
   1065353216,
   1065353216,
   3185320510,
   1064549295,
   1049795054,
   0,
   0,
   3180727868,
   1057087926,
   3210464891,
   0,
   1065353216,
   3180727880,
   1057087927,
   3210464890,
   1065353216,
   0,
   3180727899,
   1057087930,
   3210464888,
   1065353216,
   1065353216,
   3180727850,
   1057087924,
   3210464892,
   0,
   0,
   1065216176,
   1040339450,
   3154912767,
   0,
   1065353216,
   1065216176,
   1040339447,
   3154912759,
   1065353216,
   0,
   1065216176,
   1040339443,
   3154912753,
   1065353216,
   1065353216,
   1065216176,
   1040339454,
   3154912773,
   0,
   0,
   1033244245,
   3204571571,
   1062981244,
   0,
   1065353216,
   1033244245,
   3204571571,
   1062981244,
   1065353216,
   0,
   1033244245,
   3204571571,
   1062981244,
   1065353216,
   1065353216,
   1033244245,
   3204571571,
   1062981244,
   0,
   0,
   3212699824,
   3187823092,
   1007429105,
   0,
   1065353216,
   3212699824,
   3187823092,
   1007429105,
   1065353216,
   0,
   3212699824,
   3187823091,
   1007429106,
   1065353216,
   1065353216,
   3212699824,
   3187823091,
   1007429106,
   0,
   0;
  }

  XSkinMeshHeader {
   1;
   1;
   1;
  }

  SkinWeights {
   "Bip001_L_Toe0Nub";
   24;
   0,
   1,
   2,
   3,
   4,
   5,
   6,
   7,
   8,
   9,
   10,
   11,
   12,
   13,
   14,
   15,
   16,
   17,
   18,
   19,
   20,
   21,
   22,
   23;
   1.000000,
   1.000000,
   1.000000,
   1.000000,
   1.000000,
   1.000000,
   1.000000,
   1.000000,
   1.000000,
   1.000000,
   1.000000,
   1.000000,
   1.000000,
   1.000000,
   1.000000,
   1.000000,
   1.000000,
   1.000000,
   1.000000,
   1.000000,
   1.000000,
   1.000000,
   1.000000,
   1.000000;
   -0.182852,-0.641549,0.004260,0.000000,-0.004624,-0.003308,-0.696659,0.000000,0.473783,-0.135053,-0.002503,0.000000,54.288480,7.332000,0.240435,1.000000;;
  }
 }
}

AnimTicksPerSecond  {
 4800;
}

AnimationSet Anim1 {
 

 Animation {
  
  { Bip001 }

  AnimationKey S {
   1;
   2;
   0;3;1.000000,1.000000,1.000000;;,
   8000;3;1.000000,1.000000,1.000000;;;
  }

  AnimationKey R {
   0;
   2;
   0;4;0.706502,0.001745,-0.707708,-0.000906;;,
   8000;4;0.706502,0.001745,-0.707708,-0.000906;;;
  }

  AnimationKey T {
   2;
   51;
   0;3;-0.479831,115.063014,0.060048;;,
   160;3;-0.558435,114.938931,0.147375;;,
   320;3;-0.642550,114.806157,0.240825;;,
   480;3;-0.731389,114.665933,0.339523;;,
   640;3;-0.824165,114.519462,0.442595;;,
   800;3;-0.920090,114.368051,0.549166;;,
   960;3;-1.018378,114.212915,0.658361;;,
   1120;3;-1.118240,114.055283,0.769306;;,
   1280;3;-1.218889,113.896397,0.881125;;,
   1440;3;-1.319538,113.737536,0.992944;;,
   1600;3;-1.419401,113.579891,1.103888;;,
   1760;3;-1.517688,113.424730,1.213083;;,
   1920;3;-1.613613,113.273318,1.319654;;,
   2080;3;-1.706389,113.126874,1.422726;;,
   2240;3;-1.795228,112.986637,1.521424;;,
   2400;3;-1.879343,112.853850,1.614874;;,
   2560;3;-1.957947,112.729792,1.702201;;,
   2720;3;-2.030252,112.615642,1.782530;;,
   2880;3;-2.095470,112.512691,1.854987;;,
   3040;3;-2.152816,112.422170,1.918696;;,
   3200;3;-2.201500,112.345318,1.972783;;,
   3360;3;-2.240736,112.283379,2.016373;;,
   3520;3;-2.269737,112.237606,2.048593;;,
   3680;3;-2.287714,112.209229,2.068566;;,
   3840;3;-2.293882,112.199501,2.075418;;,
   4000;3;-2.288618,112.207808,2.069570;;,
   4160;3;-2.273240,112.232077,2.052484;;,
   4320;3;-2.248366,112.271347,2.024850;;,
   4480;3;-2.214616,112.324621,1.987354;;,
   4640;3;-2.172608,112.390938,1.940685;;,
   4800;3;-2.122963,112.469286,1.885531;;,
   4960;3;-2.066300,112.558746,1.822579;;,
   5120;3;-2.003238,112.658278,1.752518;;,
   5280;3;-1.934395,112.766963,1.676036;;,
   5440;3;-1.860392,112.883776,1.593820;;,
   5600;3;-1.781849,113.007744,1.506560;;,
   5760;3;-1.699382,113.137920,1.414942;;,
   5920;3;-1.613613,113.273318,1.319654;;,
   6080;3;-1.525161,113.412941,1.221385;;,
   6240;3;-1.434644,113.555840,1.120823;;,
   6400;3;-1.342682,113.700979,1.018656;;,
   6560;3;-1.249895,113.847450,0.915571;;,
   6720;3;-1.156901,113.994253,0.812257;;,
   6880;3;-1.064320,114.140390,0.709402;;,
   7040;3;-0.972771,114.284902,0.607693;;,
   7200;3;-0.882874,114.426816,0.507819;;,
   7360;3;-0.795247,114.565133,0.410467;;,
   7520;3;-0.710510,114.698880,0.316327;;,
   7680;3;-0.629282,114.827123,0.226085;;,
   7840;3;-0.552183,114.948813,0.140429;;,
   8000;3;-0.479831,115.063014,0.060048;;;
  }
 }

 Animation {
  
  { Bip001_Pelvis }

  AnimationKey S {
   1;
   2;
   0;3;1.000000,1.000000,1.000000;;,
   8000;3;1.000000,1.000000,1.000000;;;
  }

  AnimationKey R {
   0;
   2;
   0;4;-0.494101,0.505831,0.494100,0.505831;;,
   8000;4;-0.494101,0.505831,0.494100,0.505831;;;
  }

  AnimationKey T {
   2;
   2;
   0;3;0.000000,0.000000,0.000000;;,
   8000;3;0.000000,0.000000,0.000000;;;
  }
 }

 Animation {
  
  { Bip001_Spine }

  AnimationKey S {
   1;
   2;
   0;3;1.000000,1.000000,1.000000;;,
   8000;3;1.000000,1.000000,1.000000;;;
  }

  AnimationKey R {
   0;
   2;
   0;4;0.936666,-0.275373,0.204860,0.069703;;,
   8000;4;0.936666,-0.275373,0.204860,0.069703;;;
  }

  AnimationKey T {
   2;
   2;
   0;3;14.263466,-0.328320,-0.009809;;,
   8000;3;14.263474,-0.328320,-0.009809;;;
  }
 }

 Animation {
  
  { Bip001_Spine1 }

  AnimationKey S {
   1;
   2;
   0;3;1.000000,1.000000,1.000000;;,
   8000;3;1.000000,1.000000,1.000000;;;
  }

  AnimationKey R {
   0;
   2;
   0;4;0.999975,0.000000,-0.007058,-0.000000;;,
   8000;4;0.999975,0.000000,-0.007058,-0.000000;;;
  }

  AnimationKey T {
   2;
   2;
   0;3;16.122040,-0.000000,-0.012840;;,
   8000;3;16.122040,0.000000,-0.012836;;;
  }
 }

 Animation {
  
  { Bip001_Spine2 }

  AnimationKey S {
   1;
   2;
   0;3;1.000000,1.000000,1.000000;;,
   8000;3;1.000000,1.000000,1.000000;;;
  }

  AnimationKey R {
   0;
   2;
   0;4;0.999989,-0.000000,-0.004682,-0.000000;;,
   8000;4;0.999989,-0.000000,-0.004682,-0.000000;;;
  }

  AnimationKey T {
   2;
   2;
   0;3;16.122117,0.000001,-0.012833;;,
   8000;3;16.122085,0.000001,-0.012829;;;
  }
 }

 Animation {
  
  { Bip001_Spine3 }

  AnimationKey S {
   1;
   2;
   0;3;1.000000,1.000000,1.000000;;,
   8000;3;1.000000,1.000000,1.000000;;;
  }

  AnimationKey R {
   0;
   2;
   0;4;0.999975,-0.000000,0.007128,-0.000000;;,
   8000;4;0.999975,-0.000000,0.007128,-0.000000;;;
  }

  AnimationKey T {
   2;
   2;
   0;3;16.122406,0.000000,-0.012833;;,
   8000;3;16.122406,-0.000000,-0.012836;;;
  }
 }

 Animation {
  
  { Bip001_Neck }

  AnimationKey S {
   1;
   2;
   0;3;1.000000,1.000000,1.000000;;,
   8000;3;1.000000,1.000000,1.000000;;;
  }

  AnimationKey R {
   0;
   2;
   0;4;0.992115,0.000000,0.125332,-0.000000;;,
   8000;4;0.992115,0.000000,0.125332,-0.000000;;;
  }

  AnimationKey T {
   2;
   2;
   0;3;16.124054,0.000001,-0.007175;;,
   8000;3;16.124069,-0.000001,-0.007175;;;
  }
 }

 Animation {
  
  { Bip001_L_Clavicle }

  AnimationKey S {
   1;
   2;
   0;3;1.000000,1.000000,1.000000;;,
   8000;3;1.000000,1.000000,1.000000;;;
  }

  AnimationKey R {
   0;
   2;
   0;4;0.072880,0.741726,0.658668,-0.103376;;,
   8000;4;0.072880,0.741726,0.658668,-0.103376;;;
  }

  AnimationKey T {
   2;
   2;
   0;3;0.000000,4.340598,0.007401;;,
   8000;3;0.000000,4.340601,0.007401;;;
  }
 }

 Animation {
  
  { Bip001_L_UpperArm }

  AnimationKey S {
   1;
   2;
   0;3;1.000000,1.000000,1.000000;;,
   8000;3;1.000000,1.000000,1.000000;;;
  }

  AnimationKey R {
   0;
   51;
   0;4;0.879650,-0.003139,-0.073866,0.469841;;,
   160;4;0.881353,-0.004244,-0.071609,0.466981;;,
   320;4;0.883104,-0.005391,-0.069266,0.464004;;,
   480;4;0.884890,-0.006572,-0.066853,0.460931;;,
   640;4;0.886695,-0.007777,-0.064387,0.457783;;,
   800;4;0.888507,-0.009000,-0.061886,0.454581;;,
   960;4;0.890312,-0.010230,-0.059366,0.451348;;,
   1120;4;0.892098,-0.011461,-0.056844,0.448105;;,
   1280;4;0.893853,-0.012682,-0.054339,0.444874;;,
   1440;4;0.895565,-0.013887,-0.051867,0.441679;;,
   1600;4;0.897223,-0.015066,-0.049445,0.438541;;,
   1760;4;0.898817,-0.016212,-0.047092,0.435485;;,
   1920;4;0.900337,-0.017315,-0.044823,0.432532;;,
   2080;4;0.901773,-0.018367,-0.042658,0.429708;;,
   2240;4;0.903116,-0.019361,-0.040612,0.427034;;,
   2400;4;0.904356,-0.020287,-0.038704,0.424535;;,
   2560;4;0.905486,-0.021138,-0.036951,0.422235;;,
   2720;4;0.906497,-0.021905,-0.035370,0.420158;;,
   2880;4;0.907380,-0.022579,-0.033978,0.418327;;,
   3040;4;0.908130,-0.023156,-0.032790,0.416761;;,
   3200;4;0.908748,-0.023633,-0.031804,0.415461;;,
   3360;4;0.909237,-0.024013,-0.031021,0.414427;;,
   3520;4;0.909600,-0.024295,-0.030438,0.413657;;,
   3680;4;0.909838,-0.024481,-0.030054,0.413149;;,
   3840;4;0.909954,-0.024571,-0.029867,0.412903;;,
   4000;4;0.909947,-0.024566,-0.029877,0.412916;;,
   4160;4;0.909820,-0.024467,-0.030082,0.413187;;,
   4320;4;0.909573,-0.024274,-0.030481,0.413713;;,
   4480;4;0.909206,-0.023988,-0.031071,0.414493;;,
   4640;4;0.908718,-0.023610,-0.031852,0.415523;;,
   4800;4;0.908110,-0.023140,-0.032821,0.416802;;,
   4960;4;0.907380,-0.022579,-0.033978,0.418327;;,
   5120;4;0.906531,-0.021931,-0.035317,0.420088;;,
   5280;4;0.905570,-0.021201,-0.036820,0.422064;;,
   5440;4;0.904504,-0.020398,-0.038475,0.424235;;,
   5600;4;0.903341,-0.019528,-0.040267,0.426582;;,
   5760;4;0.902086,-0.018598,-0.042182,0.429086;;,
   5920;4;0.900749,-0.017615,-0.044205,0.431726;;,
   6080;4;0.899335,-0.016586,-0.046322,0.434484;;,
   6240;4;0.897853,-0.015517,-0.048519,0.437339;;,
   6400;4;0.896311,-0.014416,-0.050781,0.440273;;,
   6560;4;0.894717,-0.013289,-0.053094,0.443267;;,
   6720;4;0.893081,-0.012143,-0.055444,0.446301;;,
   6880;4;0.891412,-0.010986,-0.057817,0.449357;;,
   7040;4;0.889718,-0.009824,-0.060198,0.452417;;,
   7200;4;0.888011,-0.008664,-0.062573,0.455462;;,
   7360;4;0.886301,-0.007513,-0.064928,0.458474;;,
   7520;4;0.884598,-0.006378,-0.067249,0.461436;;,
   7680;4;0.882914,-0.005266,-0.069522,0.464329;;,
   7840;4;0.881261,-0.004184,-0.071732,0.467136;;,
   8000;4;0.879650,-0.003139,-0.073866,0.469841;;;
  }

  AnimationKey T {
   2;
   2;
   0;3;16.122227,0.000000,-0.000004;;,
   8000;3;16.122222,0.000015,0.000004;;;
  }
 }

 Animation {
  
  { Bip001_L_Forearm }

  AnimationKey S {
   1;
   2;
   0;3;1.000000,1.000000,1.000000;;,
   8000;3;1.000000,1.000000,1.000000;;;
  }

  AnimationKey R {
   0;
   51;
   0;4;0.782735,-0.000000,-0.622355,0.000000;;,
   160;4;0.783843,-0.000000,-0.620960,0.000000;;,
   320;4;0.784989,0.000000,-0.619509,-0.000000;;,
   480;4;0.786167,0.000000,-0.618015,0.000000;;,
   640;4;0.787366,0.000000,-0.616486,0.000000;;,
   800;4;0.788580,0.000000,-0.614933,0.000000;;,
   960;4;0.789798,-0.000000,-0.613367,0.000000;;,
   1120;4;0.791014,-0.000000,-0.611799,0.000000;;,
   1280;4;0.792218,0.000000,-0.610239,0.000000;;,
   1440;4;0.793402,0.000000,-0.608698,0.000000;;,
   1600;4;0.794559,0.000000,-0.607187,-0.000000;;,
   1760;4;0.795680,0.000000,-0.605717,0.000000;;,
   1920;4;0.796758,0.000000,-0.604299,-0.000000;;,
   2080;4;0.797784,-0.000000,-0.602944,-0.000000;;,
   2240;4;0.798751,-0.000000,-0.601662,-0.000000;;,
   2400;4;0.799650,-0.000000,-0.600466,-0.000000;;,
   2560;4;0.800475,0.000000,-0.599366,-0.000000;;,
   2720;4;0.801218,0.000000,-0.598373,0.000000;;,
   2880;4;0.801870,-0.000000,-0.597499,-0.000000;;,
   3040;4;0.802426,-0.000000,-0.596751,0.000000;;,
   3200;4;0.802887,-0.000000,-0.596131,0.000000;;,
   3360;4;0.803253,-0.000000,-0.595638,0.000000;;,
   3520;4;0.803525,0.000000,-0.595271,0.000000;;,
   3680;4;0.803704,-0.000000,-0.595029,0.000000;;,
   3840;4;0.803791,-0.000000,-0.594912,-0.000000;;,
   4000;4;0.803786,-0.000000,-0.594918,0.000000;;,
   4160;4;0.803691,-0.000000,-0.595047,-0.000000;;,
   4320;4;0.803505,-0.000000,-0.595298,0.000000;;,
   4480;4;0.803230,0.000000,-0.595670,0.000000;;,
   4640;4;0.802865,-0.000000,-0.596161,0.000000;;,
   4800;4;0.802412,0.000000,-0.596771,-0.000000;;,
   4960;4;0.801870,-0.000000,-0.597499,-0.000000;;,
   5120;4;0.801243,-0.000000,-0.598340,0.000000;;,
   5280;4;0.800537,0.000000,-0.599284,-0.000000;;,
   5440;4;0.799758,-0.000000,-0.600323,-0.000000;;,
   5600;4;0.798913,-0.000000,-0.601446,0.000000;;,
   5760;4;0.798009,0.000000,-0.602646,-0.000000;;,
   5920;4;0.797051,0.000000,-0.603912,0.000000;;,
   6080;4;0.796046,-0.000000,-0.605236,-0.000000;;,
   6240;4;0.795001,0.000000,-0.606609,0.000000;;,
   6400;4;0.793921,-0.000000,-0.608021,0.000000;;,
   6560;4;0.792814,0.000000,-0.609463,0.000000;;,
   6720;4;0.791687,0.000000,-0.610927,0.000000;;,
   6880;4;0.790545,0.000000,-0.612404,-0.000000;;,
   7040;4;0.789396,0.000000,-0.613884,0.000000;;,
   7200;4;0.788247,-0.000000,-0.615360,0.000000;;,
   7360;4;0.787103,-0.000000,-0.616821,-0.000000;;,
   7520;4;0.785974,0.000000,-0.618260,-0.000000;;,
   7680;4;0.784865,-0.000000,-0.619667,-0.000000;;,
   7840;4;0.783783,-0.000000,-0.621035,0.000000;;,
   8000;4;0.782735,-0.000000,-0.622355,0.000000;;;
  }

  AnimationKey T {
   2;
   2;
   0;3;44.136810,0.000000,0.000004;;,
   8000;3;44.136819,0.000000,-0.000004;;;
  }
 }

 Animation {
  
  { Bip001_L_Hand }

  AnimationKey S {
   1;
   2;
   0;3;1.000000,1.000000,1.000000;;,
   8000;3;1.000000,1.000000,1.000000;;;
  }

  AnimationKey R {
   0;
   51;
   0;4;0.597082,-0.793735,-0.098216,0.061903;;,
   160;4;0.597514,-0.793451,-0.095555,0.065444;;,
   320;4;0.597949,-0.793139,-0.092792,0.069118;;,
   480;4;0.598384,-0.792800,-0.089945,0.072898;;,
   640;4;0.598815,-0.792436,-0.087035,0.076757;;,
   800;4;0.599236,-0.792047,-0.084083,0.080668;;,
   960;4;0.599646,-0.791636,-0.081108,0.084604;;,
   1120;4;0.600042,-0.791206,-0.078131,0.088538;;,
   1280;4;0.600419,-0.790759,-0.075173,0.092443;;,
   1440;4;0.600778,-0.790300,-0.072254,0.096292;;,
   1600;4;0.601115,-0.789832,-0.069394,0.100058;;,
   1760;4;0.601429,-0.789360,-0.066613,0.103716;;,
   1920;4;0.601720,-0.788889,-0.063933,0.107237;;,
   2080;4;0.601986,-0.788425,-0.061375,0.110595;;,
   2240;4;0.602228,-0.787974,-0.058957,0.113765;;,
   2400;4;0.602444,-0.787542,-0.056702,0.116719;;,
   2560;4;0.602635,-0.787136,-0.054630,0.119431;;,
   2720;4;0.602802,-0.786761,-0.052761,0.121875;;,
   2880;4;0.602943,-0.786425,-0.051116,0.124025;;,
   3040;4;0.603061,-0.786134,-0.049711,0.125861;;,
   3200;4;0.603155,-0.785889,-0.048546,0.127381;;,
   3360;4;0.603229,-0.785692,-0.047620,0.128590;;,
   3520;4;0.603283,-0.785544,-0.046930,0.129490;;,
   3680;4;0.603318,-0.785446,-0.046476,0.130082;;,
   3840;4;0.603335,-0.785399,-0.046256,0.130369;;,
   4000;4;0.603334,-0.785401,-0.046268,0.130354;;,
   4160;4;0.603316,-0.785454,-0.046510,0.130038;;,
   4320;4;0.603279,-0.785555,-0.046981,0.129423;;,
   4480;4;0.603225,-0.785704,-0.047679,0.128513;;,
   4640;4;0.603151,-0.785900,-0.048602,0.127309;;,
   4800;4;0.603058,-0.786141,-0.049748,0.125812;;,
   4960;4;0.602943,-0.786425,-0.051116,0.124025;;,
   5120;4;0.602807,-0.786748,-0.052698,0.121958;;,
   5280;4;0.602649,-0.787105,-0.054476,0.119633;;,
   5440;4;0.602469,-0.787490,-0.056432,0.117073;;,
   5600;4;0.602267,-0.787897,-0.058550,0.114299;;,
   5760;4;0.602043,-0.788322,-0.060813,0.111333;;,
   5920;4;0.601797,-0.788758,-0.063203,0.108196;;,
   6080;4;0.601529,-0.789202,-0.065704,0.104911;;,
   6240;4;0.601240,-0.789648,-0.068299,0.101498;;,
   6400;4;0.600931,-0.790092,-0.070971,0.097981;;,
   6560;4;0.600602,-0.790530,-0.073703,0.094381;;,
   6720;4;0.600255,-0.790959,-0.076479,0.090721;;,
   6880;4;0.599891,-0.791374,-0.079280,0.087021;;,
   7040;4;0.599513,-0.791774,-0.082091,0.083305;;,
   7200;4;0.599122,-0.792156,-0.084894,0.079594;;,
   7360;4;0.598721,-0.792517,-0.087673,0.075911;;,
   7520;4;0.598314,-0.792857,-0.090412,0.072278;;,
   7680;4;0.597902,-0.793174,-0.093093,0.068718;;,
   7840;4;0.597491,-0.793466,-0.095700,0.065252;;,
   8000;4;0.597082,-0.793735,-0.098216,0.061903;;;
  }

  AnimationKey T {
   2;
   2;
   0;3;37.683366,0.000000,-0.000008;;,
   8000;3;37.683360,0.000015,0.000000;;;
  }
 }

 Animation {
  
  { Bip001_L_Finger0 }

  AnimationKey S {
   1;
   2;
   0;3;1.000000,1.000000,1.000000;;,
   8000;3;1.000000,1.000000,1.000000;;;
  }

  AnimationKey R {
   0;
   51;
   0;4;0.612775,0.594791,0.231287,0.466087;;,
   160;4;0.609993,0.593405,0.234820,0.469722;;,
   320;4;0.607083,0.591945,0.238477,0.473477;;,
   480;4;0.604063,0.590418,0.242233,0.477324;;,
   640;4;0.600953,0.588834,0.246058,0.481233;;,
