xof 0303txt 0032
template Frame {
 <3d82ab46-62da-11cf-ab39-0020af71e433>
 [...]
}

template Matrix4x4 {
 <f6f23f45-7686-11cf-8f52-0040333594a3>
 array FLOAT matrix[16];
}

template FrameTransformMatrix {
 <f6f23f41-7686-11cf-8f52-0040333594a3>
 Matrix4x4 frameMatrix;
}

template Vector {
 <3d82ab5e-62da-11cf-ab39-0020af71e433>
 FLOAT x;
 FLOAT y;
 FLOAT z;
}

template MeshFace {
 <3d82ab5f-62da-11cf-ab39-0020af71e433>
 DWORD nFaceVertexIndices;
 array DWORD faceVertexIndices[nFaceVertexIndices];
}

template Mesh {
 <3d82ab44-62da-11cf-ab39-0020af71e433>
 DWORD nVertices;
 array Vector vertices[nVertices];
 DWORD nFaces;
 array MeshFace faces[nFaces];
 [...]
}

template ColorRGBA {
 <35ff44e0-6c7c-11cf-8f52-0040333594a3>
 FLOAT red;
 FLOAT green;
 FLOAT blue;
 FLOAT alpha;
}

template ColorRGB {
 <d3e16e81-7835-11cf-8f52-0040333594a3>
 FLOAT red;
 FLOAT green;
 FLOAT blue;
}

template Material {
 <3d82ab4d-62da-11cf-ab39-0020af71e433>
 ColorRGBA faceColor;
 FLOAT power;
 ColorRGB specularColor;
 ColorRGB emissiveColor;
 [...]
}

template MeshMaterialList {
 <f6f23f42-7686-11cf-8f52-0040333594a3>
 DWORD nMaterials;
 DWORD nFaceIndexes;
 array DWORD faceIndexes[nFaceIndexes];
 [Material <3d82ab4d-62da-11cf-ab39-0020af71e433>]
}

template VertexElement {
 <f752461c-1e23-48f6-b9f8-8350850f336f>
 DWORD Type;
 DWORD Method;
 DWORD Usage;
 DWORD UsageIndex;
}

template DeclData {
 <bf22e553-292c-4781-9fea-62bd554bdd93>
 DWORD nElements;
 array VertexElement Elements[nElements];
 DWORD nDWords;
 array DWORD data[nDWords];
}

template XSkinMeshHeader {
 <3cf169ce-ff7c-44ab-93c0-f78f62d172e2>
 WORD nMaxSkinWeightsPerVertex;
 WORD nMaxSkinWeightsPerFace;
 WORD nBones;
}

template SkinWeights {
 <6f0d123b-bad2-4167-a0d0-80224f25fabb>
 STRING transformNodeName;
 DWORD nWeights;
 array DWORD vertexIndices[nWeights];
 array FLOAT weights[nWeights];
 Matrix4x4 matrixOffset;
}

template AnimTicksPerSecond {
 <9e415a43-7ba6-4a73-8743-b73d47e88476>
 DWORD AnimTicksPerSecond;
}

template Animation {
 <3d82ab4f-62da-11cf-ab39-0020af71e433>
 [...]
}

template AnimationSet {
 <3d82ab50-62da-11cf-ab39-0020af71e433>
 [Animation <3d82ab4f-62da-11cf-ab39-0020af71e433>]
}

template FloatKeys {
 <10dd46a9-775b-11cf-8f52-0040333594a3>
 DWORD nValues;
 array FLOAT values[nValues];
}

template TimedFloatKeys {
 <f406b180-7b3b-11cf-8f52-0040333594a3>
 DWORD time;
 FloatKeys tfkeys;
}

template AnimationKey {
 <10dd46a8-775b-11cf-8f52-0040333594a3>
 DWORD keyType;
 DWORD nKeys;
 array TimedFloatKeys keys[nKeys];
}


Frame Bip001 {
 

 FrameTransformMatrix {
  -0.000005,0.000000,1.000000,0.000000,0.000000,1.000000,0.000000,0.000000,-1.000000,0.000000,-0.000005,0.000000,-0.000001,126.772954,0.241813,1.000000;;
 }

 Frame Bip001_Pelvis {
  

  FrameTransformMatrix {
   0.000000,1.000000,-0.000001,0.000000,-0.000001,0.000001,1.000000,0.000000,1.000000,0.000000,0.000001,0.000000,0.000000,0.000000,0.000000,1.000000;;
  }

  Frame Bip001_Spine {
   

   FrameTransformMatrix {
    0.999944,0.000001,0.010615,0.000000,-0.000002,1.000000,0.000004,0.000000,-0.010615,-0.000004,0.999944,0.000000,14.262115,0.000020,-0.012843,1.000000;;
   }

   Frame Bip001_Spine1 {
    

    FrameTransformMatrix {
     1.000000,-0.000000,0.000000,0.000000,0.000000,1.000000,-0.000000,0.000000,0.000000,-0.000000,1.000000,0.000000,16.122222,-0.000000,-0.012838,1.000000;;
    }

    Frame Bip001_Spine2 {
     

     FrameTransformMatrix {
      0.999962,0.000000,0.008727,0.000000,-0.000000,1.000000,-0.000000,0.000000,-0.008727,-0.000000,0.999962,0.000000,16.122330,-0.000000,-0.012837,1.000000;;
     }

     Frame Bip001_Spine3 {
      

      FrameTransformMatrix {
       0.999962,0.000000,0.008727,0.000000,-0.000000,1.000000,-0.000000,0.000000,-0.008727,-0.000000,0.999962,0.000000,16.122299,-0.000000,-0.012837,1.000000;;
      }

      Frame Bip001_Neck {
       

       FrameTransformMatrix {
        0.992074,-0.000000,-0.125653,0.000000,0.000000,1.000000,-0.000000,0.000000,0.125653,-0.000000,0.992074,0.000000,16.121293,-0.000000,-0.007347,1.000000;;
       }

       Frame Bip001_L_Clavicle {
        

        FrameTransformMatrix {
         -0.000000,1.000000,-0.000003,0.000000,0.992174,0.000000,0.124863,0.000000,0.124863,-0.000003,-0.992174,0.000000,0.000015,4.340599,0.007395,1.000000;;
        }

        Frame Bip001_L_UpperArm {
         

         FrameTransformMatrix {
          0.256130,-0.966601,0.008904,0.000000,0.906503,0.236987,-0.349412,0.000000,0.335632,0.097567,0.936927,0.000000,16.122222,0.000000,0.000000,1.000000;;
         }

         Frame Bip001_L_Forearm {
          

          FrameTransformMatrix {
           0.970714,-0.000000,-0.240237,0.000000,0.000000,1.000000,0.000000,0.000000,0.240237,0.000000,0.970714,0.000000,44.136810,0.000008,0.000000,1.000000;;
          }

          Frame Bip001_L_Hand {
           

           FrameTransformMatrix {
            0.998359,0.057269,-0.000000,0.000000,0.035465,-0.618258,0.785175,0.000000,0.044966,-0.783886,-0.619274,0.000000,37.683373,0.000000,0.000000,1.000000;;
           }

           Frame Bip001_L_Finger0 {
            

            FrameTransformMatrix {
             0.820473,-0.503828,0.270153,0.000000,0.512024,0.437437,-0.739243,0.000000,0.254276,0.744853,0.616877,0.000000,4.289886,-5.456856,2.394806,1.000000;;
            }

            Frame Bip001_L_Finger01 {
             

             FrameTransformMatrix {
              0.759237,0.000000,0.650814,0.000000,0.000000,1.000000,-0.000000,0.000000,-0.650814,0.000000,0.759237,0.000000,3.875534,0.000000,-0.000008,1.000000;;
             }

             Frame Bip001_L_Finger02 {
              

              FrameTransformMatrix {
               0.759237,-0.000000,0.650814,0.000000,0.000000,1.000000,0.000000,0.000000,-0.650814,0.000000,0.759237,0.000000,3.875534,0.000000,0.000002,1.000000;;
              }

              Frame Bip001_L_Finger0Nub {
               

               FrameTransformMatrix {
                1.000000,-0.000000,-0.000000,0.000000,0.000000,1.000000,0.000000,0.000000,0.000000,-0.000000,1.000000,0.000000,3.875534,0.000004,0.000004,1.000000;;
               }
              }
             }
            }
           }

           Frame Bip001_L_Finger1 {
            

            FrameTransformMatrix {
             0.987867,-0.000124,0.155301,0.000000,0.000000,1.000000,0.000796,0.000000,-0.155301,-0.000787,0.987867,0.000000,11.734276,-5.461197,-0.417763,1.000000;;
            }

            Frame Bip001_L_Finger11 {
             

             FrameTransformMatrix {
              0.851111,0.000000,0.524986,0.000000,0.000000,1.000000,-0.000000,0.000000,-0.524986,-0.000000,0.851111,0.000000,4.650642,0.000000,-0.000004,1.000000;;
             }

             Frame Bip001_L_Finger12 {
              

              FrameTransformMatrix {
               0.851111,-0.000000,0.524986,0.000000,0.000000,1.000000,0.000000,0.000000,-0.524986,0.000000,0.851111,0.000000,4.650650,0.000000,-0.000004,1.000000;;
              }

              Frame Bip001_L_Finger1Nub {
               

               FrameTransformMatrix {
                1.000000,-0.000000,0.000000,0.000000,-0.000000,1.000000,0.000000,0.000000,0.000000,0.000000,1.000000,0.000000,4.650650,0.000000,0.000008,1.000000;;
               }
              }
             }
            }
           }

           Frame Bip001_L_Finger2 {
            

            FrameTransformMatrix {
             0.943443,0.044648,0.328514,0.000000,-0.054546,0.998291,0.020970,0.000000,-0.327016,-0.037703,0.944266,0.000000,11.686760,-1.501312,-0.364784,1.000000;;
            }

            Frame Bip001_L_Finger21 {
             

             FrameTransformMatrix {
              0.514328,-0.000000,0.857594,0.000000,0.000000,1.000000,-0.000000,0.000000,-0.857594,0.000000,0.514328,0.000000,4.698433,0.000000,0.000006,1.000000;;
             }

             Frame Bip001_L_Finger22 {
              

              FrameTransformMatrix {
               0.514328,0.000000,0.857593,0.000000,0.000000,1.000000,0.000000,0.000000,-0.857594,-0.000000,0.514328,0.000000,5.425751,0.000000,0.000000,1.000000;;
              }

              Frame Bip001_L_Finger2Nub {
               

               FrameTransformMatrix {
                1.000000,-0.000000,0.000000,0.000000,0.000000,1.000000,-0.000000,0.000000,-0.000000,0.000000,1.000000,0.000000,5.425747,0.000000,0.000000,1.000000;;
               }
              }
             }
            }
           }

           Frame Bip001_L_Finger3 {
            

            FrameTransformMatrix {
             0.908415,0.059500,0.413814,0.000000,-0.084190,0.995578,0.041667,0.000000,-0.409505,-0.072690,0.909407,0.000000,11.686195,1.606102,-0.362919,1.000000;;
            }

            Frame Bip001_L_Finger31 {
             

             FrameTransformMatrix {
              0.639289,-0.000000,0.768967,0.000000,0.000000,1.000000,0.000000,0.000000,-0.768967,0.000000,0.639289,0.000000,4.316544,0.000004,0.000000,1.000000;;
             }

             Frame Bip001_L_Finger32 {
              

              FrameTransformMatrix {
               0.639289,0.000000,0.768967,0.000000,0.000000,1.000000,0.000000,0.000000,-0.768967,-0.000000,0.639289,0.000000,4.650650,0.000000,-0.000008,1.000000;;
              }

              Frame Bip001_L_Finger3Nub {
               

               FrameTransformMatrix {
                1.000000,-0.000000,0.000000,0.000000,0.000000,1.000000,0.000000,0.000000,0.000000,0.000000,1.000000,0.000000,4.650644,0.000000,-0.000008,1.000000;;
               }
              }
             }
            }
           }

           Frame Bip001_L_Finger4 {
            

            FrameTransformMatrix {
             0.841599,0.033717,0.539050,0.000000,-0.043233,0.999053,0.005008,0.000000,-0.538371,-0.027519,0.842259,0.000000,10.216790,4.386826,-0.631805,1.000000;;
            }

            Frame Bip001_L_Finger41 {
             

             FrameTransformMatrix {
              0.792599,-0.000000,0.609743,0.000000,0.000000,1.000000,0.000000,0.000000,-0.609743,0.000000,0.792599,0.000000,3.003716,0.000000,-0.000004,1.000000;;
             }

             Frame Bip001_L_Finger42 {
              

              FrameTransformMatrix {
               0.792599,0.000000,0.609743,0.000000,0.000000,1.000000,0.000000,0.000000,-0.609743,0.000000,0.792599,0.000000,3.003716,0.000000,-0.000008,1.000000;;
              }

              Frame Bip001_L_Finger4Nub {
               

               FrameTransformMatrix {
                1.000000,0.000000,-0.000000,0.000000,0.000000,1.000000,0.000000,0.000000,0.000000,0.000000,1.000000,0.000000,3.003708,0.000000,0.000000,1.000000;;
               }
              }
             }
            }
           }
          }
         }
        }
       }

       Frame Bip001_R_Clavicle {
        

        FrameTransformMatrix {
         -0.000000,-1.000000,0.000003,0.000000,-0.992174,-0.000000,-0.124863,0.000000,0.124863,-0.000003,-0.992174,0.000000,0.000015,-4.340599,0.007418,1.000000;;
        }

        Frame Bip001_R_UpperArm {
         

         FrameTransformMatrix {
          0.329957,0.941218,0.072365,0.000000,-0.770999,0.224464,0.595967,0.000000,0.544691,-0.252437,0.799742,0.000000,16.122222,0.000000,0.000000,1.000000;;
         }

         Frame Bip001_R_Forearm {
          

          FrameTransformMatrix {
           0.926624,0.000000,-0.375989,0.000000,0.000000,1.000000,-0.000000,0.000000,0.375989,-0.000000,0.926624,0.000000,44.136794,-0.000004,0.000000,1.000000;;
          }

          Frame Bip001_R_Hand {
           

           FrameTransformMatrix {
            0.993349,0.091369,-0.070073,0.000000,0.026139,-0.771609,-0.635559,0.000000,-0.112140,0.629500,-0.768865,0.000000,37.683373,0.000008,0.000002,1.000000;;
           }

           Frame Bip001_R_Finger0 {
            

            FrameTransformMatrix {
             0.820473,0.503828,0.270153,0.000000,-0.512024,0.437437,0.739243,0.000000,0.254276,-0.744853,0.616877,0.000000,4.289871,5.456856,2.394802,1.000000;;
            }

            Frame Bip001_R_Finger01 {
             

             FrameTransformMatrix {
              0.924007,0.037595,0.380524,0.000000,-0.150764,0.950357,0.272199,0.000000,-0.351400,-0.308883,0.883804,0.000000,3.875534,-0.000008,0.000000,1.000000;;
             }

             Frame Bip001_R_Finger02 {
              

              FrameTransformMatrix {
               0.701078,-0.091339,0.707211,0.000000,-0.150764,0.950357,0.272199,0.000000,-0.696965,-0.297455,0.652503,0.000000,3.875534,0.000000,0.000004,1.000000;;
              }

              Frame Bip001_R_Finger0Nub {
               

               FrameTransformMatrix {
                -1.000000,0.000000,-0.000000,0.000000,0.000000,1.000000,-0.000000,0.000000,0.000000,0.000000,-1.000000,0.000000,3.875542,0.000000,-0.000001,1.000000;;
               }
              }
             }
            }
           }

           Frame Bip001_R_Finger1 {
            

            FrameTransformMatrix {
             0.955005,0.000236,0.296590,0.000000,0.000000,1.000000,-0.000796,0.000000,-0.296590,0.000760,0.955005,0.000000,11.734268,5.461201,-0.417761,1.000000;;
            }

            Frame Bip001_R_Finger11 {
             

             FrameTransformMatrix {
              0.766202,0.000000,0.642600,0.000000,0.000000,1.000000,0.000000,0.000000,-0.642600,-0.000000,0.766202,0.000000,4.650642,0.000000,-0.000008,1.000000;;
             }

             Frame Bip001_R_Finger12 {
              

              FrameTransformMatrix {
               0.515665,-0.000000,0.856790,0.000000,0.000000,1.000000,0.000000,0.000000,-0.856790,0.000000,0.515665,0.000000,4.650650,0.000000,0.000008,1.000000;;
              }

              Frame Bip001_R_Finger1Nub {
               

               FrameTransformMatrix {
                -1.000000,-0.000000,-0.000000,0.000000,-0.000000,1.000000,-0.000000,0.000000,-0.000000,-0.000000,-1.000000,0.000000,4.650640,0.000000,0.000000,1.000000;;
               }
              }
             }
            }
           }

           Frame Bip001_R_Finger2 {
            

            FrameTransformMatrix {
             0.991522,-0.051672,0.119226,0.000000,0.054546,0.998291,-0.020970,0.000000,-0.117939,0.027295,0.992646,0.000000,11.686767,1.501316,-0.364784,1.000000;;
            }

            Frame Bip001_R_Finger21 {
             

             FrameTransformMatrix {
              0.475816,-0.000000,0.879545,0.000000,-0.000000,1.000000,0.000000,0.000000,-0.879545,0.000000,0.475816,0.000000,4.698440,0.000000,0.000000,1.000000;;
             }

             Frame Bip001_R_Finger22 {
              

              FrameTransformMatrix {
               0.475816,0.000000,0.879545,0.000000,0.000000,1.000000,-0.000000,0.000000,-0.879545,-0.000000,0.475816,0.000000,5.425754,0.000000,0.000000,1.000000;;
              }

              Frame Bip001_R_Finger2Nub {
               

               FrameTransformMatrix {
                -1.000000,0.000000,0.000000,0.000000,0.000000,1.000000,0.000000,0.000000,-0.000000,0.000000,-1.000000,0.000000,5.425754,0.000000,0.000000,1.000000;;
               }
              }
             }
            }
           }

           Frame Bip001_R_Finger3 {
            

            FrameTransformMatrix {
             0.983327,-0.076244,0.165092,0.000000,0.084190,0.995578,-0.041667,0.000000,-0.161185,0.054871,0.985398,0.000000,11.686195,-1.606102,-0.362915,1.000000;;
            }

            Frame Bip001_R_Finger31 {
             

             FrameTransformMatrix {
              0.343195,0.000000,0.939264,0.000000,0.000000,1.000000,-0.000000,0.000000,-0.939264,-0.000000,0.343195,0.000000,4.316551,-0.000002,0.000000,1.000000;;
             }

             Frame Bip001_R_Finger32 {
              

              FrameTransformMatrix {
               0.343195,0.000000,0.939264,0.000000,0.000000,1.000000,0.000000,0.000000,-0.939264,0.000000,0.343195,0.000000,4.650642,0.000000,0.000000,1.000000;;
              }

              Frame Bip001_R_Finger3Nub {
               

               FrameTransformMatrix {
                -1.000000,0.000000,0.000000,0.000000,-0.000000,1.000000,0.000000,0.000000,0.000000,-0.000000,-1.000000,0.000000,4.650642,0.000000,0.000008,1.000000;;
               }
              }
             }
            }
           }

           Frame Bip001_R_Finger4 {
            

            FrameTransformMatrix {
             0.973295,-0.040986,0.225868,0.000000,0.043233,0.999053,-0.005008,0.000000,-0.225449,0.014639,0.974145,0.000000,10.216782,-4.386826,-0.631811,1.000000;;
            }

            Frame Bip001_R_Finger41 {
             

             FrameTransformMatrix {
              0.669056,0.000000,0.743212,0.000000,0.000000,1.000000,0.000000,0.000000,-0.743212,-0.000000,0.669056,0.000000,3.003708,-0.000002,-0.000004,1.000000;;
             }

             Frame Bip001_R_Finger42 {
              

              FrameTransformMatrix {
               0.669056,0.000000,0.743212,0.000000,0.000000,1.000000,0.000000,0.000000,-0.743212,0.000000,0.669056,0.000000,3.003716,0.000000,-0.000008,1.000000;;
              }

              Frame Bip001_R_Finger4Nub {
               

               FrameTransformMatrix {
                -1.000000,0.000000,0.000000,0.000000,-0.000000,1.000000,-0.000000,0.000000,0.000000,0.000000,-1.000000,0.000000,3.003706,0.000002,0.000000,1.000000;;
               }
              }
             }
            }
           }
          }
         }
        }
       }

       Frame Bip001_Head {
        

        FrameTransformMatrix {
         0.977885,0.000000,0.209142,0.000000,-0.000000,1.000000,-0.000000,0.000000,-0.209142,-0.000000,0.977885,0.000000,15.765397,-0.911514,-0.005146,1.000000;;
        }

        Frame Bip001_HeadNub {
         

         FrameTransformMatrix {
          1.000000,0.000000,0.000000,0.000000,-0.000000,1.000000,-0.000000,0.000000,0.000000,0.000000,1.000000,0.000000,29.144013,-0.000000,0.000000,1.000000;;
         }
        }
       }
      }
     }
    }
   }

   Frame Bip001_L_Thigh {
    

    FrameTransformMatrix {
     -0.998773,0.030856,0.038740,0.000000,-0.031817,-0.999195,-0.024441,0.000000,0.037955,-0.025644,0.998950,0.000000,-14.261162,12.401713,0.164194,1.000000;;
    }

    Frame Bip001_L_Calf {
     

     FrameTransformMatrix {
      0.987644,-0.000000,-0.156715,0.000000,0.000000,1.000000,0.000000,0.000000,0.156715,-0.000000,0.987644,0.000000,54.040710,0.000000,0.000000,1.000000;;
     }

     Frame Bip001_L_Foot {
      

      FrameTransformMatrix {
       0.991619,0.006782,0.129020,0.000000,-0.042923,0.959193,0.279474,0.000000,-0.121859,-0.282670,0.951445,0.000000,58.826867,0.000000,-0.000000,1.000000;;
      }

      Frame Bip001_L_Toe0 {
       

       FrameTransformMatrix {
        0.000000,-0.000000,1.000000,0.000000,-0.000000,1.000000,-0.000000,0.000000,-1.000000,-0.000000,0.000000,0.000000,14.261973,-0.000002,18.354526,1.000000;;
       }

       Frame Bip001_L_Toe01 {
        

        FrameTransformMatrix {
         1.000000,-0.000000,-0.000000,0.000000,-0.000000,1.000000,0.000000,0.000000,0.000000,0.000000,1.000000,0.000000,1.860258,0.000000,-0.000000,1.000000;;
        }

        Frame Bip001_L_Toe02 {
         

         FrameTransformMatrix {
          1.000000,-0.000000,-0.000000,0.000000,-0.000000,1.000000,0.000000,0.000000,0.000000,0.000000,1.000000,0.000000,1.860256,0.000000,0.000000,1.000000;;
         }

         Frame Bip001_L_Toe0Nub {
          

          FrameTransformMatrix {
           -1.000000,-0.000000,-0.000000,0.000000,-0.000000,1.000000,-0.000000,0.000000,0.000000,-0.000000,-1.000000,0.000000,1.860258,0.000000,-0.000000,1.000000;;
          }
         }
        }
       }
      }
     }
    }
   }

   Frame Bip001_R_Thigh {
    

    FrameTransformMatrix {
     -0.999111,-0.009918,0.040978,0.000000,0.010599,-0.999809,0.016442,0.000000,0.040807,0.016862,0.999025,0.000000,-14.261170,-12.401706,0.164263,1.000000;;
    }

    Frame Bip001_R_Calf {
     

     FrameTransformMatrix {
      0.986916,0.000000,-0.161233,0.000000,0.000000,1.000000,-0.000000,0.000000,0.161233,-0.000000,0.986916,0.000000,53.736064,-0.000002,0.000000,1.000000;;
     }

     Frame Bip001_R_Foot {
      

      FrameTransformMatrix {
       0.991287,0.014358,0.130933,0.000000,0.022294,0.961410,-0.274214,0.000000,-0.129817,0.274744,0.952714,0.000000,59.151968,0.000001,-0.000000,1.000000;;
      }

      Frame Bip001_R_Toe0 {
       

       FrameTransformMatrix {
        0.000000,0.000000,1.000000,0.000000,-0.000000,1.000000,0.000000,0.000000,-1.000000,-0.000000,-0.000000,0.000000,14.261973,0.000002,18.354526,1.000000;;
       }

       Frame Bip001_R_Toe01 {
        

        FrameTransformMatrix {
         1.000000,0.000000,0.000000,0.000000,0.000000,1.000000,0.000000,0.000000,-0.000000,0.000000,1.000000,0.000000,1.860258,-0.000002,-0.000000,1.000000;;
        }

        Frame Bip001_R_Toe02 {
         

         FrameTransformMatrix {
          1.000000,0.000000,0.000000,0.000000,0.000000,1.000000,0.000000,0.000000,-0.000000,0.000000,1.000000,0.000000,1.860254,0.000000,0.000000,1.000000;;
         }

         Frame Bip001_R_Toe0Nub {
          

          FrameTransformMatrix {
           1.000000,0.000000,0.000000,0.000000,0.000000,1.000000,0.000000,0.000000,-0.000000,0.000000,1.000000,0.000000,1.860258,0.000001,-0.000000,1.000000;;
          }
         }
        }
       }
      }
     }
    }
   }
  }
 }
}

Frame Box001 {
 

 FrameTransformMatrix {
  0.667112,0.000000,0.000000,0.000000,0.000000,0.696682,0.000000,0.000000,0.000000,0.000000,0.492662,0.000000,0.000000,0.000000,0.000000,1.000000;;
 }

 Mesh Box001 {
  24;
  -10.410119;19.259570;109.250189;,
  -13.627083;18.490080;105.332563;,
  -10.667261;18.088851;105.219392;,
  -13.369942;19.660797;109.363354;,
  -10.172780;21.012464;108.204314;,
  -13.389745;20.242973;104.286714;,
  -13.132602;21.413693;108.317491;,
  -10.429922;19.841747;104.173523;,
  -10.410119;19.259570;109.250189;,
  -13.132602;21.413693;108.317491;,
  -13.369942;19.660797;109.363354;,
  -10.172780;21.012464;108.204314;,
  -13.369942;19.660797;109.363354;,
  -13.389745;20.242973;104.286714;,
  -13.627083;18.490080;105.332563;,
  -13.132602;21.413693;108.317491;,
  -13.627083;18.490080;105.332563;,
  -10.429922;19.841747;104.173523;,
  -10.667261;18.088851;105.219392;,
  -13.389745;20.242973;104.286714;,
  -10.667261;18.088851;105.219392;,
  -10.172780;21.012464;108.204314;,
  -10.410119;19.259570;109.250189;,
  -10.429922;19.841747;104.173523;;
  12;
  3;0,1,2;,
  3;1,0,3;,
  3;4,5,6;,
  3;5,4,7;,
  3;8,9,10;,
  3;9,8,11;,
  3;12,13,14;,
  3;13,12,15;,
  3;16,17,18;,
  3;17,16,19;,
  3;20,21,22;,
  3;21,20,23;;

  MeshMaterialList {
   1;
   12;
   0,
   0,
   0,
   0,
   0,
   0,
   0,
   0,
   0,
   0,
   0,
   0;

   Material  {
    0.529412;0.231373;0.031373;1.000000;;
    0.000000;
    0.000000;0.000000;0.000000;;
    0.000000;0.000000;0.000000;;
   }
  }

  DeclData {
   2;
   2;0;3;0;,
   1;0;5;0;;
   120;
   3186749522,
   3212023954,
   1049713724,
   1065353216,
   1065353216,
   3186749522,
   3212023954,
   1049713724,
   0,
   0,
   3186749521,
   3212023954,
   1049713723,
   1065353216,
   0,
   3186749521,
   3212023954,
   1049713723,
   0,
   1065353216,
   1039265757,
   1064540303,
   3197197401,
   0,
   1065353216,
   1039265700,
   1064540306,
   3197197389,
   1065353216,
   0,
   1039265858,
   1064540299,
   3197197420,
   1065353216,
   1065353216,
   1039265599,
   1064540310,
   3197197370,
   0,
   0,
   1036917080,
   1056954376,
   1063010039,
   0,
   1065353216,
   1036917080,
   1056954376,
   1063010039,
   1065353216,
   0,
   1036917080,
   1056954374,
   1063010039,
   1065353216,
   1065353216,
   1036917080,
   1056954374,
   1063010039,
   0,
   0,
   3212652935,
   1041611480,
   1017706587,
   0,
   1065353216,
   3212652935,
   1041611479,
   1017706587,
   1065353216,
   0,
   3212652935,
   1041611479,
   1017706585,
   1065353216,
   1065353216,
   3212652935,
   1041611481,
   1017706588,
   0,
   0,
   3184401014,
   3204437906,
   3210493717,
   0,
   1065353216,
   3184400906,
   3204437949,
   3210493706,
   1065353216,
   0,
   3184400728,
   3204438023,
   3210493687,
   1065353216,
   1065353216,
   3184401191,
   3204437831,
   3210493736,
   0,
   0,
   1065169287,
   3189095130,
   3165190232,
   0,
   1065353216,
   1065169287,
   3189095130,
   3165190232,
   1065353216,
   0,
   1065169287,
   3189095130,
   3165190233,
   1065353216,
   1065353216,
   1065169287,
   3189095130,
   3165190233,
   0,
   0;
  }

  XSkinMeshHeader {
   1;
   1;
   1;
  }

  SkinWeights {
   "Bip001_L_Toe0Nub";
   24;
   0,
   1,
   2,
   3,
   4,
   5,
   6,
   7,
   8,
   9,
   10,
   11,
   12,
   13,
   14,
   15,
   16,
   17,
   18,
   19,
   20,
   21,
   22,
   23;
   1.000000,
   1.000000,
   1.000000,
   1.000000,
   1.000000,
   1.000000,
   1.000000,
   1.000000,
   1.000000,
   1.000000,
   1.000000,
   1.000000,
   1.000000,
   1.000000,
   1.000000,
   1.000000,
   1.000000,
   1.000000,
   1.000000,
   1.000000,
   1.000000,
   1.000000,
   1.000000,
   1.000000;
   0.172611,0.644182,-0.016534,0.000000,-0.004469,-0.016678,-0.696468,0.000000,-0.475874,0.127513,0.000000,0.000000,22.576118,17.396795,-0.187477,1.000000;;
  }
 }
}

AnimTicksPerSecond  {
 4800;
}

AnimationSet Anim1 {
 

 Animation {
  
  { Bip001 }

  AnimationKey S {
   1;
   2;
   0;3;1.000000,1.000000,1.000000;;,
   8960;3;1.000000,1.000000,1.000000;;;
  }

  AnimationKey R {
   0;
   2;
   0;4;0.707105,0.000000,0.707108,0.000000;;,
   8960;4;0.707105,0.000000,0.707108,0.000000;;;
  }

  AnimationKey T {
   2;
   2;
   0;3;-0.000001,126.772954,0.241813;;,
   8960;3;-0.000001,126.772954,0.241813;;;
  }
 }

 Animation {
  
  { Bip001_Pelvis }

  AnimationKey S {
   1;
   2;
   0;3;1.000000,1.000000,1.000000;;,
   8960;3;1.000000,1.000000,1.000000;;;
  }

  AnimationKey R {
   0;
   2;
   0;4;0.500001,-0.499999,-0.500000,-0.500000;;,
   8960;4;0.500001,-0.499999,-0.500000,-0.500000;;;
  }

  AnimationKey T {
   2;
   2;
   0;3;0.000000,0.000000,0.000000;;,
   8960;3;0.000000,0.000000,0.000000;;;
  }
 }

 Animation {
  
  { Bip001_Spine }

  AnimationKey S {
   1;
   2;
   0;3;1.000000,1.000000,1.000000;;,
   8960;3;1.000000,1.000000,1.000000;;;
  }

  AnimationKey R {
   0;
   56;
   0;4;0.999986,-0.000002,0.005308,-0.000001;;,
   160;4;0.999986,-0.000001,0.005250,0.000025;;,
   320;4;0.999987,0.000002,0.005082,0.000098;;,
   480;4;0.999988,0.000007,0.004813,0.000216;;,
   640;4;0.999990,0.000013,0.004451,0.000375;;,
   800;4;0.999992,0.000021,0.004005,0.000571;;,
   960;4;0.999994,0.000030,0.003483,0.000800;;,
   1120;4;0.999995,0.000040,0.002893,0.001059;;,
   1280;4;0.999997,0.000052,0.002243,0.001344;;,
   1440;4;0.999997,0.000064,0.001544,0.001652;;,
   1600;4;0.999998,0.000077,0.000802,0.001977;;,
   1760;4;0.999997,0.000091,0.000026,0.002318;;,
   1920;4;0.999996,0.000105,-0.000776,0.002670;;,
   2080;4;0.999994,0.000119,-0.001594,0.003029;;,
   2240;4;0.999991,0.000134,-0.002420,0.003392;;,
   2400;4;0.999988,0.000148,-0.003247,0.003755;;,
   2560;4;0.999983,0.000162,-0.004065,0.004114;;,
   2720;4;0.999978,0.000176,-0.004866,0.004466;;,
   2880;4;0.999973,0.000190,-0.005642,0.004806;;,
   3040;4;0.999966,0.000203,-0.006384,0.005132;;,
   3200;4;0.999960,0.000215,-0.007084,0.005439;;,
   3360;4;0.999954,0.000227,-0.007733,0.005724;;,
   3520;4;0.999947,0.000237,-0.008323,0.005983;;,
   3680;4;0.999942,0.000246,-0.008845,0.006212;;,
   3840;4;0.999936,0.000254,-0.009292,0.006408;;,
   4000;4;0.999932,0.000261,-0.009654,0.006567;;,
   4160;4;0.999928,0.000265,-0.009923,0.006685;;,
   4320;4;0.999926,0.000268,-0.010090,0.006759;;,
   4640;4;0.999925,0.000269,-0.010148,0.006784;;,
   4800;4;0.999928,0.000265,-0.009923,0.006685;;,
   4960;4;0.999932,0.000261,-0.009654,0.006567;;,
   5120;4;0.999936,0.000254,-0.009292,0.006408;;,
   5280;4;0.999942,0.000246,-0.008845,0.006212;;,
   5440;4;0.999947,0.000237,-0.008323,0.005983;;,
   5600;4;0.999954,0.000227,-0.007733,0.005724;;,
   5760;4;0.999960,0.000215,-0.007084,0.005439;;,
   5920;4;0.999966,0.000203,-0.006384,0.005132;;,
   6080;4;0.999973,0.000190,-0.005642,0.004806;;,
   6240;4;0.999978,0.000176,-0.004866,0.004466;;,
   6400;4;0.999983,0.000162,-0.004065,0.004114;;,
   6560;4;0.999988,0.000148,-0.003247,0.003755;;,
   6720;4;0.999991,0.000134,-0.002420,0.003392;;,
   6880;4;0.999994,0.000119,-0.001594,0.003029;;,
   7040;4;0.999996,0.000105,-0.000776,0.002670;;,
   7200;4;0.999997,0.000091,0.000026,0.002318;;,
   7360;4;0.999998,0.000077,0.000802,0.001977;;,
   7520;4;0.999997,0.000064,0.001544,0.001652;;,
   7680;4;0.999997,0.000052,0.002243,0.001344;;,
   7840;4;0.999995,0.000040,0.002893,0.001059;;,
   8000;4;0.999994,0.000030,0.003483,0.000800;;,
   8160;4;0.999992,0.000021,0.004005,0.000571;;,
   8320;4;0.999990,0.000013,0.004451,0.000375;;,
   8480;4;0.999988,0.000007,0.004813,0.000216;;,
   8640;4;0.999987,0.000002,0.005082,0.000098;;,
   8800;4;0.999986,-0.000001,0.005250,0.000025;;,
   8960;4;0.999986,-0.000002,0.005308,-0.000001;;;
  }

  AnimationKey T {
   2;
   14;
   0;3;14.262115,0.000020,-0.012843;;,
   1440;3;14.262101,0.000020,-0.012843;;,
   1600;3;14.261994,0.000018,-0.012844;;,
   2560;3;14.261963,0.000017,-0.012844;;,
   2720;3;14.261842,0.000016,-0.012843;;,
   3840;3;14.261826,0.000016,-0.012843;;,
   4000;3;14.261718,0.000015,-0.012841;;,
   5920;3;14.261718,0.000015,-0.012841;;,
   6080;3;14.261826,0.000016,-0.012843;;,
   6880;3;14.261842,0.000016,-0.012843;;,
   7040;3;14.261947,0.000017,-0.012844;;,
   7840;3;14.261963,0.000017,-0.012844;;,
   8000;3;14.262070,0.000019,-0.012844;;,
   8960;3;14.262085,0.000019,-0.012843;;;
  }
 }

 Animation {
  
  { Bip001_Spine1 }

  AnimationKey S {
   1;
   2;
   0;3;1.000000,1.000000,1.000000;;,
   8960;3;1.000000,1.000000,1.000000;;;
  }

  AnimationKey R {
   0;
   2;
   0;4;1.000000,-0.000000,0.000000,0.000000;;,
   8960;4;1.000000,0.000000,0.000000,0.000000;;;
  }

  AnimationKey T {
   2;
   2;
   0;3;16.122222,-0.000000,-0.012838;;,
   8960;3;16.122222,-0.000000,-0.012838;;;
  }
 }

 Animation {
  
  { Bip001_Spine2 }

  AnimationKey S {
   1;
   2;
   0;3;1.000000,1.000000,1.000000;;,
   8960;3;1.000000,1.000000,1.000000;;;
  }

  AnimationKey R {
   0;
   10;
   0;4;0.999991,-0.000000,0.004363,-0.000000;;,
   1920;4;0.999991,0.000000,0.004364,-0.000001;;,
   2080;4;0.999990,0.000015,0.004469,-0.000069;;,
   3680;4;0.999990,0.000016,0.004482,-0.000077;;,
   3840;4;0.999990,0.000031,0.004587,-0.000145;;,
   6560;4;0.999989,0.000032,0.004593,-0.000149;;,
   6720;4;0.999990,0.000016,0.004482,-0.000077;;,
   8480;4;0.999990,0.000015,0.004469,-0.000069;;,
   8640;4;0.999991,0.000000,0.004367,-0.000002;;,
   8960;4;0.999991,0.000000,0.004364,-0.000001;;;
  }

  AnimationKey T {
   2;
   2;
   0;3;16.122330,-0.000000,-0.012837;;,
   8960;3;16.122330,-0.000000,-0.012837;;;
  }
 }

 Animation {
  
  { Bip001_Spine3 }

  AnimationKey S {
   1;
   2;
   0;3;1.000000,1.000000,1.000000;;,
   8960;3;1.000000,1.000000,1.000000;;;
  }

  AnimationKey R {
   0;
   10;
   0;4;0.999991,0.000000,0.004363,-0.000000;;,
   1920;4;0.999991,0.000000,0.004364,-0.000001;;,
   2080;4;0.999990,0.000015,0.004469,-0.000069;;,
   3680;4;0.999990,0.000016,0.004482,-0.000077;;,
   3840;4;0.999989,0.000031,0.004587,-0.000145;;,
   6560;4;0.999989,0.000032,0.004593,-0.000149;;,
   6720;4;0.999990,0.000016,0.004482,-0.000077;;,
   8480;4;0.999990,0.000015,0.004469,-0.000069;;,
   8640;4;0.999991,0.000000,0.004367,-0.000002;;,
   8960;4;0.999991,0.000000,0.004364,-0.000001;;;
  }

  AnimationKey T {
   2;
   2;
   0;3;16.122299,-0.000000,-0.012837;;,
   8960;3;16.122315,-0.000000,-0.012837;;;
  }
 }

 Animation {
  
  { Bip001_Neck }

  AnimationKey S {
   1;
   2;
   0;3;1.000000,1.000000,1.000000;;,
   8960;3;1.000000,1.000000,1.000000;;;
  }

  AnimationKey R {
   0;
   2;
   0;4;0.998017,0.000000,-0.062951,0.000000;;,
   8960;4;0.998017,0.000000,-0.062951,0.000000;;;
  }

  AnimationKey T {
   2;
   2;
   0;3;16.121293,-0.000000,-0.007347;;,
   8960;3;16.121277,-0.000000,-0.007347;;;
  }
 }

 Animation {
  
  { Bip001_L_Clavicle }

  AnimationKey S {
   1;
   2;
   0;3;1.000000,1.000000,1.000000;;,
   8960;3;1.000000,1.000000,1.000000;;;
  }

  AnimationKey R {
   0;
   2;
   0;4;-0.044233,0.705722,0.705722,0.044231;;,
   8960;4;-0.044233,0.705722,0.705722,0.044231;;;
  }

  AnimationKey T {
   2;
   2;
   0;3;0.000015,4.340599,0.007395;;,
   8960;3;0.000015,4.340599,0.007395;;;
  }
 }

 Animation {
  
  { Bip001_L_UpperArm }

  AnimationKey S {
   1;
   2;
   0;3;1.000000,1.000000,1.000000;;,
   8960;3;1.000000,1.000000,1.000000;;;
  }

  AnimationKey R {
   0;
   56;
   0;4;0.779430,0.143367,-0.104797,0.600793;;,
   160;4;0.779407,0.143409,-0.104768,0.600818;;,
   320;4;0.779341,0.143532,-0.104685,0.600889;;,
   480;4;0.779235,0.143728,-0.104551,0.601002;;,
   640;4;0.779092,0.143993,-0.104371,0.601155;;,
   800;4;0.778916,0.144319,-0.104148,0.601344;;,
   960;4;0.778710,0.144700,-0.103888,0.601565;;,
   1120;4;0.778476,0.145131,-0.103594,0.601814;;,
   1280;4;0.778219,0.145605,-0.103271,0.602087;;,
   1440;4;0.777942,0.146115,-0.102922,0.602382;;,
   1600;4;0.777647,0.146657,-0.102552,0.602694;;,
   1760;4;0.777338,0.147223,-0.102165,0.603020;;,
   1920;4;0.777019,0.147808,-0.101765,0.603356;;,
   2080;4;0.776692,0.148404,-0.101357,0.603699;;,
   2240;4;0.776361,0.149007,-0.100945,0.604045;;,
   2400;4;0.776030,0.149610,-0.100532,0.604390;;,
   2560;4;0.775702,0.150206,-0.100124,0.604732;;,
   2720;4;0.775379,0.150790,-0.099724,0.605066;;,
   2880;4;0.775067,0.151355,-0.099337,0.605389;;,
   3040;4;0.774768,0.151896,-0.098966,0.605697;;,
   3200;4;0.774485,0.152406,-0.098616,0.605988;;,
   3360;4;0.774222,0.152878,-0.098292,0.606257;;,
   3520;4;0.773983,0.153308,-0.097997,0.606501;;,
   3680;4;0.773771,0.153688,-0.097736,0.606717;;,
   3840;4;0.773590,0.154013,-0.097513,0.606902;;,
   4000;4;0.773443,0.154277,-0.097332,0.607052;;,
   4160;4;0.773333,0.154473,-0.097198,0.607163;;,
   4320;4;0.773265,0.154595,-0.097114,0.607232;;,
   4640;4;0.773242,0.154637,-0.097085,0.607256;;,
   4800;4;0.773333,0.154473,-0.097198,0.607163;;,
   4960;4;0.773443,0.154277,-0.097332,0.607052;;,
   5120;4;0.773590,0.154013,-0.097513,0.606902;;,
   5280;4;0.773771,0.153688,-0.097736,0.606717;;,
   5440;4;0.773983,0.153308,-0.097997,0.606501;;,
   5600;4;0.774222,0.152878,-0.098292,0.606257;;,
   5760;4;0.774485,0.152406,-0.098616,0.605988;;,
   5920;4;0.774767,0.151896,-0.098966,0.605697;;,
   6080;4;0.775067,0.151355,-0.099337,0.605389;;,
   6240;4;0.775379,0.150790,-0.099724,0.605066;;,
   6400;4;0.775702,0.150206,-0.100124,0.604732;;,
   6560;4;0.776030,0.149610,-0.100532,0.604390;;,
   6720;4;0.776361,0.149007,-0.100945,0.604045;;,
   6880;4;0.776692,0.148404,-0.101357,0.603699;;,
   7040;4;0.777019,0.147808,-0.101765,0.603356;;,
   7200;4;0.777338,0.147223,-0.102165,0.603020;;,
   7360;4;0.777647,0.146657,-0.102552,0.602694;;,
   7520;4;0.777942,0.146115,-0.102922,0.602382;;,
   7680;4;0.778219,0.145605,-0.103271,0.602087;;,
   7840;4;0.778476,0.145131,-0.103594,0.601814;;,
   8000;4;0.778710,0.144700,-0.103888,0.601565;;,
   8160;4;0.778916,0.144319,-0.104148,0.601344;;,
   8320;4;0.779092,0.143993,-0.104371,0.601155;;,
   8480;4;0.779235,0.143728,-0.104551,0.601002;;,
   8640;4;0.779341,0.143532,-0.104685,0.600889;;,
   8800;4;0.779407,0.143409,-0.104768,0.600818;;,
   8960;4;0.779430,0.143367,-0.104797,0.600793;;;
  }

  AnimationKey T {
   2;
   2;
   0;3;16.122222,0.000000,0.000000;;,
   8960;3;16.122222,0.000000,0.000000;;;
  }
 }

 Animation {
  
  { Bip001_L_Forearm }

  AnimationKey S {
   1;
   2;
   0;3;1.000000,1.000000,1.000000;;,
   8960;3;1.000000,1.000000,1.000000;;;
  }

  AnimationKey R {
   0;
   2;
   0;4;0.992652,0.000000,-0.121008,0.000000;;,
   8960;4;0.992652,0.000000,-0.121007,-0.000000;;;
  }

  AnimationKey T {
   2;
   2;
   0;3;44.136810,0.000008,0.000000;;,
   8960;3;44.136794,0.000000,0.000000;;;
  }
 }

 Animation {
  
  { Bip001_L_Hand }

  AnimationKey S {
   1;
   2;
   0;3;1.000000,1.000000,1.000000;;,
   8960;3;1.000000,1.000000,1.000000;;;
  }

  AnimationKey R {
   0;
   57;
   0;4;-0.436127,0.899429,0.025776,0.012498;;,
   160;4;-0.436141,0.899436,0.025545,0.012021;;,
   320;4;-0.436154,0.899442,0.025315,0.011546;;,
   480;4;-0.436167,0.899448,0.025082,0.011065;;,
   640;4;-0.436181,0.899454,0.024841,0.010566;;,
   800;4;-0.436196,0.899460,0.024589,0.010047;;,
   960;4;-0.436210,0.899466,0.024330,0.009511;;,
   1120;4;-0.436225,0.899471,0.024066,0.008965;;,
   1280;4;-0.436240,0.899477,0.023797,0.008410;;,
   1440;4;-0.436254,0.899482,0.023524,0.007846;;,
   1600;4;-0.436269,0.899486,0.023246,0.007271;;,
   1760;4;-0.436284,0.899491,0.022964,0.006689;;,
   1920;4;-0.436299,0.899495,0.022681,0.006104;;,
   2080;4;-0.436314,0.899499,0.022395,0.005514;;,
   2240;4;-0.436329,0.899502,0.022107,0.004918;;,
   2400;4;-0.436343,0.899505,0.021817,0.004320;;,
   2560;4;-0.436358,0.899508,0.021528,0.003723;;,
   2720;4;-0.436372,0.899510,0.021239,0.003126;;,
   2880;4;-0.436386,0.899512,0.020949,0.002527;;,
   3040;4;-0.436400,0.899514,0.020661,0.001932;;,
   3200;4;-0.436413,0.899515,0.020375,0.001342;;,
   3360;4;-0.436426,0.899515,0.020092,0.000756;;,
   3520;4;-0.436439,0.899516,0.019810,0.000174;;,
   3680;4;-0.436452,0.899516,0.019532,-0.000400;;,
   3840;4;-0.436464,0.899515,0.019259,-0.000965;;,
   4000;4;-0.436476,0.899514,0.018990,-0.001520;;,
   4160;4;-0.436487,0.899513,0.018725,-0.002066;;,
   4320;4;-0.436498,0.899512,0.018466,-0.002601;;,
   4480;4;-0.436509,0.899510,0.018214,-0.003121;;,
   4640;4;-0.436519,0.899508,0.017969,-0.003627;;,
   4800;4;-0.436529,0.899506,0.017730,-0.004120;;,
   4960;4;-0.436538,0.899504,0.017500,-0.004597;;,
   5120;4;-0.436547,0.899501,0.017278,-0.005054;;,
   5280;4;-0.436559,0.899498,0.016967,-0.005697;;,
   5440;4;-0.436573,0.899492,0.016598,-0.006459;;,
   5600;4;-0.436582,0.899489,0.016371,-0.006926;;,
   5760;4;-0.436577,0.899491,0.016487,-0.006687;;,
   5920;4;-0.436564,0.899496,0.016852,-0.005933;;,
   6080;4;-0.436548,0.899501,0.017238,-0.005137;;,
   6240;4;-0.436532,0.899505,0.017642,-0.004303;;,
   6400;4;-0.436515,0.899509,0.018063,-0.003433;;,
   6560;4;-0.436497,0.899512,0.018500,-0.002531;;,
   6720;4;-0.436477,0.899514,0.018950,-0.001601;;,
   6880;4;-0.436457,0.899516,0.019413,-0.000646;;,
   7040;4;-0.436436,0.899516,0.019886,0.000331;;,
   7200;4;-0.436413,0.899515,0.020368,0.001326;;,
   7360;4;-0.436390,0.899513,0.020857,0.002336;;,
   7520;4;-0.436366,0.899509,0.021351,0.003358;;,
   7680;4;-0.436342,0.899505,0.021850,0.004387;;,
   7840;4;-0.436316,0.899500,0.022350,0.005421;;,
   8000;4;-0.436290,0.899493,0.022851,0.006456;;,
   8160;4;-0.436264,0.899485,0.023351,0.007489;;,
   8320;4;-0.436237,0.899476,0.023848,0.008516;;,
   8480;4;-0.436210,0.899465,0.024341,0.009534;;,
   8640;4;-0.436182,0.899454,0.024828,0.010539;;,
   8800;4;-0.436155,0.899442,0.025306,0.011528;;,
   8960;4;-0.436127,0.899429,0.025776,0.012498;;;
  }

  AnimationKey T {
   2;
   2;
   0;3;37.683373,0.000000,0.000000;;,
   8960;3;37.683373,0.000000,0.000000;;;
  }
 }

 Animation {
  
  { Bip001_L_Finger0 }

  AnimationKey S {
   1;
   2;
   0;3;1.000000,1.000000,1.000000;;,
   8960;3;1.000000,1.000000,1.000000;;;
  }

  AnimationKey R {
   0;
   57;
   0;4;0.847760,0.437652,0.004682,0.299569;;,
   160;4;0.847757,0.437811,0.005132,0.299337;;,
   320;4;0.847754,0.437969,0.005579,0.299106;;,
   480;4;0.847751,0.438129,0.006032,0.298872;;,
   640;4;0.847748,0.438295,0.006502,0.298629;;,
   800;4;0.847744,0.438467,0.006992,0.298376;;,
   960;4;0.847740,0.438645,0.007496,0.298115;;,
   1120;4;0.847735,0.438826,0.008011,0.297848;;,
   1280;4;0.847730,0.439009,0.008534,0.297578;;,
