xof 0303txt 0032
template Frame {
 <3d82ab46-62da-11cf-ab39-0020af71e433>
 [...]
}

template Matrix4x4 {
 <f6f23f45-7686-11cf-8f52-0040333594a3>
 array FLOAT matrix[16];
}

template FrameTransformMatrix {
 <f6f23f41-7686-11cf-8f52-0040333594a3>
 Matrix4x4 frameMatrix;
}

template Vector {
 <3d82ab5e-62da-11cf-ab39-0020af71e433>
 FLOAT x;
 FLOAT y;
 FLOAT z;
}

template MeshFace {
 <3d82ab5f-62da-11cf-ab39-0020af71e433>
 DWORD nFaceVertexIndices;
 array DWORD faceVertexIndices[nFaceVertexIndices];
}

template Mesh {
 <3d82ab44-62da-11cf-ab39-0020af71e433>
 DWORD nVertices;
 array Vector vertices[nVertices];
 DWORD nFaces;
 array MeshFace faces[nFaces];
 [...]
}

template ColorRGBA {
 <35ff44e0-6c7c-11cf-8f52-0040333594a3>
 FLOAT red;
 FLOAT green;
 FLOAT blue;
 FLOAT alpha;
}

template ColorRGB {
 <d3e16e81-7835-11cf-8f52-0040333594a3>
 FLOAT red;
 FLOAT green;
 FLOAT blue;
}

template Material {
 <3d82ab4d-62da-11cf-ab39-0020af71e433>
 ColorRGBA faceColor;
 FLOAT power;
 ColorRGB specularColor;
 ColorRGB emissiveColor;
 [...]
}

template MeshMaterialList {
 <f6f23f42-7686-11cf-8f52-0040333594a3>
 DWORD nMaterials;
 DWORD nFaceIndexes;
 array DWORD faceIndexes[nFaceIndexes];
 [Material <3d82ab4d-62da-11cf-ab39-0020af71e433>]
}

template VertexElement {
 <f752461c-1e23-48f6-b9f8-8350850f336f>
 DWORD Type;
 DWORD Method;
 DWORD Usage;
 DWORD UsageIndex;
}

template DeclData {
 <bf22e553-292c-4781-9fea-62bd554bdd93>
 DWORD nElements;
 array VertexElement Elements[nElements];
 DWORD nDWords;
 array DWORD data[nDWords];
}

template XSkinMeshHeader {
 <3cf169ce-ff7c-44ab-93c0-f78f62d172e2>
 WORD nMaxSkinWeightsPerVertex;
 WORD nMaxSkinWeightsPerFace;
 WORD nBones;
}

template SkinWeights {
 <6f0d123b-bad2-4167-a0d0-80224f25fabb>
 STRING transformNodeName;
 DWORD nWeights;
 array DWORD vertexIndices[nWeights];
 array FLOAT weights[nWeights];
 Matrix4x4 matrixOffset;
}

template AnimTicksPerSecond {
 <9e415a43-7ba6-4a73-8743-b73d47e88476>
 DWORD AnimTicksPerSecond;
}

template Animation {
 <3d82ab4f-62da-11cf-ab39-0020af71e433>
 [...]
}

template AnimationSet {
 <3d82ab50-62da-11cf-ab39-0020af71e433>
 [Animation <3d82ab4f-62da-11cf-ab39-0020af71e433>]
}

template FloatKeys {
 <10dd46a9-775b-11cf-8f52-0040333594a3>
 DWORD nValues;
 array FLOAT values[nValues];
}

template TimedFloatKeys {
 <f406b180-7b3b-11cf-8f52-0040333594a3>
 DWORD time;
 FloatKeys tfkeys;
}

template AnimationKey {
 <10dd46a8-775b-11cf-8f52-0040333594a3>
 DWORD keyType;
 DWORD nKeys;
 array TimedFloatKeys keys[nKeys];
}


Frame Bip001 {
 

 FrameTransformMatrix {
  -0.000000,0.000000,1.000000,0.000000,0.000000,1.000000,-0.000000,0.000000,-1.000000,0.000000,-0.000000,0.000000,0.000000,125.064973,0.000000,1.000000;;
 }

 Frame Bip001_Pelvis {
  

  FrameTransformMatrix {
   0.000000,0.998679,-0.051390,0.000000,-0.000001,0.051390,0.998679,0.000000,1.000000,0.000000,0.000001,0.000000,0.000000,0.000000,0.000000,1.000000;;
  }

  Frame Bip001_Spine {
   

   FrameTransformMatrix {
    0.999021,0.000050,0.044234,0.000000,-0.000002,0.999999,-0.001105,0.000000,-0.044234,0.001104,0.999021,0.000000,14.243698,0.732907,-0.012830,1.000000;;
   }

   Frame Bip001_Spine1 {
    

    FrameTransformMatrix {
     0.997640,0.058757,-0.035528,0.000000,-0.056161,0.995957,0.070110,0.000000,0.039503,-0.067949,0.996906,0.000000,16.121720,0.000872,-0.012797,1.000000;;
    }

    Frame Bip001_Spine2 {
     

     FrameTransformMatrix {
      0.998965,0.041254,-0.019155,0.000000,-0.039562,0.995880,0.081602,0.000000,0.022442,-0.080760,0.996481,0.000000,16.121918,0.001037,-0.012792,1.000000;;
     }

     Frame Bip001_Spine3 {
      

      FrameTransformMatrix {
       0.997409,-0.049661,0.052058,0.000000,0.047758,0.998167,0.037180,0.000000,-0.053809,-0.034598,0.997952,0.000000,16.122909,0.000444,-0.012812,1.000000;;
      }

      Frame Bip001_Neck {
       

       FrameTransformMatrix {
        0.926787,0.000001,0.375587,0.000000,-0.000001,1.000000,-0.000000,0.000000,-0.375587,-0.000000,0.926787,0.000000,16.124984,-0.000000,-0.006866,1.000000;;
       }

       Frame Bip001_L_Clavicle {
        

        FrameTransformMatrix {
         -0.205035,0.961894,-0.180888,0.000000,0.908269,0.118126,-0.401366,0.000000,-0.364704,-0.246589,-0.897878,0.000000,-0.000015,4.340600,0.007401,1.000000;;
        }

        Frame Bip001_L_UpperArm {
         

         FrameTransformMatrix {
          0.372062,-0.906578,0.199215,0.000000,0.921045,0.333974,-0.200345,0.000000,0.115095,0.258027,0.959258,0.000000,16.122221,0.000015,0.000000,1.000000;;
         }

         Frame Bip001_L_Forearm {
          

          FrameTransformMatrix {
           0.864635,0.000000,-0.502401,0.000000,-0.000000,1.000000,0.000000,0.000000,0.502401,-0.000000,0.864635,0.000000,44.136794,0.000000,0.000000,1.000000;;
          }

          Frame Bip001_L_Hand {
           

           FrameTransformMatrix {
            0.994184,-0.020071,0.105808,0.000000,-0.105830,-0.000036,0.994384,0.000000,-0.019954,-0.999799,-0.002160,0.000000,37.683366,0.000000,0.000004,1.000000;;
           }

           Frame Bip001_L_Finger0 {
            

            FrameTransformMatrix {
             0.820473,-0.503828,0.270153,0.000000,0.512024,0.437437,-0.739243,0.000000,0.254276,0.744853,0.616877,0.000000,4.289879,-5.456856,2.394806,1.000000;;
            }

            Frame Bip001_L_Finger01 {
             

             FrameTransformMatrix {
              0.907754,-0.000000,0.419503,0.000000,-0.000000,1.000000,0.000000,0.000000,-0.419503,0.000000,0.907754,0.000000,3.875534,-0.000004,0.000000,1.000000;;
             }

             Frame Bip001_L_Finger02 {
              

              FrameTransformMatrix {
               0.996929,0.000000,0.078305,0.000000,0.000000,1.000000,-0.000000,0.000000,-0.078305,-0.000000,0.996929,0.000000,3.875549,0.000006,0.000000,1.000000;;
              }

              Frame Bip001_L_Finger0Nub {
               

               FrameTransformMatrix {
                1.000000,0.000000,0.000000,0.000000,0.000000,1.000000,-0.000000,0.000000,-0.000000,-0.000000,1.000000,0.000000,3.875526,-0.000004,-0.000002,1.000000;;
               }
              }
             }
            }
           }

           Frame Bip001_L_Finger1 {
            

            FrameTransformMatrix {
             0.922315,0.000308,-0.386438,0.000000,0.000000,1.000000,0.000796,0.000000,0.386438,-0.000734,0.922315,0.000000,11.734276,-5.461199,-0.417755,1.000000;;
            }

            Frame Bip001_L_Finger11 {
             

             FrameTransformMatrix {
              0.960356,-0.000000,0.278777,0.000000,-0.000000,1.000000,0.000000,0.000000,-0.278777,-0.000000,0.960356,0.000000,4.650642,0.000001,-0.000008,1.000000;;
             }

             Frame Bip001_L_Finger12 {
              

              FrameTransformMatrix {
               0.999061,0.000000,0.043333,0.000000,0.000000,1.000000,-0.000000,0.000000,-0.043333,-0.000000,0.999061,0.000000,4.650650,0.000001,0.000000,1.000000;;
              }

              Frame Bip001_L_Finger1Nub {
               

               FrameTransformMatrix {
                1.000000,0.000000,0.000000,0.000000,0.000000,1.000000,-0.000000,0.000000,0.000000,0.000000,1.000000,0.000000,4.650650,-0.000001,0.000008,1.000000;;
               }
              }
             }
            }
           }

           Frame Bip001_L_Finger2 {
            

            FrameTransformMatrix {
             0.913055,0.058367,-0.403637,0.000000,-0.054546,0.998291,0.020970,0.000000,0.404172,0.002870,0.914679,0.000000,11.686767,-1.501313,-0.364780,1.000000;;
            }

            Frame Bip001_L_Finger21 {
             

             FrameTransformMatrix {
              0.956157,-0.000000,0.292854,0.000000,0.000000,1.000000,-0.000000,0.000000,-0.292854,0.000000,0.956157,0.000000,4.698433,0.000000,0.000000,1.000000;;
             }

             Frame Bip001_L_Finger22 {
              

              FrameTransformMatrix {
               0.990764,0.000000,0.135598,0.000000,0.000000,1.000000,0.000000,0.000000,-0.135598,-0.000000,0.990764,0.000000,5.425751,0.000000,0.000000,1.000000;;
              }

              Frame Bip001_L_Finger2Nub {
               

               FrameTransformMatrix {
                1.000000,0.000000,0.000000,0.000000,-0.000000,1.000000,0.000000,0.000000,0.000000,0.000000,1.000000,0.000000,5.425751,0.000000,-0.000004,1.000000;;
               }
              }
             }
            }
           }

           Frame Bip001_L_Finger3 {
            

            FrameTransformMatrix {
             0.895635,0.093934,-0.434758,0.000000,-0.084190,0.995578,0.041667,0.000000,0.436749,-0.000716,0.899583,0.000000,11.686203,1.606098,-0.362915,1.000000;;
            }

            Frame Bip001_L_Finger31 {
             

             FrameTransformMatrix {
              0.976002,0.000000,0.217763,0.000000,0.000000,1.000000,0.000000,0.000000,-0.217763,0.000000,0.976002,0.000000,4.316544,0.000000,-0.000008,1.000000;;
             }

             Frame Bip001_L_Finger32 {
              

              FrameTransformMatrix {
               0.912644,-0.000000,0.408755,0.000000,0.000000,1.000000,0.000000,0.000000,-0.408755,0.000000,0.912644,0.000000,4.650642,-0.000000,-0.000008,1.000000;;
              }

              Frame Bip001_L_Finger3Nub {
               

               FrameTransformMatrix {
                1.000000,0.000000,0.000000,0.000000,0.000000,1.000000,-0.000000,0.000000,0.000000,0.000000,1.000000,0.000000,4.650650,0.000000,0.000000,1.000000;;
               }
              }
             }
            }
           }

           Frame Bip001_L_Finger4 {
            

            FrameTransformMatrix {
             0.995318,0.043504,-0.086311,0.000000,-0.043233,0.999053,0.005008,0.000000,0.086447,-0.001253,0.996256,0.000000,10.216790,4.386828,-0.631805,1.000000;;
            }

            Frame Bip001_L_Finger41 {
             

             FrameTransformMatrix {
              0.969088,-0.000000,0.246715,0.000000,-0.000000,1.000000,0.000000,0.000000,-0.246715,0.000000,0.969088,0.000000,3.003708,-0.000001,0.000000,1.000000;;
             }

             Frame Bip001_L_Finger42 {
              

              FrameTransformMatrix {
               0.921500,0.000000,0.388379,0.000000,-0.000000,1.000000,-0.000000,0.000000,-0.388379,-0.000000,0.921500,0.000000,3.003700,0.000001,0.000000,1.000000;;
              }

              Frame Bip001_L_Finger4Nub {
               

               FrameTransformMatrix {
                1.000000,0.000000,0.000000,0.000000,0.000000,1.000000,0.000000,0.000000,0.000000,-0.000000,1.000000,0.000000,3.003708,0.000001,0.000000,1.000000;;
               }
              }
             }
            }
           }
          }
         }
        }
       }

       Frame Bip001_R_Clavicle {
        

        FrameTransformMatrix {
         -0.089295,-0.995138,-0.041566,0.000000,-0.922576,0.066913,0.379969,0.000000,-0.375341,0.072277,-0.924065,0.000000,0.000000,-4.340599,0.007416,1.000000;;
        }

        Frame Bip001_R_UpperArm {
         

         FrameTransformMatrix {
          0.402332,0.899959,0.167938,0.000000,-0.896336,0.349897,0.272313,0.000000,0.186309,-0.260089,0.947440,0.000000,16.122221,0.000000,0.000000,1.000000;;
         }

         Frame Bip001_R_Forearm {
          

          FrameTransformMatrix {
           0.806022,0.000000,-0.591886,0.000000,0.000000,1.000000,0.000000,0.000000,0.591886,0.000000,0.806022,0.000000,44.136826,0.000008,0.000000,1.000000;;
          }

          Frame Bip001_R_Hand {
           

           FrameTransformMatrix {
            0.994184,0.020071,0.105808,0.000000,0.105830,-0.000036,-0.994384,0.000000,-0.019954,0.999799,-0.002160,0.000000,37.683373,0.000000,0.000000,1.000000;;
           }

           Frame Bip001_R_Finger0 {
            

            FrameTransformMatrix {
             0.819792,0.208733,0.533265,0.000000,-0.571953,0.252143,0.780572,0.000000,0.028472,-0.944910,0.326090,0.000000,4.289879,5.456852,2.394806,1.000000;;
            }

            Frame Bip001_R_Finger01 {
             

             FrameTransformMatrix {
              0.908864,-0.000000,0.417094,0.000000,0.000000,1.000000,0.000000,0.000000,-0.417093,0.000000,0.908863,0.000000,3.875534,0.000004,-0.000004,1.000000;;
             }

             Frame Bip001_R_Finger02 {
              

              FrameTransformMatrix {
               0.979855,0.000000,0.199710,0.000000,0.000000,1.000000,-0.000000,0.000000,-0.199710,-0.000000,0.979855,0.000000,3.875542,-0.000004,0.000000,1.000000;;
              }

              Frame Bip001_R_Finger0Nub {
               

               FrameTransformMatrix {
                -1.000000,0.000000,0.000000,0.000000,0.000000,1.000000,0.000000,0.000000,-0.000000,0.000000,-1.000000,0.000000,3.875542,0.000008,0.000000,1.000000;;
               }
              }
             }
            }
           }

           Frame Bip001_R_Finger1 {
            

            FrameTransformMatrix {
             0.999481,0.000026,0.032221,0.000000,0.000000,1.000000,-0.000796,0.000000,-0.032221,0.000796,0.999480,0.000000,11.734268,5.461199,-0.417755,1.000000;;
            }

            Frame Bip001_R_Finger11 {
             

             FrameTransformMatrix {
              0.361810,0.000000,0.932252,0.000000,0.000000,1.000000,-0.000000,0.000000,-0.932252,0.000000,0.361810,0.000000,4.650642,0.000000,0.000008,1.000000;;
             }

             Frame Bip001_R_Finger12 {
              

              FrameTransformMatrix {
               0.300231,0.000000,0.953867,0.000000,0.000000,1.000000,0.000000,0.000000,-0.953867,0.000000,0.300231,0.000000,4.650642,0.000002,0.000000,1.000000;;
              }

              Frame Bip001_R_Finger1Nub {
               

               FrameTransformMatrix {
                -1.000000,0.000000,-0.000000,0.000000,0.000000,1.000000,0.000000,0.000000,0.000000,-0.000000,-1.000000,0.000000,4.650642,-0.000002,0.000000,1.000000;;
               }
              }
             }
            }
           }

           Frame Bip001_R_Finger2 {
            

            FrameTransformMatrix {
             0.998501,-0.054439,0.005635,0.000000,0.054546,0.998291,-0.020970,0.000000,-0.004483,0.021246,0.999764,0.000000,11.686767,1.501312,-0.364777,1.000000;;
            }

            Frame Bip001_R_Finger21 {
             

             FrameTransformMatrix {
              0.348076,0.000000,0.937466,0.000000,0.000000,1.000000,0.000000,0.000000,-0.937466,0.000000,0.348076,0.000000,4.698433,0.000000,0.000008,1.000000;;
             }

             Frame Bip001_R_Finger22 {
              

              FrameTransformMatrix {
               0.030602,0.000000,0.999532,0.000000,0.000000,1.000000,0.000000,0.000000,-0.999532,0.000000,0.030602,0.000000,5.425743,0.000000,0.000000,1.000000;;
              }

              Frame Bip001_R_Finger2Nub {
               

               FrameTransformMatrix {
                -1.000000,0.000000,0.000000,0.000000,-0.000000,1.000000,-0.000000,0.000000,-0.000000,0.000000,-1.000000,0.000000,5.425762,0.000000,0.000008,1.000000;;
               }
              }
             }
            }
           }

           Frame Bip001_R_Finger3 {
            

            FrameTransformMatrix {
             0.995686,-0.085688,-0.035586,0.000000,0.084190,0.995578,-0.041667,0.000000,0.038999,0.038491,0.998498,0.000000,11.686203,-1.606100,-0.362907,1.000000;;
            }

            Frame Bip001_R_Finger31 {
             

             FrameTransformMatrix {
              0.419784,-0.000000,0.907624,0.000000,0.000000,1.000000,0.000000,0.000000,-0.907624,0.000000,0.419784,0.000000,4.316551,-0.000002,0.000000,1.000000;;
             }

             Frame Bip001_R_Finger32 {
              

              FrameTransformMatrix {
               0.000102,0.000000,1.000000,0.000000,0.000000,1.000000,0.000000,0.000000,-1.000000,-0.000000,0.000102,0.000000,4.650650,0.000000,-0.000004,1.000000;;
              }

              Frame Bip001_R_Finger3Nub {
               

               FrameTransformMatrix {
                -1.000000,0.000000,0.000000,0.000000,0.000000,1.000000,-0.000000,0.000000,0.000000,-0.000000,-1.000000,0.000000,4.650642,0.000001,0.000000,1.000000;;
               }
              }
             }
            }
           }

           Frame Bip001_R_Finger4 {
            

            FrameTransformMatrix {
             0.964643,-0.040438,0.260439,0.000000,0.043233,0.999053,-0.005008,0.000000,-0.259990,0.016090,0.965477,0.000000,10.216790,-4.386829,-0.631805,1.000000;;
            }

            Frame Bip001_R_Finger41 {
             

             FrameTransformMatrix {
              0.392584,-0.000000,0.919716,0.000000,0.000000,1.000000,-0.000000,0.000000,-0.919716,-0.000000,0.392584,0.000000,3.003708,-0.000001,-0.000004,1.000000;;
             }

             Frame Bip001_R_Finger42 {
              

              FrameTransformMatrix {
               0.022317,0.000000,0.999751,0.000000,0.000000,1.000000,0.000000,0.000000,-0.999751,-0.000000,0.022317,0.000000,3.003716,0.000002,0.000000,1.000000;;
              }

              Frame Bip001_R_Finger4Nub {
               

               FrameTransformMatrix {
                -1.000000,-0.000000,-0.000000,0.000000,-0.000000,1.000001,-0.000000,0.000000,-0.000000,-0.000000,-1.000000,0.000000,3.003716,-0.000001,0.000000,1.000000;;
               }
              }
             }
            }
           }
          }
         }
        }
       }

       Frame Bip001_Head {
        

        FrameTransformMatrix {
         0.976975,0.084540,-0.195888,0.000000,-0.126380,0.969042,-0.212098,0.000000,0.171893,0.231971,0.957414,0.000000,15.765381,-0.911514,-0.005142,1.000000;;
        }

        Frame Bip001_HeadNub {
         

         FrameTransformMatrix {
          1.000000,0.000000,0.000000,0.000000,-0.000000,1.000000,0.000000,0.000000,0.000000,0.000000,1.000000,0.000000,29.144013,0.000000,0.000000,1.000000;;
         }
        }
       }
      }
     }
    }
   }

   Frame Bip001_L_Thigh {
    

    FrameTransformMatrix {
     -0.979153,0.039178,0.199313,0.000000,0.033901,-0.935942,0.350520,0.000000,0.200278,0.349969,0.915101,0.000000,-14.228606,11.668802,0.655772,1.000000;;
    }

    Frame Bip001_L_Calf {
     

     FrameTransformMatrix {
      0.937207,0.000000,-0.348775,0.000000,-0.000000,1.000000,0.000000,0.000000,0.348775,-0.000000,0.937207,0.000000,54.040717,-0.000001,0.000000,1.000000;;
     }

     Frame Bip001_L_Foot {
      

      FrameTransformMatrix {
       0.983797,0.040002,0.174768,0.000000,-0.043329,0.998944,0.015265,0.000000,-0.173973,-0.022590,0.984491,0.000000,58.826854,0.000000,-0.000002,1.000000;;
      }

      Frame Bip001_L_Toe0 {
       

       FrameTransformMatrix {
        -0.000000,0.000000,1.000000,0.000000,-0.000000,1.000000,0.000000,0.000000,-1.000000,-0.000000,0.000000,0.000000,14.261973,0.000001,18.354530,1.000000;;
       }

       Frame Bip001_L_Toe01 {
        

        FrameTransformMatrix {
         1.000000,0.000000,0.000000,0.000000,0.000000,1.000000,0.000000,0.000000,-0.000000,0.000000,1.000000,0.000000,1.860256,0.000002,0.000000,1.000000;;
        }

        Frame Bip001_L_Toe02 {
         

         FrameTransformMatrix {
          1.000000,0.000000,0.000000,0.000000,0.000000,1.000000,0.000000,0.000000,-0.000000,0.000000,1.000000,0.000000,1.860258,-0.000001,0.000000,1.000000;;
         }

         Frame Bip001_L_Toe0Nub {
          

          FrameTransformMatrix {
           -1.000000,-0.000000,0.000000,0.000000,-0.000000,1.000000,-0.000000,0.000000,-0.000000,-0.000000,-1.000000,0.000000,1.860256,-0.000001,0.000000,1.000000;;
          }
         }
        }
       }
      }
     }
    }
   }

   Frame Bip001_R_Thigh {
    

    FrameTransformMatrix {
     -0.972750,-0.195381,0.124835,0.000000,0.127961,-0.901390,-0.413670,0.000000,0.193348,-0.386424,0.901828,0.000000,-14.229835,-13.134601,0.628359,1.000000;;
    }

    Frame Bip001_R_Calf {
     

     FrameTransformMatrix {
      0.928196,0.000000,-0.372091,0.000000,0.000000,1.000000,-0.000000,0.000000,0.372091,0.000000,0.928196,0.000000,53.736070,0.000000,-0.000002,1.000000;;
     }

     Frame Bip001_R_Foot {
      

      FrameTransformMatrix {
       0.959209,-0.117249,0.257238,0.000000,0.143780,0.985795,-0.086813,0.000000,-0.243405,0.120258,0.962440,0.000000,59.151949,-0.000004,0.000001,1.000000;;
      }

      Frame Bip001_R_Toe0 {
       

       FrameTransformMatrix {
        0.000000,0.000000,1.000000,0.000000,-0.000000,1.000000,0.000000,0.000000,-1.000000,-0.000000,0.000000,0.000000,14.261971,-0.000002,18.354526,1.000000;;
       }

       Frame Bip001_R_Toe01 {
        

        FrameTransformMatrix {
         1.000000,0.000000,0.000000,0.000000,0.000000,1.000000,0.000000,0.000000,-0.000000,-0.000000,1.000000,0.000000,1.860258,0.000002,0.000000,1.000000;;
        }

        Frame Bip001_R_Toe02 {
         

         FrameTransformMatrix {
          1.000000,0.000000,0.000000,0.000000,0.000000,1.000000,0.000000,0.000000,-0.000000,-0.000000,1.000000,0.000000,1.860256,-0.000002,-0.000000,1.000000;;
         }

         Frame Bip001_R_Toe0Nub {
          

          FrameTransformMatrix {
           1.000000,0.000000,0.000000,0.000000,0.000000,1.000000,0.000000,0.000000,-0.000000,-0.000000,1.000000,0.000000,1.860254,0.000000,-0.000000,1.000000;;
          }
         }
        }
       }
      }
     }
    }
   }
  }
 }
}

Frame Box001 {
 

 FrameTransformMatrix {
  0.667112,0.000000,0.000000,0.000000,0.000000,0.696682,0.000000,0.000000,0.000000,0.000000,0.492662,0.000000,0.000000,0.000000,0.000000,1.000000;;
 }

 Mesh Box001 {
  24;
  -19.938200;20.040574;118.513754;,
  -22.750731;19.161672;114.102579;,
  -19.789789;18.860504;114.478374;,
  -22.899141;20.341744;118.137958;,
  -19.673045;21.800022;117.502720;,
  -22.485574;20.921122;113.091571;,
  -22.633986;22.101190;117.126925;,
  -19.524629;20.619954;113.467366;,
  -19.938200;20.040574;118.513754;,
  -22.633986;22.101190;117.126925;,
  -22.899141;20.341744;118.137958;,
  -19.673045;21.800022;117.502720;,
  -22.899141;20.341744;118.137958;,
  -22.485574;20.921122;113.091571;,
  -22.750731;19.161672;114.102579;,
  -22.633986;22.101190;117.126925;,
  -22.750731;19.161672;114.102579;,
  -19.524629;20.619954;113.467366;,
  -19.789789;18.860504;114.478374;,
  -22.485574;20.921122;113.091571;,
  -19.789789;18.860504;114.478374;,
  -19.673045;21.800022;117.502720;,
  -19.938200;20.040574;118.513754;,
  -19.524629;20.619954;113.467366;;
  12;
  3;0,1,2;,
  3;1,0,3;,
  3;4,5,6;,
  3;5,4,7;,
  3;8,9,10;,
  3;9,8,11;,
  3;12,13,14;,
  3;13,12,15;,
  3;16,17,18;,
  3;17,16,19;,
  3;20,21,22;,
  3;21,20,23;;

  MeshMaterialList {
   1;
   12;
   0,
   0,
   0,
   0,
   0,
   0,
   0,
   0,
   0,
   0,
   0,
   0;

   Material  {
    0.529412;0.231373;0.031373;1.000000;;
    0.000000;
    0.000000;0.000000;0.000000;;
    0.000000;0.000000;0.000000;;
   }
  }

  DeclData {
   2;
   2;0;3;0;,
   1;0;5;0;;
   120;
   3188117518,
   3212044006,
   1049373599,
   1065353216,
   1065353216,
   3188117518,
   3212044006,
   1049373599,
   0,
   0,
   3188117518,
   3212044006,
   1049373599,
   1065353216,
   0,
   3188117518,
   3212044006,
   1049373599,
   0,
   1065353216,
   1040633869,
   1064560356,
   3196857263,
   0,
   1065353216,
   1040633865,
   1064560356,
   3196857262,
   1065353216,
   0,
   1040633873,
   1064560356,
   3196857264,
   1065353216,
   1065353216,
   1040633861,
   1064560356,
   3196857262,
   0,
   0,
   3178105033,
   1057031011,
   1063034117,
   0,
   1065353216,
   3178105033,
   1057031011,
   1063034117,
   1065353216,
   0,
   3178105032,
   1057031011,
   1063034117,
   1065353216,
   1065353216,
   3178105032,
   1057031011,
   1063034117,
   0,
   0,
   3212695262,
   1038173278,
   3180105575,
   0,
   1065353216,
   3212695261,
   1038173303,
   3180105571,
   1065353216,
   0,
   3212695261,
   1038173323,
   3180105568,
   1065353216,
   1065353216,
   3212695262,
   1038173257,
   3180105577,
   0,
   0,
   1030621647,
   3204514560,
   3210517822,
   0,
   1065353216,
   1030621650,
   3204514560,
   3210517822,
   1065353216,
   0,
   1030621656,
   3204514561,
   3210517822,
   1065353216,
   1065353216,
   1030621639,
   3204514560,
   3210517823,
   0,
   0,
   1065211610,
   3185657077,
   1032622064,
   0,
   1065353216,
   1065211613,
   3185656976,
   1032621964,
   1065353216,
   0,
   1065211614,
   3185656916,
   1032621905,
   1065353216,
   1065353216,
   1065211609,
   3185657137,
   1032622122,
   0,
   0;
  }

  XSkinMeshHeader {
   1;
   1;
   1;
  }

  SkinWeights {
   "Bip001_L_Toe0Nub";
   24;
   0,
   1,
   2,
   3,
   4,
   5,
   6,
   7,
   8,
   9,
   10,
   11,
   12,
   13,
   14,
   15,
   16,
   17,
   18,
   19,
   20,
   21,
   22,
   23;
   1.000000,
   1.000000,
   1.000000,
   1.000000,
   1.000000,
   1.000000,
   1.000000,
   1.000000,
   1.000000,
   1.000000,
   1.000000,
   1.000000,
   1.000000,
   1.000000,
   1.000000,
   1.000000,
   1.000000,
   1.000000,
   1.000000,
   1.000000,
   1.000000,
   1.000000,
   1.000000,
   1.000000;
   0.249489,0.618665,0.006880,0.000000,0.001553,0.007122,-0.696644,0.000000,-0.456911,0.184249,0.000865,0.000000,27.797229,14.656654,0.566785,1.000000;;
  }
 }
}

AnimTicksPerSecond  {
 4800;
}

AnimationSet Anim1 {
 

 Animation {
  
  { Bip001 }

  AnimationKey S {
   1;
   2;
   0;3;1.000000,1.000000,1.000000;;,
   38400;3;1.000000,1.000000,1.000000;;;
  }

  AnimationKey R {
   0;
   241;
   0;4;0.707107,0.000000,0.707107,-0.000000;;,
   160;4;0.706738,-0.001300,0.707473,0.001294;;,
   320;4;0.706311,-0.002726,0.707891,0.002714;;,
   480;4;0.705909,-0.004089,0.708279,0.004071;;,
   640;4;0.705615,-0.005198,0.708558,0.005175;;,
   800;4;0.705512,-0.005861,0.708650,0.005837;;,
   960;4;0.705601,-0.006119,0.708557,0.006096;;,
   1120;4;0.705803,-0.006172,0.708355,0.006153;;,
   1280;4;0.706082,-0.006069,0.708078,0.006054;;,
   1440;4;0.706404,-0.005857,0.707761,0.005847;;,
   1600;4;0.706732,-0.005586,0.707438,0.005581;;,
   1760;4;0.707031,-0.005303,0.707143,0.005303;;,
   1920;4;0.707267,-0.005057,0.706911,0.005061;;,
   2080;4;0.707403,-0.004896,0.706777,0.004903;;,
   2240;4;0.707386,-0.004796,0.706795,0.004802;;,
   2400;4;0.707226,-0.004702,0.706956,0.004706;;,
   2560;4;0.706983,-0.004623,0.707200,0.004624;;,
   2720;4;0.706719,-0.004565,0.707465,0.004562;;,
   2880;4;0.706493,-0.004534,0.707691,0.004528;;,
   3040;4;0.706329,-0.004479,0.707855,0.004472;;,
   3200;4;0.706193,-0.004385,0.707992,0.004377;;,
   3360;4;0.706055,-0.004306,0.708131,0.004298;;,
   3520;4;0.705889,-0.004300,0.708297,0.004291;;,
   3680;4;0.705665,-0.004423,0.708518,0.004410;;,
   3840;4;0.705356,-0.004732,0.708822,0.004712;;,
   4000;4;0.704964,-0.005282,0.709204,0.005250;;,
   4160;4;0.704520,-0.006044,0.709633,0.005996;;,
   4320;4;0.704036,-0.006946,0.710097,0.006880;;,
   4480;4;0.703525,-0.007918,0.710583,0.007833;;,
   4640;4;0.703001,-0.008890,0.711079,0.008786;;,
   4800;4;0.702477,-0.009790,0.711573,0.009668;;,
   4960;4;0.701968,-0.010549,0.712054,0.010411;;,
   5120;4;0.701487,-0.011096,0.712512,0.010945;;,
   5280;4;0.701049,-0.011360,0.712935,0.011201;;,
   5440;4;0.700668,-0.011270,0.713312,0.011109;;,
   5600;4;0.700366,-0.010747,0.713625,0.010589;;,
   5760;4;0.700138,-0.009817,0.713874,0.009670;;,
   5920;4;0.699963,-0.008575,0.714078,0.008443;;,
   6080;4;0.699817,-0.007112,0.714253,0.006999;;,
   6240;4;0.699677,-0.005523,0.714417,0.005431;;,
   6400;4;0.699523,-0.003901,0.714590,0.003830;;,
   6560;4;0.699331,-0.002338,0.714790,0.002287;;,
   6720;4;0.699084,-0.000928,0.715038,0.000895;;,
   6880;4;0.698761,0.000237,0.715356,-0.000256;;,
   7040;4;0.698342,0.001063,0.715763,-0.001073;;,
   7200;4;0.697878,0.001384,0.716214,-0.001390;;,
   7360;4;0.697374,0.001205,0.716705,-0.001212;;,
   7520;4;0.696742,0.000688,0.717321,-0.000701;;,
   7680;4;0.695893,-0.000004,0.718145,-0.000021;;,
   7840;4;0.694738,-0.000709,0.719262,0.000665;;,
   8000;4;0.693188,-0.001264,0.720754,0.001193;;,
   8160;4;0.691179,-0.001744,0.722679,0.001635;;,
   8320;4;0.688786,-0.002301,0.724958,0.002142;;,
   8480;4;0.686130,-0.002894,0.727469,0.002679;;,
   8640;4;0.683331,-0.003479,0.730093,0.003205;;,
   8800;4;0.680514,-0.004015,0.732715,0.003685;;,
   8960;4;0.677804,-0.004459,0.735218,0.004080;;,
   9120;4;0.675328,-0.004768,0.737489,0.004353;;,
   9280;4;0.673214,-0.004899,0.739418,0.004465;;,
   9440;4;0.671827,-0.004560,0.740683,0.004151;;,
   9600;4;0.671147,-0.003718,0.741308,0.003380;;,
   9760;4;0.670726,-0.002718,0.741696,0.002464;;,
   9920;4;0.670117,-0.001908,0.742251,0.001715;;,
   10080;4;0.668872,-0.001635,0.743374,0.001445;;,
   10240;4;0.667024,-0.001830,0.745032,0.001597;;,
   10400;4;0.664946,-0.002177,0.746886,0.001885;;,
   10560;4;0.662696,-0.002648,0.748881,0.002284;;,
   10720;4;0.660334,-0.003212,0.750960,0.002765;;,
   10880;4;0.657922,-0.003842,0.753069,0.003305;;,
   11040;4;0.655521,-0.004508,0.755154,0.003875;;,
   11200;4;0.653192,-0.005182,0.757161,0.004451;;,
   11360;4;0.650998,-0.005836,0.759040,0.005005;;,
   11520;4;0.649004,-0.006440,0.760738,0.005512;;,
   11680;4;0.647101,-0.007029,0.762348,0.005994;;,
   11840;4;0.645236,-0.007649,0.763918,0.006491;;,
   12000;4;0.643547,-0.008286,0.765330,0.007000;;,
   12160;4;0.642176,-0.008929,0.766468,0.007516;;,
   12320;4;0.641265,-0.009564,0.767218,0.008036;;,
   12480;4;0.640956,-0.010177,0.767463,0.008557;;,
   12640;4;0.641096,-0.010787,0.767331,0.009089;;,
   12800;4;0.641422,-0.011415,0.767043,0.009640;;,
   12960;4;0.641911,-0.012055,0.766617,0.010205;;,
   13120;4;0.642538,-0.012699,0.766073,0.010777;;,
   13280;4;0.643280,-0.013341,0.765431,0.011350;;,
   13440;4;0.644112,-0.013975,0.764711,0.011918;;,
   13600;4;0.645010,-0.014593,0.763933,0.012475;;,
   13760;4;0.645951,-0.015188,0.763117,0.013014;;,
   13920;4;0.646912,-0.015755,0.762282,0.013529;;,
   14080;4;0.647867,-0.016286,0.761450,0.014014;;,
   14240;4;0.648796,-0.016774,0.760640,0.014464;;,
   14400;4;0.649672,-0.017213,0.759874,0.014871;;,
   14560;4;0.650791,-0.017423,0.758907,0.015093;;,
   14720;4;0.652244,-0.017346,0.757661,0.015084;;,
   14880;4;0.653703,-0.017162,0.756408,0.014986;;,
   15040;4;0.654845,-0.017050,0.755423,0.014939;;,
   15200;4;0.655347,-0.017188,0.754982,0.015084;;,
   15360;4;0.655171,-0.017654,0.755116,0.015488;;,
   15520;4;0.654585,-0.018342,0.755595,0.016074;;,
   15680;4;0.653729,-0.019162,0.756300,0.016767;;,
   15840;4;0.652740,-0.020022,0.757115,0.017489;;,
   16000;4;0.651759,-0.020832,0.757923,0.018166;;,
   16160;4;0.650923,-0.021500,0.758608,0.018721;;,
   16320;4;0.650376,-0.021936,0.759056,0.019077;;,
   16480;4;0.650258,-0.022048,0.759152,0.019159;;,
   16640;4;0.650709,-0.021746,0.758781,0.018891;;,
   16800;4;0.651590,-0.021121,0.758055,0.018348;;,
   16960;4;0.652655,-0.020336,0.757176,0.017670;;,
   17120;4;0.653881,-0.019412,0.756160,0.016873;;,
   17280;4;0.655246,-0.018368,0.755023,0.015974;;,
   17440;4;0.656727,-0.017224,0.753783,0.014990;;,
   17600;4;0.658301,-0.015999,0.752456,0.013938;;,
   17760;4;0.659946,-0.014715,0.751060,0.012833;;,
   17920;4;0.661640,-0.013389,0.749611,0.011694;;,
   18080;4;0.663361,-0.012043,0.748128,0.010537;;,
   18240;4;0.665088,-0.010695,0.746629,0.009379;;,
   18400;4;0.666800,-0.009365,0.745132,0.008236;;,
   18560;4;0.668476,-0.008074,0.743656,0.007126;;,
   18720;4;0.670094,-0.006840,0.742220,0.006065;;,
   18880;4;0.671636,-0.005685,0.740843,0.005071;;,
   19040;4;0.673080,-0.004627,0.739544,0.004159;;,
   19200;4;0.674406,-0.003686,0.738344,0.003347;;,
   19360;4;0.675421,-0.003100,0.737420,0.002848;;,
   19520;4;0.676075,-0.002952,0.736822,0.002735;;,
   19680;4;0.676562,-0.003029,0.736374,0.002813;;,
   19840;4;0.677077,-0.003119,0.735900,0.002889;;,
   20000;4;0.677811,-0.003010,0.735225,0.002768;;,
   20160;4;0.678959,-0.002488,0.734169,0.002257;;,
   20320;4;0.680525,-0.001468,0.732722,0.001274;;,
   20480;4;0.682340,-0.000106,0.731035,-0.000043;;,
   20640;4;0.684332,0.001452,0.729168,-0.001551;;,
   20800;4;0.686429,0.003058,0.727184,-0.003109;;,
   20960;4;0.688561,0.004567,0.725149,-0.004575;;,
   21120;4;0.690663,0.005829,0.723130,-0.005809;;,
   21280;4;0.692667,0.006699,0.721195,-0.006667;;,
   21440;4;0.694684,0.007179,0.719244,-0.007160;;,
   21600;4;0.696808,0.007402,0.717182,-0.007414;;,
   21760;4;0.698954,0.007412,0.715090,-0.007470;;,
   21920;4;0.701038,0.007257,0.713049,-0.007365;;,
   22080;4;0.702978,0.006981,0.711141,-0.007140;;,
   22240;4;0.704691,0.006632,0.709450,-0.006833;;,
   22400;4;0.706096,0.006256,0.708059,-0.006483;;,
   22560;4;0.706907,0.005628,0.707260,-0.005858;;,
   22720;4;0.707117,0.004661,0.707065,-0.004874;;,
   22880;4;0.707056,0.003602,0.707138,-0.003791;;,
   23040;4;0.707057,0.002699,0.707146,-0.002868;;,
   23200;4;0.707451,0.002201,0.706755,-0.002364;;,
   23360;4;0.708397,0.002187,0.705807,-0.002363;;,
   23520;4;0.709682,0.002478,0.704513,-0.002678;;,
   23680;4;0.711084,0.002936,0.703094,-0.003165;;,
   23840;4;0.712384,0.003419,0.701772,-0.003677;;,
   24000;4;0.713364,0.003789,0.700772,-0.004068;;,
   24160;4;0.713807,0.003906,0.700319,-0.004194;;,
   24320;4;0.713742,0.003738,0.700387,-0.004021;;,
   24480;4;0.713385,0.003391,0.700754,-0.003661;;,
   24640;4;0.712804,0.002935,0.701350,-0.003187;;,
   24800;4;0.712066,0.002438,0.702104,-0.002668;;,
   24960;4;0.711238,0.001969,0.702945,-0.002177;;,
   25120;4;0.710389,0.001595,0.703805,-0.001784;;,
   25280;4;0.709588,0.001387,0.704614,-0.001560;;,
   25440;4;0.708903,0.001411,0.705303,-0.001577;;,
   25600;4;0.708214,0.001719,0.705993,-0.001885;;,
   25760;4;0.707396,0.002266,0.706809,-0.002437;;,
   25920;4;0.706514,0.002980,0.707686,-0.003160;;,
   26080;4;0.705632,0.003788,0.708557,-0.003979;;,
   26240;4;0.704816,0.004617,0.709359,-0.004820;;,
   26400;4;0.704131,0.005395,0.710028,-0.005610;;,
   26560;4;0.703643,0.006048,0.710500,-0.006274;;,
   26720;4;0.703420,0.006504,0.710713,-0.006739;;,
   26880;4;0.703527,0.006689,0.710604,-0.006931;;,
   27040;4;0.703976,0.006560,0.710161,-0.006802;;,
   27200;4;0.704707,0.006165,0.709443,-0.006403;;,
   27360;4;0.705677,0.005576,0.708488,-0.005807;;,
   27520;4;0.706843,0.004863,0.707336,-0.005086;;,
   27680;4;0.708162,0.004095,0.706025,-0.004311;;,
   27840;4;0.709593,0.003343,0.704595,-0.003555;;,
   28000;4;0.711094,0.002677,0.703086,-0.002889;;,
   28160;4;0.712623,0.002167,0.701540,-0.002386;;,
   28320;4;0.714141,0.001884,0.699996,-0.002118;;,
   28480;4;0.716025,0.002085,0.698068,-0.002362;;,
   28640;4;0.718406,0.002773,0.695611,-0.003124;;,
   28800;4;0.720880,0.003636,0.693039,-0.004068;;,
   28960;4;0.723048,0.004359,0.690767,-0.004858;;,
   29120;4;0.724518,0.004631,0.689222,-0.005159;;,
   29280;4;0.724019,0.003646,0.689758,-0.004084;;,
   29440;4;0.722328,0.001985,0.691544,-0.002272;;,
   29600;4;0.722142,0.001415,0.691741,-0.001672;;,
   29760;4;0.724062,0.002321,0.689725,-0.002714;;,
   29920;4;0.726664,0.003750,0.686969,-0.004337;;,
   30080;4;0.729623,0.005451,0.683799,-0.006263;;,
   30240;4;0.732624,0.007174,0.680546,-0.008214;;,
   30400;4;0.735358,0.008672,0.677551,-0.009911;;,
   30560;4;0.737526,0.009693,0.675159,-0.011075;;,
   30720;4;0.738527,0.009943,0.674055,-0.011368;;,
   30880;4;0.738638,0.009553,0.673945,-0.010938;;,
   31040;4;0.738870,0.008915,0.673711,-0.010242;;,
   31200;4;0.740232,0.008423,0.672229,-0.009733;;,
   31360;4;0.743847,0.008149,0.668233,-0.009521;;,
   31520;4;0.748860,0.007893,0.662615,-0.009365;;,
   31680;4;0.753343,0.007644,0.657520,-0.009203;;,
   31840;4;0.755420,0.007389,0.655138,-0.008970;;,
   32000;4;0.755097,0.007106,0.655518,-0.008639;;,
   32160;4;0.753808,0.006792,0.657008,-0.008247;;,
   32320;4;0.751845,0.006471,0.659262,-0.007828;;,
   32480;4;0.749497,0.006164,0.661938,-0.007415;;,
   32640;4;0.747059,0.005894,0.664694,-0.007042;;,
   32800;4;0.744832,0.005682,0.667194,-0.006742;;,
   32960;4;0.743118,0.005551,0.669106,-0.006550;;,
   33120;4;0.741712,0.005503,0.670665,-0.006458;;,
   33280;4;0.740518,0.005583,0.671982,-0.006518;;,
   33440;4;0.740005,0.005877,0.672541,-0.006846;;,
   33600;4;0.740641,0.006473,0.671827,-0.007560;;,
   33760;4;0.744302,0.007982,0.667729,-0.009431;;,
   33920;4;0.749675,0.009976,0.661624,-0.011917;;,
   34080;4;0.752549,0.010976,0.658313,-0.013170;;,
   34240;4;0.752426,0.010738,0.658464,-0.012891;;,
   34400;4;0.751652,0.010107,0.659371,-0.012136;;,
   34560;4;0.750376,0.009240,0.660854,-0.011091;;,
   34720;4;0.748742,0.008297,0.662735,-0.009945;;,
   34880;4;0.746900,0.007436,0.664835,-0.008887;;,
   35040;4;0.745000,0.006815,0.666980,-0.008103;;,
   35200;4;0.743197,0.006594,0.668995,-0.007781;;,
   35360;4;0.740856,0.007222,0.671572,-0.008417;;,
   35520;4;0.737871,0.008632,0.674814,-0.009928;;,
   35680;4;0.735196,0.010204,0.677678,-0.011637;;,
   35840;4;0.733807,0.011319,0.679142,-0.012868;;,
   36000;4;0.733776,0.012069,0.679145,-0.013720;;,
   36160;4;0.734374,0.012909,0.678464,-0.014687;;,
   36320;4;0.735379,0.013769,0.677335,-0.015688;;,
   36480;4;0.736573,0.014580,0.675996,-0.016639;;,
   36640;4;0.737740,0.015271,0.674687,-0.017456;;,
   36800;4;0.738663,0.015774,0.673648,-0.018058;;,
   36960;4;0.739129,0.016017,0.673123,-0.018361;;,
   37120;4;0.738923,0.015932,0.673353,-0.018282;;,
   37280;4;0.737829,0.015448,0.674578,-0.017739;;,
   37440;4;0.735510,0.014343,0.677162,-0.016477;;,
   37600;4;0.731979,0.012566,0.681058,-0.014438;;,
   37760;4;0.727542,0.010299,0.685883,-0.011834;;,
   37920;4;0.722508,0.007724,0.691262,-0.008876;;,
   38080;4;0.717199,0.005028,0.696826,-0.005777;;,
   38240;4;0.711949,0.002391,0.702221,-0.002747;;,
   38400;4;0.707107,0.000000,0.707107,-0.000000;;;
  }

  AnimationKey T {
   2;
   241;
   0;3;0.000000,125.064973,0.000000;;,
   160;3;0.023357,125.061824,0.030359;;,
   320;3;0.046351,125.057459,0.058801;;,
   480;3;0.069020,125.052595,0.085516;;,
   640;3;0.091399,125.048000,0.110697;;,
   800;3;0.113524,125.044352,0.134535;;,
   960;3;0.135432,125.042419,0.157222;;,
   1120;3;0.157159,125.042906,0.178951;;,
   1280;3;0.178741,125.046528,0.199912;;,
   1440;3;0.200215,125.053990,0.220298;;,
   1600;3;0.221615,125.064870,0.240300;;,
   1760;3;0.242980,125.078246,0.260111;;,
   1920;3;0.264345,125.093120,0.279921;;,
   2080;3;0.285746,125.108608,0.299923;;,
   2240;3;0.307219,125.123712,0.320309;;,
   2400;3;0.328801,125.137549,0.341270;;,
   2560;3;0.350528,125.149107,0.362999;;,
   2720;3;0.372436,125.157478,0.385686;;,
   2880;3;0.394561,125.162662,0.409525;;,
   3040;3;0.416940,125.165645,0.434705;;,
   3200;3;0.439609,125.166925,0.461421;;,
   3360;3;0.462603,125.166976,0.489862;;,
   3520;3;0.485960,125.166298,0.520221;;,
   3680;3;0.509715,125.165389,0.552690;;,
   3840;3;0.533905,125.164736,0.587461;;,
   4000;3;0.558566,125.164826,0.624725;;,
   4160;3;0.583734,125.166170,0.664674;;,
   4320;3;0.609445,125.169254,0.707500;;,
   4480;3;0.635736,125.173837,0.753395;;,
   4640;3;0.662642,125.179251,0.802550;;,
   4800;3;0.690201,125.185421,0.855157;;,
   4960;3;0.718447,125.192230,0.911409;;,
   5120;3;0.747418,125.199578,0.971497;;,
   5280;3;0.777150,125.207360,1.035612;;,
   5440;3;0.806136,125.215488,1.117958;;,
   5600;3;0.833317,125.223846,1.229564;;,
   5760;3;0.859402,125.232320,1.365865;;,
   5920;3;0.885100,125.240819,1.522292;;,
   6080;3;0.911118,125.249242,1.694281;;,
   6240;3;0.938165,125.257498,1.877264;;,
   6400;3;0.966950,125.265446,2.066675;;,
   6560;3;0.998180,125.273037,2.257947;;,
   6720;3;1.032565,125.280115,2.446514;;,
   6880;3;1.070813,125.286618,2.627808;;,
   7040;3;1.113631,125.292416,2.797264;;,
   7200;3;1.161729,125.297421,2.950314;;,
   7360;3;1.215814,125.301517,3.082393;;,
   7520;3;1.276596,125.304614,3.188933;;,
   7680;3;1.344782,125.306624,3.265368;;,
