xof 0303txt 0032
template Frame {
 <3d82ab46-62da-11cf-ab39-0020af71e433>
 [...]
}

template Matrix4x4 {
 <f6f23f45-7686-11cf-8f52-0040333594a3>
 array FLOAT matrix[16];
}

template FrameTransformMatrix {
 <f6f23f41-7686-11cf-8f52-0040333594a3>
 Matrix4x4 frameMatrix;
}

template Vector {
 <3d82ab5e-62da-11cf-ab39-0020af71e433>
 FLOAT x;
 FLOAT y;
 FLOAT z;
}

template MeshFace {
 <3d82ab5f-62da-11cf-ab39-0020af71e433>
 DWORD nFaceVertexIndices;
 array DWORD faceVertexIndices[nFaceVertexIndices];
}

template Mesh {
 <3d82ab44-62da-11cf-ab39-0020af71e433>
 DWORD nVertices;
 array Vector vertices[nVertices];
 DWORD nFaces;
 array MeshFace faces[nFaces];
 [...]
}

template VertexElement {
 <f752461c-1e23-48f6-b9f8-8350850f336f>
 DWORD Type;
 DWORD Method;
 DWORD Usage;
 DWORD UsageIndex;
}

template DeclData {
 <bf22e553-292c-4781-9fea-62bd554bdd93>
 DWORD nElements;
 array VertexElement Elements[nElements];
 DWORD nDWords;
 array DWORD data[nDWords];
}

template XSkinMeshHeader {
 <3cf169ce-ff7c-44ab-93c0-f78f62d172e2>
 WORD nMaxSkinWeightsPerVertex;
 WORD nMaxSkinWeightsPerFace;
 WORD nBones;
}

template SkinWeights {
 <6f0d123b-bad2-4167-a0d0-80224f25fabb>
 STRING transformNodeName;
 DWORD nWeights;
 array DWORD vertexIndices[nWeights];
 array FLOAT weights[nWeights];
 Matrix4x4 matrixOffset;
}

template AnimTicksPerSecond {
 <9e415a43-7ba6-4a73-8743-b73d47e88476>
 DWORD AnimTicksPerSecond;
}

template Animation {
 <3d82ab4f-62da-11cf-ab39-0020af71e433>
 [...]
}

template AnimationSet {
 <3d82ab50-62da-11cf-ab39-0020af71e433>
 [Animation <3d82ab4f-62da-11cf-ab39-0020af71e433>]
}

template FloatKeys {
 <10dd46a9-775b-11cf-8f52-0040333594a3>
 DWORD nValues;
 array FLOAT values[nValues];
}

template TimedFloatKeys {
 <f406b180-7b3b-11cf-8f52-0040333594a3>
 DWORD time;
 FloatKeys tfkeys;
}

template AnimationKey {
 <10dd46a8-775b-11cf-8f52-0040333594a3>
 DWORD keyType;
 DWORD nKeys;
 array TimedFloatKeys keys[nKeys];
}


Frame Bip001 {
 

 FrameTransformMatrix {
  -0.826278,0.144800,-0.544333,0.000000,0.120915,0.989461,0.079664,0.000000,0.550132,0.000007,-0.835078,0.000000,0.032240,120.266125,0.697238,1.000000;;
 }

 Frame Bip001_Pelvis {
  

  FrameTransformMatrix {
   -0.000000,0.997893,0.064875,0.000000,-0.000001,-0.064875,0.997893,0.000000,1.000000,-0.000000,0.000001,0.000000,0.000000,0.000000,0.000000,1.000000;;
  }

  Frame Bip001_Spine {
   

   FrameTransformMatrix {
    0.957562,-0.052026,0.283494,0.000000,0.096436,0.984718,-0.145021,0.000000,-0.271617,0.166205,0.947945,0.000000,14.235405,-0.927374,-0.012169,1.000000;;
   }

   Frame Bip001_Spine1 {
    

    FrameTransformMatrix {
     1.000000,-0.000000,0.000000,0.000000,-0.000000,1.000000,0.000000,0.000000,0.000000,-0.000000,1.000000,0.000000,16.122208,-0.000000,-0.012836,1.000000;;
    }

    Frame Bip001_Spine2 {
     

     FrameTransformMatrix {
      0.997981,0.012803,0.062206,0.000000,-0.010807,0.999419,-0.032320,0.000000,-0.062584,0.031583,0.997540,0.000000,16.123032,-0.000405,-0.012808,1.000000;;
     }

     Frame Bip001_Spine3 {
      

      FrameTransformMatrix {
       0.997981,0.012803,0.062206,0.000000,-0.010807,0.999419,-0.032320,0.000000,-0.062584,0.031583,0.997540,0.000000,16.123002,-0.000404,-0.012806,1.000000;;
      }

      Frame Bip001_Neck {
       

       FrameTransformMatrix {
        0.917523,0.031725,-0.396416,0.000000,0.055697,0.976738,0.207080,0.000000,0.393764,-0.212079,0.894412,0.000000,16.119293,0.001570,-0.006619,1.000000;;
       }

       Frame Bip001_L_Clavicle {
        

        FrameTransformMatrix {
         -0.297002,0.839245,-0.455476,0.000000,0.872295,0.432505,0.228123,0.000000,0.388447,-0.329556,-0.860524,0.000000,0.137726,4.239622,-0.913151,1.000000;;
        }

        Frame Bip001_L_UpperArm {
         

         FrameTransformMatrix {
          0.818048,-0.402710,-0.410637,0.000000,0.515868,0.829443,0.214253,0.000000,0.254318,-0.387104,0.886269,0.000000,16.122227,0.000000,0.000000,1.000000;;
         }

         Frame Bip001_L_Forearm {
          

          FrameTransformMatrix {
           -0.617426,-0.000000,-0.786629,0.000000,0.000000,1.000000,-0.000000,0.000000,0.786629,-0.000000,-0.617426,0.000000,44.136819,0.000000,-0.000008,1.000000;;
          }

          Frame Bip001_L_Hand {
           

           FrameTransformMatrix {
            0.996118,-0.013816,0.086934,0.000000,-0.088025,-0.155557,0.983897,0.000000,-0.000070,-0.987730,-0.156170,0.000000,37.683373,0.000000,0.000000,1.000000;;
           }

           Frame Bip001_L_Finger0 {
            

            FrameTransformMatrix {
             0.820473,-0.503828,0.270153,0.000000,0.512024,0.437437,-0.739243,0.000000,0.254276,0.744853,0.616877,0.000000,4.289879,-5.456864,2.394806,1.000000;;
            }

            Frame Bip001_L_Finger01 {
             

             FrameTransformMatrix {
              0.714227,0.000000,0.699914,0.000000,0.000000,1.000000,-0.000000,0.000000,-0.699914,-0.000000,0.714227,0.000000,3.875542,0.000008,-0.000008,1.000000;;
             }

             Frame Bip001_L_Finger02 {
              

              FrameTransformMatrix {
               0.714227,0.000000,0.699914,0.000000,0.000000,1.000000,-0.000000,0.000000,-0.699914,-0.000000,0.714227,0.000000,3.875535,0.000008,0.000000,1.000000;;
              }

              Frame Bip001_L_Finger0Nub {
               

               FrameTransformMatrix {
                1.000000,0.000000,0.000000,0.000000,0.000000,1.000000,0.000000,0.000000,0.000000,-0.000000,1.000000,0.000000,3.875526,0.000000,0.000000,1.000000;;
               }
              }
             }
            }
           }

           Frame Bip001_L_Finger1 {
            

            FrameTransformMatrix {
             0.882672,-0.000374,0.469989,0.000000,0.000000,1.000000,0.000796,0.000000,-0.469989,-0.000703,0.882672,0.000000,11.734261,-5.461204,-0.417763,1.000000;;
            }

            Frame Bip001_L_Finger11 {
             

             FrameTransformMatrix {
              0.632480,0.000000,0.774576,0.000000,0.000000,1.000000,0.000000,0.000000,-0.774576,0.000000,0.632480,0.000000,4.650638,0.000008,-0.000015,1.000000;;
             }

             Frame Bip001_L_Finger12 {
              

              FrameTransformMatrix {
               0.632480,0.000000,0.774576,0.000000,0.000000,1.000000,0.000000,0.000000,-0.774576,0.000000,0.632480,0.000000,4.650642,0.000000,-0.000015,1.000000;;
              }

              Frame Bip001_L_Finger1Nub {
               

               FrameTransformMatrix {
                1.000000,0.000000,0.000000,0.000000,0.000000,1.000000,0.000000,0.000000,0.000000,0.000000,1.000000,0.000000,4.650650,0.000000,-0.000004,1.000000;;
               }
              }
             }
            }
           }

           Frame Bip001_L_Finger2 {
            

            FrameTransformMatrix {
             0.898000,0.039862,0.438186,0.000000,-0.054546,0.998291,0.020970,0.000000,-0.436601,-0.042732,0.898640,0.000000,11.686760,-1.501312,-0.364777,1.000000;;
            }

            Frame Bip001_L_Finger21 {
             

             FrameTransformMatrix {
              0.319536,0.000000,0.947574,0.000000,-0.000000,1.000000,0.000000,0.000000,-0.947574,0.000000,0.319536,0.000000,4.698433,0.000000,0.000000,1.000000;;
             }

             Frame Bip001_L_Finger22 {
              

              FrameTransformMatrix {
               0.538456,-0.000000,0.842654,0.000000,0.000000,1.000000,0.000000,0.000000,-0.842654,0.000000,0.538456,0.000000,5.425751,0.000000,-0.000008,1.000000;;
              }

              Frame Bip001_L_Finger2Nub {
               

               FrameTransformMatrix {
                1.000000,-0.000000,0.000000,0.000000,0.000000,1.000000,0.000000,0.000000,0.000000,0.000000,1.000000,0.000000,5.425751,0.000000,-0.000004,1.000000;;
               }
              }
             }
            }
           }

           Frame Bip001_L_Finger3 {
            

            FrameTransformMatrix {
             0.909908,0.059766,0.410483,0.000000,-0.084190,0.995578,0.041667,0.000000,-0.406178,-0.072472,0.910916,0.000000,11.686195,1.606102,-0.362915,1.000000;;
            }

            Frame Bip001_L_Finger31 {
             

             FrameTransformMatrix {
              0.164152,0.000000,0.986435,0.000000,0.000000,1.000000,0.000000,0.000000,-0.986435,0.000000,0.164152,0.000000,4.316544,0.000015,0.000000,1.000000;;
             }

             Frame Bip001_L_Finger32 {
              

              FrameTransformMatrix {
               0.442410,-0.000000,0.896813,0.000000,0.000000,1.000000,0.000000,0.000000,-0.896813,0.000000,0.442410,0.000000,4.650650,-0.000008,0.000000,1.000000;;
              }

              Frame Bip001_L_Finger3Nub {
               

               FrameTransformMatrix {
                1.000000,-0.000000,0.000000,0.000000,0.000000,1.000000,0.000000,0.000000,0.000000,0.000000,1.000000,0.000000,4.650635,0.000000,0.000000,1.000000;;
               }
              }
             }
            }
           }

           Frame Bip001_L_Finger4 {
            

            FrameTransformMatrix {
             0.878198,0.035612,0.476971,0.000000,-0.043233,0.999052,0.005008,0.000000,-0.476340,-0.025019,0.878905,0.000000,10.216774,4.386826,-0.631805,1.000000;;
            }

            Frame Bip001_L_Finger41 {
             

             FrameTransformMatrix {
              0.653408,0.000000,0.757006,0.000000,0.000000,1.000000,0.000000,0.000000,-0.757006,0.000000,0.653408,0.000000,3.003708,0.000000,0.000015,1.000000;;
             }

             Frame Bip001_L_Finger42 {
              

              FrameTransformMatrix {
               0.834467,-0.000000,0.551058,0.000000,0.000000,1.000000,0.000000,0.000000,-0.551058,0.000000,0.834467,0.000000,3.003700,-0.000015,-0.000015,1.000000;;
              }

              Frame Bip001_L_Finger4Nub {
               

               FrameTransformMatrix {
                1.000000,0.000000,-0.000000,0.000000,-0.000000,1.000000,-0.000000,0.000000,-0.000000,0.000000,1.000000,0.000000,3.003693,0.000000,0.000000,1.000000;;
               }
              }
             }
            }
           }
          }
         }
        }
       }

       Frame Bip001_R_Clavicle {
        

        FrameTransformMatrix {
         -0.172767,-0.982986,0.062365,0.000000,-0.901431,0.132281,-0.412218,0.000000,0.396955,-0.127435,-0.908949,0.000000,-0.137695,-4.239622,0.927967,1.000000;;
        }

        Frame Bip001_R_UpperArm {
         

         FrameTransformMatrix {
          0.487755,0.620212,-0.614355,0.000000,-0.614186,0.743912,0.263384,0.000000,0.620380,0.248861,0.743772,0.000000,16.122222,0.000000,-0.000004,1.000000;;
         }

         Frame Bip001_R_Forearm {
          

          FrameTransformMatrix {
           -0.517649,-0.000000,-0.855593,0.000000,0.000000,1.000000,0.000000,0.000000,0.855593,0.000000,-0.517649,0.000000,44.136819,-0.000008,0.000000,1.000000;;
          }

          Frame Bip001_R_Hand {
           

           FrameTransformMatrix {
            0.998525,-0.000630,0.054285,0.000000,0.053911,-0.106296,-0.992872,0.000000,0.006396,0.994334,-0.106106,0.000000,37.683366,0.000000,0.000000,1.000000;;
           }

           Frame Bip001_R_Finger0 {
            

            FrameTransformMatrix {
             0.820473,0.503828,0.270152,0.000000,-0.512024,0.437437,0.739243,0.000000,0.254276,-0.744853,0.616877,0.000000,4.289886,5.456848,2.394806,1.000000;;
            }

            Frame Bip001_R_Finger01 {
             

             FrameTransformMatrix {
              0.640505,-0.000000,0.767954,0.000000,0.000000,1.000000,-0.000000,0.000000,-0.767954,0.000000,0.640505,0.000000,3.875534,0.000000,0.000000,1.000000;;
             }

             Frame Bip001_R_Finger02 {
              

              FrameTransformMatrix {
               0.640505,-0.000000,0.767954,0.000000,-0.000000,1.000000,0.000000,0.000000,-0.767954,0.000000,0.640505,0.000000,3.875534,-0.000008,0.000015,1.000000;;
              }

              Frame Bip001_R_Finger0Nub {
               

               FrameTransformMatrix {
                -1.000000,0.000000,-0.000000,0.000000,0.000000,1.000000,0.000000,0.000000,-0.000000,-0.000000,-1.000000,0.000000,3.875519,0.000000,0.000000,1.000000;;
               }
              }
             }
            }
           }

           Frame Bip001_R_Finger1 {
            

            FrameTransformMatrix {
             0.845422,0.000425,0.534098,0.000000,0.000000,1.000000,-0.000796,0.000000,-0.534098,0.000673,0.845422,0.000000,11.734268,5.461189,-0.417755,1.000000;;
            }

            Frame Bip001_R_Finger11 {
             

             FrameTransformMatrix {
              0.337926,0.000000,0.941173,0.000000,0.000000,1.000000,0.000000,0.000000,-0.941173,0.000000,0.337926,0.000000,4.650646,0.000000,0.000000,1.000000;;
             }

             Frame Bip001_R_Finger12 {
              

              FrameTransformMatrix {
               0.573350,0.000000,0.819310,0.000000,-0.000000,1.000000,0.000000,0.000000,-0.819310,0.000000,0.573350,0.000000,4.650650,-0.000015,0.000000,1.000000;;
              }

              Frame Bip001_R_Finger1Nub {
               

               FrameTransformMatrix {
                -1.000000,0.000000,0.000000,0.000000,0.000000,1.000000,0.000000,0.000000,0.000000,-0.000000,-1.000000,0.000000,4.650635,0.000008,0.000000,1.000000;;
               }
              }
             }
            }
           }

           Frame Bip001_R_Finger2 {
            

            FrameTransformMatrix {
             0.871665,-0.037362,0.488676,0.000000,0.054546,0.998291,-0.020970,0.000000,-0.487057,0.044934,0.872214,0.000000,11.686767,1.501297,-0.364777,1.000000;;
            }

            Frame Bip001_R_Finger21 {
             

             FrameTransformMatrix {
              0.330010,0.000000,0.943977,0.000000,0.000000,1.000000,0.000000,0.000000,-0.943977,-0.000000,0.330010,0.000000,4.698433,-0.000023,0.000000,1.000000;;
             }

             Frame Bip001_R_Finger22 {
              

              FrameTransformMatrix {
               0.600812,0.000000,0.799391,0.000000,-0.000000,1.000000,-0.000000,0.000000,-0.799391,0.000000,0.600812,0.000000,5.425736,0.000015,-0.000008,1.000000;;
              }

              Frame Bip001_R_Finger2Nub {
               

               FrameTransformMatrix {
                -1.000000,0.000000,-0.000000,0.000000,0.000000,1.000000,-0.000000,0.000000,0.000000,0.000000,-1.000000,0.000000,5.425751,0.000000,0.000000,1.000000;;
               }
              }
             }
            }
           }

           Frame Bip001_R_Finger3 {
            

            FrameTransformMatrix {
             0.881111,-0.054851,0.469719,0.000000,0.084190,0.995578,-0.041667,0.000000,-0.465356,0.076259,0.881832,0.000000,11.686203,-1.606117,-0.362915,1.000000;;
            }

            Frame Bip001_R_Finger31 {
             

             FrameTransformMatrix {
              0.309907,-0.000000,0.950767,0.000000,-0.000000,1.000000,0.000000,0.000000,-0.950767,0.000000,0.309907,0.000000,4.316540,-0.000015,0.000000,1.000000;;
             }

             Frame Bip001_R_Finger32 {
              

              FrameTransformMatrix {
               0.590092,0.000000,0.807336,0.000000,0.000000,1.000000,0.000000,0.000000,-0.807336,0.000000,0.590092,0.000000,4.650642,0.000015,0.000000,1.000000;;
              }

              Frame Bip001_R_Finger3Nub {
               

               FrameTransformMatrix {
                -1.000000,-0.000000,0.000000,0.000000,0.000000,1.000000,0.000000,0.000000,0.000000,0.000000,-1.000000,0.000000,4.650650,0.000000,0.000000,1.000000;;
               }
              }
             }
            }
           }

           Frame Bip001_R_Finger4 {
            

            FrameTransformMatrix {
             0.905640,-0.037073,0.422423,0.000000,0.043233,0.999053,-0.005008,0.000000,-0.421837,0.022798,0.906385,0.000000,10.216782,-4.386848,-0.631813,1.000000;;
            }

            Frame Bip001_R_Finger41 {
             

             FrameTransformMatrix {
              0.866553,0.000000,0.499085,0.000000,0.000000,1.000000,0.000000,0.000000,-0.499085,-0.000000,0.866553,0.000000,3.003708,0.000000,-0.000015,1.000000;;
             }

             Frame Bip001_R_Finger42 {
              

              FrameTransformMatrix {
               0.866553,0.000000,0.499085,0.000000,-0.000000,1.000000,0.000000,0.000000,-0.499085,0.000000,0.866553,0.000000,3.003712,-0.000008,0.000000,1.000000;;
              }

              Frame Bip001_R_Finger4Nub {
               

               FrameTransformMatrix {
                -1.000000,0.000000,0.000000,0.000000,-0.000000,1.000000,-0.000000,0.000000,-0.000000,0.000000,-1.000000,0.000000,3.003708,0.000000,-0.000015,1.000000;;
               }
              }
             }
            }
           }
          }
         }
        }
       }

       Frame Bip001_Head {
        

        FrameTransformMatrix {
         0.978491,0.192307,0.074654,0.000000,-0.067277,0.639593,-0.765764,0.000000,-0.195010,0.744271,0.638774,0.000000,15.765381,-0.911514,-0.005142,1.000000;;
        }

        Frame Bip001_HeadNub {
         

         FrameTransformMatrix {
          1.000000,0.000000,-0.000000,0.000000,0.000000,1.000000,-0.000000,0.000000,0.000000,0.000000,1.000000,0.000000,29.144013,0.000000,0.000000,1.000000;;
         }
        }
       }
      }
     }
    }
   }

   Frame Bip001_L_Thigh {
    

    FrameTransformMatrix {
     -0.816660,0.354578,0.455347,0.000000,-0.115805,-0.873634,0.472602,0.000000,0.565381,0.333223,0.754524,0.000000,-14.321296,11.750813,6.093507,1.000000;;
    }

    Frame Bip001_L_Calf {
     

     FrameTransformMatrix {
      0.798750,0.000000,-0.601663,0.000000,0.000000,1.000000,-0.000000,0.000000,0.601663,-0.000000,0.798750,0.000000,54.040698,-0.000004,0.000004,1.000000;;
     }

     Frame Bip001_L_Foot {
      

      FrameTransformMatrix {
       0.972558,-0.045814,0.228105,0.000000,0.031153,0.997235,0.067467,0.000000,-0.230565,-0.058510,0.971296,0.000000,58.826874,-0.000004,0.000000,1.000000;;
      }

      Frame Bip001_L_Toe0 {
       

       FrameTransformMatrix {
        -0.000000,-0.000000,1.000000,0.000000,-0.000000,1.000000,0.000000,0.000000,-1.000000,-0.000000,0.000000,0.000000,14.261973,0.000000,18.354528,1.000000;;
       }

       Frame Bip001_L_Toe01 {
        

        FrameTransformMatrix {
         1.000000,-0.000000,0.000000,0.000000,-0.000000,1.000000,0.000000,0.000000,0.000000,0.000000,1.000000,0.000000,1.860260,0.000000,0.000000,1.000000;;
        }

        Frame Bip001_L_Toe02 {
         

         FrameTransformMatrix {
          1.000000,-0.000000,0.000000,0.000000,-0.000000,1.000000,0.000000,0.000000,0.000000,0.000000,1.000000,0.000000,1.860260,-0.000002,-0.000001,1.000000;;
         }

         Frame Bip001_L_Toe0Nub {
          

          FrameTransformMatrix {
           -1.000000,-0.000000,0.000000,0.000000,-0.000000,1.000000,0.000000,0.000000,-0.000000,-0.000000,-1.000000,0.000000,1.860256,0.000000,0.000000,1.000000;;
          }
         }
        }
       }
      }
     }
    }
   }

   Frame Bip001_R_Thigh {
    

    FrameTransformMatrix {
     -0.832161,-0.360314,0.421523,0.000000,0.210932,-0.908673,-0.360308,0.000000,0.512851,-0.210921,0.832164,0.000000,-13.030854,-12.673545,1.971004,1.000000;;
    }

    Frame Bip001_R_Calf {
     

     FrameTransformMatrix {
      0.700864,-0.000000,-0.713295,0.000000,-0.000000,1.000000,0.000000,0.000000,0.713295,0.000000,0.700864,0.000000,53.736070,0.000000,0.000004,1.000000;;
     }

     Frame Bip001_R_Foot {
      

      FrameTransformMatrix {
       0.904462,0.139175,0.403210,0.000000,-0.059271,0.977109,-0.204313,0.000000,-0.422416,0.160895,0.892008,0.000000,59.151949,0.000008,-0.000004,1.000000;;
      }

      Frame Bip001_R_Toe0 {
       

       FrameTransformMatrix {
        0.000000,0.000000,1.000000,0.000000,-0.000000,1.000000,0.000000,0.000000,-1.000000,0.000000,-0.000000,0.000000,14.261971,0.000000,18.354534,1.000000;;
       }

       Frame Bip001_R_Toe01 {
        

        FrameTransformMatrix {
         1.000000,0.000000,-0.000000,0.000000,0.000000,1.000000,0.000000,0.000000,-0.000000,0.000000,1.000000,0.000000,1.860250,-0.000004,-0.000001,1.000000;;
        }

        Frame Bip001_R_Toe02 {
         

         FrameTransformMatrix {
          1.000000,0.000000,-0.000000,0.000000,0.000000,1.000000,0.000000,0.000000,-0.000000,0.000000,1.000000,0.000000,1.860258,0.000004,0.000000,1.000000;;
         }

         Frame Bip001_R_Toe0Nub {
          

          FrameTransformMatrix {
           1.000000,0.000000,-0.000000,0.000000,0.000000,1.000000,0.000000,0.000000,-0.000000,0.000000,1.000000,0.000000,1.860260,0.000000,0.000002,1.000000;;
          }
         }
        }
       }
      }
     }
    }
   }
  }
 }
}

Frame Box001 {
 

 FrameTransformMatrix {
  0.667112,0.000000,0.000000,0.000000,0.000000,0.696682,0.000000,0.000000,0.000000,0.000000,0.492662,0.000000,0.000000,0.000000,0.000000,1.000000;;
 }

 Mesh Box001 {
  24;
  -29.206355;19.461771;-156.242573;,
  -24.853861;19.339946;-155.381363;,
  -27.168614;18.322430;-153.259341;,
  -26.891600;20.479286;-158.364595;,
  -29.305104;21.107683;-154.861862;,
  -24.952608;20.985858;-154.000653;,
  -26.990352;22.125198;-156.983885;,
  -27.267366;19.968342;-151.878630;,
  -29.206355;19.461771;-156.242573;,
  -26.990352;22.125198;-156.983885;,
  -26.891600;20.479286;-158.364595;,
  -29.305104;21.107683;-154.861862;,
  -26.891600;20.479286;-158.364595;,
  -24.952608;20.985858;-154.000653;,
  -24.853861;19.339946;-155.381363;,
  -26.990352;22.125198;-156.983885;,
  -24.853861;19.339946;-155.381363;,
  -27.267366;19.968342;-151.878630;,
  -27.168614;18.322430;-153.259341;,
  -24.952608;20.985858;-154.000653;,
  -27.168614;18.322430;-153.259341;,
  -29.305104;21.107683;-154.861862;,
  -29.206355;19.461771;-156.242573;,
  -27.267366;19.968342;-151.878630;;
  12;
  3;0,1,2;,
  3;1,0,3;,
  3;4,5,6;,
  3;5,4,7;,
  3;8,9,10;,
  3;9,8,11;,
  3;12,13,14;,
  3;13,12,15;,
  3;16,17,18;,
  3;17,16,19;,
  3;20,21,22;,
  3;21,20,23;;

  DeclData {
   2;
   2;0;3;0;,
   1;0;5;0;;
   120;
   1028621844,
   3211510872,
   3200634390,
   1065353216,
   1065353216,
   1028621844,
   3211510872,
   3200634390,
   0,
   0,
   1028621844,
   3211510872,
   3200634391,
   1065353216,
   0,
   1028621844,
   3211510872,
   3200634391,
   0,
   1065353216,
   3176105482,
   1064027224,
   1053150743,
   0,
   1065353216,
   3176105482,
   1064027224,
   1053150743,
   1065353216,
   0,
   3176105483,
   1064027224,
   1053150744,
   1065353216,
   1065353216,
   3176105479,
   1064027225,
   1053150741,
   0,
   0,
   3207895363,
   1054621820,
   3205509656,
   0,
   1065353216,
   3207895363,
   1054621820,
   3205509656,
   1065353216,
   0,
   3207895363,
   1054621820,
   3205509656,
   1065353216,
   1065353216,
   3207895363,
   1054621820,
   3205509656,
   0,
   0,
   1062367698,
   1053411107,
   3201461961,
   0,
   1065353216,
   1062367703,
   1053411087,
   3201461962,
   1065353216,
   0,
   1062367707,
   1053411068,
   3201461964,
   1065353216,
   1065353216,
   1062367694,
   1053411126,
   3201461960,
   0,
   0,
   1060411708,
   3202105499,
   1058026005,
   0,
   1065353216,
   1060411711,
   3202105486,
   1058026007,
   1065353216,
   0,
   1060411715,
   3202105467,
   1058026008,
   1065353216,
   1065353216,
   1060411703,
   3202105517,
   1058026004,
   0,
   0,
   3209851350,
   3200894760,
   1053978294,
   0,
   1065353216,
   3209851350,
   3200894760,
   1053978294,
   1065353216,
   0,
   3209851351,
   3200894758,
   1053978293,
   1065353216,
   1065353216,
   3209851351,
   3200894758,
   1053978293,
   0,
   0;
  }

  XSkinMeshHeader {
   1;
   1;
   1;
  }

  SkinWeights {
   "Bip001_L_Toe0Nub";
   24;
   0,
   1,
   2,
   3,
   4,
   5,
   6,
   7,
   8,
   9,
   10,
   11,
   12,
   13,
   14,
   15,
   16,
   17,
   18,
   19,
   20,
   21,
   22,
   23;
   1.000000,
   1.000000,
   1.000000,
   1.000000,
   1.000000,
   1.000000,
   1.000000,
   1.000000,
   1.000000,
   1.000000,
   1.000000,
   1.000000,
   1.000000,
   1.000000,
   1.000000,
   1.000000,
   1.000000,
   1.000000,
   1.000000,
   1.000000,
   1.000000,
   1.000000,
   1.000000,
   1.000000;
   0.207658,-0.620328,0.130801,0.000000,-0.056349,-0.161279,-0.675411,0.000000,0.466487,0.140860,-0.072554,0.000000,48.750499,31.330010,-7.800125,1.000000;;
  }
 }
}

AnimTicksPerSecond  {
 4800;
}

AnimationSet Anim1 {
 

 Animation {
  
  { Bip001 }

  AnimationKey S {
   1;
   2;
   0;3;1.000000,1.000000,1.000000;;,
   9600;3;1.000000,1.000000,1.000000;;;
  }

  AnimationKey R {
   0;
   61;
   0;4;-0.286402,0.069533,0.955356,0.020849;;,
   160;4;-0.289177,0.071158,0.954384,0.021567;;,
   320;4;-0.292048,0.072711,0.953376,0.022278;;,
   480;4;-0.295236,0.074171,0.952263,0.023002;;,
   640;4;-0.298471,0.075312,0.951149,0.023638;;,
   800;4;-0.301689,0.075877,0.950077,0.024097;;,
   960;4;-0.304494,0.075943,0.949169,0.024365;;,
   1120;4;-0.305340,0.074739,0.949001,0.024052;;,
   1280;4;-0.303134,0.072082,0.949939,0.023004;;,
   1440;4;-0.299061,0.068741,0.951509,0.021616;;,
   1600;4;-0.291820,0.064362,0.954101,0.019723;;,
   1760;4;-0.283126,0.059645,0.957063,0.017660;;,
   1920;4;-0.273768,0.055411,0.960068,0.015804;;,
   2080;4;-0.264761,0.052576,0.962771,0.014472;;,
   2240;4;-0.256465,0.050680,0.965130,0.013469;;,
   2400;4;-0.249575,0.050411,0.966955,0.013004;;,
   2560;4;-0.243979,0.050976,0.968355,0.012845;;,
   2720;4;-0.241892,0.052355,0.968801,0.013079;;,
   2880;4;-0.244468,0.054037,0.968054,0.013656;;,
   3040;4;-0.248788,0.055697,0.966849,0.014340;;,
   3200;4;-0.255156,0.057159,0.965090,0.015126;;,
   3360;4;-0.262235,0.058483,0.963099,0.015932;;,
   3520;4;-0.268352,0.059473,0.961340,0.016608;;,
   3680;4;-0.273180,0.059683,0.959959,0.016993;;,
   3840;4;-0.277963,0.059313,0.958604,0.017204;;,
   4000;4;-0.283276,0.057847,0.957139,0.017118;;,
   4160;4;-0.288972,0.055935,0.955552,0.016918;;,
   4320;4;-0.295749,0.053992,0.953592,0.016753;;,
   4480;4;-0.294872,0.056168,0.953727,0.017351;;,
   4640;4;-0.293216,0.058710,0.954072,0.018007;;,
   4800;4;-0.291160,0.061467,0.954515,0.018705;;,
   4960;4;-0.289084,0.064289,0.954945,0.019423;;,
   5120;4;-0.287371,0.067028,0.955259,0.020144;;,
   5280;4;-0.286402,0.069533,0.955356,0.020849;;,
   5440;4;-0.288354,0.071346,0.954619,0.021561;;,
   5600;4;-0.292048,0.072711,0.953376,0.022278;;,
   5760;4;-0.295236,0.074171,0.952263,0.023002;;,
   5920;4;-0.298471,0.075312,0.951149,0.023638;;,
   6080;4;-0.301689,0.075877,0.950077,0.024097;;,
   6240;4;-0.304494,0.075943,0.949169,0.024365;;,
   6400;4;-0.305340,0.074739,0.949001,0.024052;;,
   6560;4;-0.303134,0.072082,0.949939,0.023004;;,
   6720;4;-0.299061,0.068741,0.951509,0.021616;;,
   6880;4;-0.291820,0.064362,0.954101,0.019723;;,
   7040;4;-0.283126,0.059645,0.957063,0.017660;;,
   7200;4;-0.273768,0.055411,0.960068,0.015804;;,
   7360;4;-0.264761,0.052576,0.962771,0.014472;;,
   7520;4;-0.256465,0.050680,0.965130,0.013469;;,
   7680;4;-0.249575,0.050411,0.966955,0.013004;;,
   7840;4;-0.243979,0.050976,0.968355,0.012845;;,
   8000;4;-0.241892,0.052355,0.968801,0.013079;;,
   8160;4;-0.244468,0.054037,0.968054,0.013656;;,
   8320;4;-0.248788,0.055697,0.966849,0.014340;;,
   8480;4;-0.255156,0.057159,0.965090,0.015126;;,
   8640;4;-0.262235,0.058483,0.963099,0.015932;;,
   8800;4;-0.268352,0.059473,0.961340,0.016608;;,
   8960;4;-0.272238,0.061378,0.960112,0.017438;;,
   9120;4;-0.275886,0.063377,0.958924,0.018284;;,
   9280;4;-0.279397,0.065430,0.957753,0.019140;;,
   9440;4;-0.282869,0.067496,0.956572,0.019997;;,
   9600;4;-0.286402,0.069533,0.955356,0.020849;;;
  }

  AnimationKey T {
   2;
   61;
   0;3;0.032240,120.266125,0.697238;;,
   160;3;-0.266853,119.756608,1.411209;;,
   320;3;-0.576336,119.312115,2.103654;;,
   480;3;-0.932331,118.995725,2.766583;;,
   640;3;-1.268040,118.878259,3.337862;;,
   800;3;-1.515018,119.089626,3.728523;;,
   960;3;-1.714326,119.515674,4.011074;;,
   1120;3;-1.835514,120.319078,4.119769;;,
   1280;3;-1.892624,121.481306,4.034850;;,
   1440;3;-1.887586,122.709850,3.848880;;,
   1600;3;-1.764946,123.936819,3.516097;;,
   1760;3;-1.569344,125.108659,3.095094;;,
   1920;3;-1.250188,125.971264,2.551053;;,
   2080;3;-0.822775,126.416845,1.865743;;,
   2240;3;-0.354188,126.574989,1.143992;;,
   2400;3;0.160453,126.236646,0.403069;;,
   2560;3;0.699401,125.626995,-0.341944;;,
   2720;3;1.253848,124.688781,-1.050296;;,
   2880;3;1.848408,123.498726,-1.739818;;,
   3040;3;2.434044,122.316685,-2.390375;;,
   3200;3;2.984625,121.259891,-2.958511;;,
   3360;3;3.495311,120.339251,-3.469814;;,
   3520;3;3.875766,119.871488,-3.864012;;,
   3680;3;4.103564,119.910106,-4.108793;;,
   3840;3;4.225788,120.175731,-4.233176;;,
   4000;3;4.163849,120.753242,-4.135322;;,
   4160;3;4.005147,121.469606,-3.918636;;,
   4320;3;3.742248,122.207373,-3.561151;;,
   4480;3;3.148273,121.994445,-2.886141;;,
   4640;3;2.515818,121.712102,-2.185690;;,
   4800;3;1.866443,121.379226,-1.468474;;,
   4960;3;1.221691,121.014694,-0.743143;;,
   5120;3;0.603103,120.637363,-0.018347;;,
   5280;3;0.032240,120.266125,0.697238;;,
   5440;3;-0.325736,119.785382,1.412432;;,
   5600;3;-0.576336,119.312115,2.103654;;,
   5760;3;-0.932331,118.995725,2.766583;;,
   5920;3;-1.268040,118.878259,3.337862;;,
   6080;3;-1.515018,119.089613,3.728523;;,
   6240;3;-1.714326,119.515674,4.011074;;,
   6400;3;-1.835514,120.319078,4.119769;;,
   6560;3;-1.892624,121.481293,4.034850;;,
   6720;3;-1.887586,122.709837,3.848880;;,
   6880;3;-1.764946,123.936819,3.516097;;,
   7040;3;-1.569344,125.108659,3.095094;;,
   7200;3;-1.250188,125.971264,2.551053;;,
   7360;3;-0.822775,126.416819,1.865743;;,
   7520;3;-0.354188,126.574963,1.143992;;,
   7680;3;0.160453,126.236634,0.403069;;,
   7840;3;0.699401,125.626982,-0.341944;;,
   8000;3;1.253848,124.688781,-1.050296;;,
   8160;3;1.848408,123.498714,-1.739818;;,
   8320;3;2.434044,122.316672,-2.390375;;,
   8480;3;2.984625,121.259878,-2.958511;;,
   8640;3;3.495311,120.339238,-3.469814;;,
   8800;3;3.875766,119.871462,-3.864012;;,
   8960;3;3.229635,119.892083,-3.091113;;,
   9120;3;2.476256,119.963725,-2.196287;;,
   9280;3;1.661582,120.064525,-1.231776;;,
   9440;3;0.831593,120.172621,-0.249854;;,
   9600;3;0.032240,120.266125,0.697238;;;
  }
 }

 Animation {
  
  { Bip001_Pelvis }

  AnimationKey S {
   1;
   2;
   0;3;1.000000,1.000000,1.000000;;,
   9600;3;1.000000,1.000000,1.000000;;;
  }

  AnimationKey R {
   0;
   56;
   0;4;-0.483510,0.515964,0.483509,0.515964;;,
   160;4;-0.482325,0.517071,0.482325,0.517072;;,
   320;4;-0.481261,0.518061,0.481261,0.518062;;,
   480;4;-0.480461,0.518804,0.480460,0.518804;;,
   640;4;-0.479990,0.519240,0.479989,0.519240;;,
   800;4;-0.480033,0.519200,0.480032,0.519200;;,
   960;4;-0.480372,0.518886,0.480371,0.518887;;,
   1120;4;-0.481097,0.518214,0.481096,0.518215;;,
   1280;4;-0.482186,0.517200,0.482186,0.517201;;,
   1440;4;-0.483478,0.515994,0.483477,0.515994;;,
   1600;4;-0.485117,0.514453,0.485116,0.514454;;,
   1760;4;-0.486851,0.512812,0.486851,0.512812;;,
   1920;4;-0.488381,0.511356,0.488380,0.511356;;,
   2080;4;-0.489378,0.510401,0.489378,0.510401;;,
   2240;4;-0.490207,0.509605,0.490206,0.509606;;,
   2400;4;-0.490891,0.508946,0.490890,0.508947;;,
   2560;4;-0.491500,0.508359,0.491499,0.508359;;,
   2720;4;-0.492094,0.507783,0.492093,0.507784;;,
   2880;4;-0.492530,0.507360,0.492529,0.507361;;,
   3040;4;-0.493013,0.506891,0.493012,0.506892;;,
   3200;4;-0.493711,0.506211,0.493711,0.506211;;,
   3360;4;-0.494490,0.505450,0.494489,0.505451;;,
   3520;4;-0.495292,0.504664,0.495292,0.504664;;,
   3680;4;-0.495745,0.504219,0.495744,0.504220;;,
   3840;4;-0.496091,0.503879,0.496090,0.503879;;,
   4000;4;-0.496331,0.503643,0.496330,0.503643;;,
   4160;4;-0.496574,0.503403,0.496573,0.503404;;,
   4320;4;-0.497073,0.502910,0.497072,0.502911;;,
   5280;4;-0.497137,0.502846,0.497137,0.502847;;,
   5440;4;-0.496698,0.503280,0.496697,0.503281;;,
   5600;4;-0.496217,0.503755,0.496216,0.503756;;,
   5760;4;-0.496032,0.503937,0.496032,0.503937;;,
   5920;4;-0.495794,0.504171,0.495793,0.504172;;,
   6080;4;-0.495216,0.504739,0.495215,0.504739;;,
   6240;4;-0.494499,0.505441,0.494499,0.505442;;,
   6400;4;-0.493675,0.506246,0.493674,0.506247;;,
   6560;4;-0.493063,0.506842,0.493062,0.506843;;,
   6720;4;-0.492511,0.507378,0.492511,0.507379;;,
   6880;4;-0.492012,0.507862,0.492012,0.507863;;,
   7040;4;-0.491506,0.508352,0.491506,0.508352;;,
   7200;4;-0.490843,0.508992,0.490843,0.508993;;,
   7360;4;-0.490203,0.509609,0.490202,0.509609;;,
   7520;4;-0.489415,0.510366,0.489414,0.510366;;,
   7680;4;-0.488249,0.511481,0.488249,0.511482;;,
   7840;4;-0.486870,0.512794,0.486869,0.512795;;,
   8000;4;-0.485160,0.514413,0.485159,0.514413;;,
   8160;4;-0.483544,0.515932,0.483543,0.515932;;,
   8320;4;-0.482120,0.517262,0.482119,0.517263;;,
   8480;4;-0.481128,0.518185,0.481127,0.518186;;,
   8640;4;-0.480378,0.518880,0.480377,0.518881;;,
   8800;4;-0.479986,0.519243,0.479985,0.519244;;,
   8960;4;-0.480575,0.518698,0.480575,0.518698;;,
   9120;4;-0.481267,0.518056,0.481266,0.518057;;,
   9280;4;-0.482015,0.517360,0.482015,0.517361;;,
   9440;4;-0.482778,0.516649,0.482777,0.516649;;,
   9600;4;-0.483510,0.515964,0.483509,0.515964;;;
  }

  AnimationKey T {
   2;
   2;
   0;3;0.000000,0.000000,0.000000;;,
   9600;3;0.000000,0.000000,0.000000;;;
  }
 }

 Animation {
  
  { Bip001_Spine }

  AnimationKey S {
   1;
   2;
   0;3;1.000000,1.000000,1.000000;;,
   9600;3;1.000000,1.000000,1.000000;;;
  }

  AnimationKey R {
   0;
   61;
   0;4;0.986183,0.078897,0.140722,0.037636;;,
   160;4;0.985680,0.079378,0.143048,0.040883;;,
   320;4;0.985167,0.080404,0.145076,0.043987;;,
   480;4;0.984646,0.082820,0.146334,0.046889;;,
   640;4;0.984136,0.086210,0.147044,0.049210;;,
   800;4;0.983648,0.090636,0.147231,0.050452;;,
   960;4;0.983191,0.095509,0.147037,0.050920;;,
   1120;4;0.982902,0.100235,0.146218,0.049764;;,
   1280;4;0.982931,0.103703,0.144582,0.046784;;,
   1440;4;0.983192,0.106012,0.142244,0.043150;;,
   1600;4;0.983921,0.105919,0.138502,0.038706;;,
   1760;4;0.984792,0.104978,0.134158,0.034150;;,
   1920;4;0.985569,0.104397,0.129640,0.030787;;,
   2080;4;0.986031,0.104495,0.126432,0.028970;;,
   2240;4;0.986393,0.103832,0.124499,0.027336;;,
   2400;4;0.986672,0.100877,0.125152,0.025288;;,
   2560;4;0.986911,0.096745,0.126927,0.023175;;,
   2720;4;0.987196,0.091060,0.129233,0.021240;;,
   2880;4;0.987554,0.084384,0.131144,0.020435;;,
   3040;4;0.987851,0.078011,0.132933,0.019846;;,
   3200;4;0.988026,0.072869,0.134632,0.019208;;,
   3360;4;0.988121,0.068522,0.136304,0.018539;;,
   3520;4;0.988068,0.065886,0.138095,0.017642;;,
   3680;4;0.987916,0.065171,0.139552,0.017293;;,
   3840;4;0.987785,0.065004,0.140592,0.017011;;,
   4000;4;0.987758,0.065259,0.140710,0.016641;;,
   4160;4;0.987780,0.065576,0.140468,0.016138;;,
   4320;4;0.987863,0.065131,0.140206,0.015084;;,
   4480;4;0.987732,0.066628,0.140502,0.014335;;,
   4640;4;0.987590,0.068325,0.140768,0.013513;;,
   4800;4;0.987432,0.070121,0.141067,0.012711;;,
   4960;4;0.987255,0.071919,0.141459,0.012025;;,
   5120;4;0.987057,0.073619,0.142007,0.011546;;,
   5280;4;0.986835,0.075123,0.142773,0.011371;;,
   5440;4;0.986480,0.075559,0.144864,0.012792;;,
   5600;4;0.986032,0.076124,0.147367,0.015137;;,
   5760;4;0.985618,0.078327,0.148788,0.016892;;,
   5920;4;0.985187,0.081629,0.149636,0.018799;;,
   6080;4;0.984711,0.086231,0.149853,0.021265;;,
   6240;4;0.984222,0.091417,0.149615,0.023786;;,
   6400;4;0.983828,0.096615,0.148635,0.025617;;,
   6560;4;0.983703,0.100609,0.146752,0.025896;;,
   6720;4;0.983800,0.103484,0.144094,0.025786;;,
   6880;4;0.984353,0.104041,0.139918,0.025430;;,
   7040;4;0.985062,0.103751,0.135110,0.025170;;,
   7200;4;0.985707,0.103770,0.130142,0.026029;;,
   7360;4;0.986076,0.104290,0.126601,0.027375;;,
   7520;4;0.986350,0.104025,0.124338,0.028867;;,
   7680;4;0.986528,0.101524,0.124628,0.030396;;,
   7840;4;0.986660,0.097892,0.126045,0.032123;;,
   8000;4;0.986817,0.092805,0.127986,0.034631;;,
   8160;4;0.987043,0.086673,0.129642,0.037774;;,
   8320;4;0.987205,0.080820,0.131243,0.040853;;,
   8480;4;0.987256,0.076154,0.132802,0.043471;;,
   8640;4;0.987235,0.072250,0.134364,0.045752;;,
   8800;4;0.987099,0.069984,0.136064,0.047168;;,
   8960;4;0.986936,0.071340,0.137069,0.045616;;,
   9120;4;0.986763,0.073071,0.138006,0.043753;;,
   9280;4;0.986579,0.075016,0.138906,0.041713;;,
   9440;4;0.986384,0.077012,0.139802,0.039630;;,
   9600;4;0.986183,0.078897,0.140722,0.037636;;;
  }

  AnimationKey T {
   2;
   61;
   0;3;14.235405,-0.927374,-0.012169;;,
   160;3;14.231064,-0.992654,-0.012150;;,
   320;3;14.226922,-1.051182,-0.012133;;,
   480;3;14.223626,-1.095159,-0.012112;;,
   640;3;14.221626,-1.121075,-0.012093;;,
   800;3;14.221810,-1.118830,-0.012070;;,
   960;3;14.223251,-1.100378,-0.012049;;,
   1120;3;14.226235,-1.060723,-0.012032;;,
   1280;3;14.230515,-1.000930,-0.012026;;,
   1440;3;14.235283,-0.929847,-0.012028;;,
   1600;3;14.240822,-0.839253,-0.012054;;,
   1760;3;14.246040,-0.743035,-0.012091;;,
   1920;3;14.250107,-0.657926,-0.012126;;,
   2080;3;14.252486,-0.602258,-0.012145;;,
   2240;3;14.254318,-0.555949,-0.012161;;,
   2400;3;14.255768,-0.517583,-0.012174;;,
   2560;3;14.257042,-0.483357,-0.012182;;,
   2720;3;14.258179,-0.449855,-0.012196;;,
   2880;3;14.258979,-0.425211,-0.012211;;,
   3040;3;14.259803,-0.397884,-0.012226;;,
   3200;3;14.260880,-0.358432,-0.012236;;,
   3360;3;14.261978,-0.314433,-0.012239;;,
   3520;3;14.262947,-0.269041,-0.012235;;,
   3680;3;14.263421,-0.243429,-0.012228;;,
   3840;3;14.263779,-0.223851,-0.012219;;,
   4000;3;14.263978,-0.210290,-0.012219;;,
   4160;3;14.264176,-0.196522,-0.012218;;,
   4320;3;14.264542,-0.168212,-0.012222;;,
   4480;3;14.264573,-0.164597,-0.012218;;,
   4640;3;14.264634,-0.161998,-0.012205;;,
   4800;3;14.264642,-0.160747,-0.012197;;,
   4960;3;14.264642,-0.161183,-0.012190;;,
   5120;3;14.264634,-0.163639,-0.012180;;,
   5280;3;14.264603,-0.168451,-0.012167;;,
   5440;3;14.264374,-0.189726,-0.012150;;,
   5600;3;14.264046,-0.217030,-0.012131;;,
   5760;3;14.263917,-0.227516,-0.012112;;,
   5920;3;14.263718,-0.241105,-0.012091;;,
   6080;3;14.263146,-0.273890,-0.012066;;,
   6240;3;14.262283,-0.314491,-0.012047;;,
   6400;3;14.261147,-0.361111,-0.012028;;,
   6560;3;14.260194,-0.395646,-0.012026;;,
   6720;3;14.259238,-0.426731,-0.012030;;,
   6880;3;14.258270,-0.454771,-0.012054;;,
   7040;3;14.257218,-0.483150,-0.012092;;,
   7200;3;14.255782,-0.520311,-0.012125;;,
   7360;3;14.254357,-0.556164,-0.012145;;,
   7520;3;14.252510,-0.600201,-0.012161;;,
   7680;3;14.249672,-0.665166,-0.012173;;,
   7840;3;14.245918,-0.741823,-0.012181;;,
   8000;3;14.240730,-0.836533,-0.012196;;,
   8160;3;14.235261,-0.925676,-0.012211;;,
   8320;3;14.229995,-1.003971,-0.012228;;,
   8480;3;14.226074,-1.058388,-0.012237;;,
   8640;3;14.223008,-1.099428,-0.012238;;,
   8800;3;14.221360,-1.120854,-0.012237;;,
   8960;3;14.223885,-1.088587,-0.012224;;,
   9120;3;14.226776,-1.050702,-0.012213;;,
   9280;3;14.229774,-1.009601,-0.012198;;,
   9440;3;14.232696,-0.967689,-0.012182;;,
   9600;3;14.235405,-0.927374,-0.012169;;;
  }
 }

 Animation {
  
  { Bip001_Spine1 }

  AnimationKey S {
   1;
   2;
   0;3;1.000000,1.000000,1.000000;;,
   9600;3;1.000000,1.000000,1.000000;;;
  }

  AnimationKey R {
   0;
   2;
   0;4;1.000000,-0.000000,0.000000,-0.000000;;,
   9600;4;1.000000,0.000000,-0.000000,-0.000000;;;
  }

  AnimationKey T {
   2;
   2;
   0;3;16.122208,-0.000000,-0.012836;;,
   9600;3;16.122208,-0.000000,-0.012836;;;
  }
 }

 Animation {
  
  { Bip001_Spine2 }

  AnimationKey S {
   1;
   2;
   0;3;1.000000,1.000000,1.000000;;,
