xof 0303txt 0032
template Frame {
 <3d82ab46-62da-11cf-ab39-0020af71e433>
 [...]
}

template Matrix4x4 {
 <f6f23f45-7686-11cf-8f52-0040333594a3>
 array FLOAT matrix[16];
}

template FrameTransformMatrix {
 <f6f23f41-7686-11cf-8f52-0040333594a3>
 Matrix4x4 frameMatrix;
}

template Vector {
 <3d82ab5e-62da-11cf-ab39-0020af71e433>
 FLOAT x;
 FLOAT y;
 FLOAT z;
}

template MeshFace {
 <3d82ab5f-62da-11cf-ab39-0020af71e433>
 DWORD nFaceVertexIndices;
 array DWORD faceVertexIndices[nFaceVertexIndices];
}

template Mesh {
 <3d82ab44-62da-11cf-ab39-0020af71e433>
 DWORD nVertices;
 array Vector vertices[nVertices];
 DWORD nFaces;
 array MeshFace faces[nFaces];
 [...]
}

template ColorRGBA {
 <35ff44e0-6c7c-11cf-8f52-0040333594a3>
 FLOAT red;
 FLOAT green;
 FLOAT blue;
 FLOAT alpha;
}

template ColorRGB {
 <d3e16e81-7835-11cf-8f52-0040333594a3>
 FLOAT red;
 FLOAT green;
 FLOAT blue;
}

template Material {
 <3d82ab4d-62da-11cf-ab39-0020af71e433>
 ColorRGBA faceColor;
 FLOAT power;
 ColorRGB specularColor;
 ColorRGB emissiveColor;
 [...]
}

template MeshMaterialList {
 <f6f23f42-7686-11cf-8f52-0040333594a3>
 DWORD nMaterials;
 DWORD nFaceIndexes;
 array DWORD faceIndexes[nFaceIndexes];
 [Material <3d82ab4d-62da-11cf-ab39-0020af71e433>]
}

template VertexElement {
 <f752461c-1e23-48f6-b9f8-8350850f336f>
 DWORD Type;
 DWORD Method;
 DWORD Usage;
 DWORD UsageIndex;
}

template DeclData {
 <bf22e553-292c-4781-9fea-62bd554bdd93>
 DWORD nElements;
 array VertexElement Elements[nElements];
 DWORD nDWords;
 array DWORD data[nDWords];
}

template XSkinMeshHeader {
 <3cf169ce-ff7c-44ab-93c0-f78f62d172e2>
 WORD nMaxSkinWeightsPerVertex;
 WORD nMaxSkinWeightsPerFace;
 WORD nBones;
}

template SkinWeights {
 <6f0d123b-bad2-4167-a0d0-80224f25fabb>
 STRING transformNodeName;
 DWORD nWeights;
 array DWORD vertexIndices[nWeights];
 array FLOAT weights[nWeights];
 Matrix4x4 matrixOffset;
}

template AnimTicksPerSecond {
 <9e415a43-7ba6-4a73-8743-b73d47e88476>
 DWORD AnimTicksPerSecond;
}

template Animation {
 <3d82ab4f-62da-11cf-ab39-0020af71e433>
 [...]
}

template AnimationSet {
 <3d82ab50-62da-11cf-ab39-0020af71e433>
 [Animation <3d82ab4f-62da-11cf-ab39-0020af71e433>]
}

template FloatKeys {
 <10dd46a9-775b-11cf-8f52-0040333594a3>
 DWORD nValues;
 array FLOAT values[nValues];
}

template TimedFloatKeys {
 <f406b180-7b3b-11cf-8f52-0040333594a3>
 DWORD time;
 FloatKeys tfkeys;
}

template AnimationKey {
 <10dd46a8-775b-11cf-8f52-0040333594a3>
 DWORD keyType;
 DWORD nKeys;
 array TimedFloatKeys keys[nKeys];
}


Frame Bip001 {
 

 FrameTransformMatrix {
  -0.001703,-0.001190,-0.999998,0.000000,-0.003750,0.999992,-0.001183,0.000000,0.999992,0.003748,-0.001707,0.000000,-0.479831,115.062950,0.060048,1.000000;;
 }

 Frame Bip001_Pelvis {
  

  FrameTransformMatrix {
   0.000000,0.999725,0.023459,0.000000,-0.000001,-0.023459,0.999725,0.000000,1.000000,-0.000000,0.000001,0.000000,0.000000,0.000000,0.000000,1.000000;;
  }

  Frame Bip001_Spine {
   

   FrameTransformMatrix {
    0.906348,-0.243403,0.345383,0.000000,0.017751,0.838622,0.544424,0.000000,-0.422160,-0.487307,0.764404,0.000000,14.263466,-0.328320,-0.009809,1.000000;;
   }

   Frame Bip001_Spine1 {
    

    FrameTransformMatrix {
     0.999901,0.000074,-0.014119,0.000000,-0.001392,0.995637,-0.093300,0.000000,0.014051,0.093311,0.995538,0.000000,16.122024,-0.001198,-0.012775,1.000000;;
    }

    Frame Bip001_Spine2 {
     

     FrameTransformMatrix {
      0.999956,-0.000102,-0.009371,0.000000,0.001306,0.991707,0.128511,0.000000,0.009280,-0.128517,0.991664,0.000000,16.122117,0.001650,-0.012733,1.000000;;
     }

     Frame Bip001_Spine3 {
      

      FrameTransformMatrix {
       0.999899,-0.000192,0.014233,0.000000,-0.003238,0.970635,0.240535,0.000000,-0.013861,-0.240557,0.970536,0.000000,16.122390,0.003088,-0.012459,1.000000;;
      }

      Frame Bip001_Neck {
       

       FrameTransformMatrix {
        0.968599,-0.000303,0.248630,0.000000,-0.094523,0.924466,0.369363,0.000000,-0.229962,-0.381266,0.895407,0.000000,16.123947,0.002822,-0.006638,1.000000;;
       }

       Frame Bip001_L_Clavicle {
        

        FrameTransformMatrix {
         0.168497,0.881374,-0.441348,0.000000,0.953657,-0.259006,-0.153150,0.000000,-0.249295,-0.395089,-0.884170,0.000000,-0.001312,4.012734,-1.647522,1.000000;;
        }

        Frame Bip001_L_UpperArm {
         

         FrameTransformMatrix {
          0.271380,-0.279780,-0.920911,0.000000,0.808723,0.585062,0.060573,0.000000,0.521843,-0.761201,0.385038,0.000000,16.122226,0.000015,0.000004,1.000000;;
         }

         Frame Bip001_L_Forearm {
          

          FrameTransformMatrix {
           0.114418,-0.000000,-0.993433,0.000000,0.000000,1.000000,0.000000,0.000000,0.993433,-0.000000,0.114418,0.000000,44.136810,0.000000,0.000000,1.000000;;
          }

          Frame Bip001_L_Hand {
           

           FrameTransformMatrix {
            0.960668,-0.275052,0.038259,0.000000,-0.175416,-0.494241,0.851443,0.000000,-0.215282,-0.824665,-0.523050,0.000000,37.683366,-0.000015,0.000015,1.000000;;
           }

           Frame Bip001_L_Finger0 {
            

            FrameTransformMatrix {
             0.458539,-0.296078,0.837902,0.000000,0.679099,-0.491421,-0.545281,0.000000,0.573208,0.819051,-0.024270,0.000000,4.289879,-5.456864,2.394806,1.000000;;
            }

            Frame Bip001_L_Finger01 {
             

             FrameTransformMatrix {
              0.926974,0.000000,0.375125,0.000000,0.143022,0.924466,-0.353423,0.000000,-0.346790,0.381266,0.856956,0.000000,3.875534,0.000000,0.000008,1.000000;;
             }

             Frame Bip001_L_Finger02 {
              

              FrameTransformMatrix {
               0.944212,-0.000000,0.329340,0.000000,0.125566,0.924466,-0.359995,0.000000,-0.304463,0.381266,0.872891,0.000000,3.875536,-0.000015,0.000004,1.000000;;
              }

              Frame Bip001_L_Finger0Nub {
               

               FrameTransformMatrix {
                1.000000,-0.000000,-0.000000,0.000000,0.000000,1.000000,0.000000,0.000000,0.000000,0.000000,1.000000,0.000000,3.875538,0.000015,0.000000,1.000000;;
               }
              }
             }
            }
           }

           Frame Bip001_L_Finger1 {
            

            FrameTransformMatrix {
             0.817774,-0.000458,0.575539,0.000000,0.219433,0.924714,-0.311053,0.000000,-0.532066,0.380663,0.756307,0.000000,11.734276,-5.461197,-0.417763,1.000000;;
            }

            Frame Bip001_L_Finger11 {
             

             FrameTransformMatrix {
              0.377518,-0.000000,0.926003,0.000000,0.353053,0.924466,-0.143934,0.000000,-0.856058,0.381265,0.349002,0.000000,4.650634,-0.000008,0.000031,1.000000;;
             }

             Frame Bip001_L_Finger12 {
              

              FrameTransformMatrix {
               0.969062,0.000000,0.246816,0.000000,0.094102,0.924466,-0.369470,0.000000,-0.228172,0.381266,0.895865,0.000000,4.650650,0.000000,-0.000008,1.000000;;
              }

              Frame Bip001_L_Finger1Nub {
               

               FrameTransformMatrix {
                1.000000,0.000000,0.000000,0.000000,-0.000000,1.000000,0.000000,0.000000,0.000000,0.000000,1.000000,0.000000,4.650635,0.000004,0.000000,1.000000;;
               }
              }
             }
            }
           }

           Frame Bip001_L_Finger2 {
            

            FrameTransformMatrix {
             0.887236,0.245704,0.390438,0.000000,-0.304786,0.947539,0.096308,0.000000,-0.346292,-0.204448,0.915578,0.000000,11.686767,-1.501312,-0.364784,1.000000;;
            }

            Frame Bip001_L_Finger21 {
             

             FrameTransformMatrix {
              0.483117,0.205077,0.851200,0.000000,-0.247273,0.964564,-0.092045,0.000000,-0.839913,-0.166010,0.516708,0.000000,4.698429,0.000015,0.000008,1.000000;;
             }

             Frame Bip001_L_Finger22 {
              

              FrameTransformMatrix {
               0.483117,0.205077,0.851200,0.000000,-0.247272,0.964564,-0.092045,0.000000,-0.839913,-0.166010,0.516708,0.000000,5.425751,0.000015,0.000004,1.000000;;
              }

              Frame Bip001_L_Finger2Nub {
               

               FrameTransformMatrix {
                1.000000,0.000000,-0.000000,0.000000,-0.000000,1.000000,0.000000,0.000000,-0.000000,-0.000000,1.000000,0.000000,5.425743,-0.000008,0.000000,1.000000;;
               }
              }
             }
            }
           }

           Frame Bip001_L_Finger3 {
            

            FrameTransformMatrix {
             0.838997,0.358148,0.409651,0.000000,-0.443908,0.885900,0.134636,0.000000,-0.314691,-0.294807,0.902252,0.000000,11.686188,1.606110,-0.362923,1.000000;;
            }

            Frame Bip001_L_Finger31 {
             

             FrameTransformMatrix {
              0.420653,0.302999,0.855127,0.000000,-0.345822,0.924965,-0.157629,0.000000,-0.838724,-0.229415,0.493873,0.000000,4.316544,0.000015,-0.000008,1.000000;;
             }

             Frame Bip001_L_Finger32 {
              

              FrameTransformMatrix {
               0.420653,0.302999,0.855127,0.000000,-0.345822,0.924965,-0.157629,0.000000,-0.838724,-0.229415,0.493873,0.000000,4.650620,0.000000,0.000008,1.000000;;
              }

              Frame Bip001_L_Finger3Nub {
               

               FrameTransformMatrix {
                1.000000,0.000000,0.000000,0.000000,-0.000000,1.000000,-0.000000,0.000000,-0.000000,0.000000,1.000000,0.000000,4.650642,0.000000,0.000000,1.000000;;
               }
              }
             }
            }
           }

           Frame Bip001_L_Finger4 {
            

            FrameTransformMatrix {
             0.776892,0.288542,0.559627,0.000000,-0.357509,0.933792,0.014844,0.000000,-0.518292,-0.211603,0.828612,0.000000,10.216782,4.386826,-0.631813,1.000000;;
            }

            Frame Bip001_L_Finger41 {
             

             FrameTransformMatrix {
              0.573161,0.257485,0.777938,0.000000,-0.303919,0.948438,-0.089999,0.000000,-0.760999,-0.184846,0.621862,0.000000,3.003708,0.000000,0.000000,1.000000;;
             }

             Frame Bip001_L_Finger42 {
              

              FrameTransformMatrix {
               0.708781,0.288220,0.643863,0.000000,-0.303918,0.948438,-0.089999,0.000000,-0.636603,-0.131892,0.759830,0.000000,3.003708,-0.000015,0.000004,1.000000;;
              }

              Frame Bip001_L_Finger4Nub {
               

               FrameTransformMatrix {
                1.000000,-0.000000,0.000000,0.000000,-0.000000,1.000000,0.000000,0.000000,0.000000,0.000000,1.000000,0.000000,3.003708,0.000000,0.000000,1.000000;;
               }
              }
             }
            }
           }
          }
         }
        }
       }

       Frame Bip001_R_Clavicle {
        

        FrameTransformMatrix {
         0.211455,-0.849154,0.483967,0.000000,-0.946054,-0.053449,0.319570,0.000000,-0.245496,-0.525434,-0.814648,0.000000,0.001312,-4.012726,1.662346,1.000000;;
        }

        Frame Bip001_R_UpperArm {
         

         FrameTransformMatrix {
          0.502376,0.281742,-0.817460,0.000000,-0.831654,0.416133,-0.367676,0.000000,0.236583,0.864555,0.443367,0.000000,16.122222,-0.000015,-0.000004,1.000000;;
         }

         Frame Bip001_R_Forearm {
          

          FrameTransformMatrix {
           -0.103332,0.000000,-0.994647,0.000000,-0.000000,1.000000,-0.000000,0.000000,0.994647,0.000000,-0.103332,0.000000,44.136806,0.000015,0.000008,1.000000;;
          }

          Frame Bip001_R_Hand {
           

           FrameTransformMatrix {
            0.969391,0.018494,-0.244827,0.000000,-0.162561,-0.698945,-0.696456,0.000000,-0.184001,0.714937,-0.674544,0.000000,37.683373,-0.000015,0.000000,1.000000;;
           }

           Frame Bip001_R_Finger0 {
            

            FrameTransformMatrix {
             0.049494,0.567669,0.821768,0.000000,-0.059997,-0.819600,0.569786,0.000000,0.996971,-0.077504,-0.006507,0.000000,4.289871,5.456856,2.394814,1.000000;;
            }

            Frame Bip001_R_Finger01 {
             

             FrameTransformMatrix {
              0.446311,-0.000000,0.894878,0.000000,-0.341186,0.924466,0.170163,0.000000,-0.827284,-0.381265,0.412599,0.000000,3.875538,0.000015,0.000000,1.000000;;
             }

             Frame Bip001_R_Finger02 {
              

              FrameTransformMatrix {
               0.723992,0.630879,0.278977,0.000000,-0.666114,0.744486,0.045095,0.000000,-0.179245,-0.218479,0.959239,0.000000,3.875542,0.000000,0.000000,1.000000;;
              }

              Frame Bip001_R_Finger0Nub {
               

               FrameTransformMatrix {
                -1.000000,-0.000000,-0.000000,0.000000,-0.000000,1.000000,-0.000000,0.000000,0.000000,-0.000000,-1.000000,0.000000,3.875534,0.000015,-0.000015,1.000000;;
               }
              }
             }
            }
           }

           Frame Bip001_R_Finger1 {
            

            FrameTransformMatrix {
             0.918867,-0.078722,0.386634,0.000000,-0.081631,0.920766,0.381479,0.000000,-0.386031,-0.382089,0.839636,0.000000,11.734283,5.461212,-0.417755,1.000000;;
            }

            Frame Bip001_R_Finger11 {
             

             FrameTransformMatrix {
              0.303980,0.095772,0.947852,0.000000,-0.380197,0.924466,0.028522,0.000000,-0.873525,-0.369041,0.317431,0.000000,4.650650,0.000008,0.000000,1.000000;;
             }

             Frame Bip001_R_Finger12 {
              

              FrameTransformMatrix {
               0.780400,0.075202,0.620742,0.000000,-0.287901,0.924466,0.249953,0.000000,-0.555058,-0.373775,0.743104,0.000000,4.650650,0.000000,0.000000,1.000000;;
              }

              Frame Bip001_R_Finger1Nub {
               

               FrameTransformMatrix {
                -1.000000,0.000000,-0.000000,0.000000,-0.000000,1.000000,0.000000,0.000000,0.000000,0.000000,-1.000000,0.000000,4.650650,0.000000,-0.000004,1.000000;;
               }
              }
             }
            }
           }

           Frame Bip001_R_Finger2 {
            

            FrameTransformMatrix {
             0.910592,-0.302617,0.281506,0.000000,0.330607,0.942063,-0.056706,0.000000,-0.248036,0.144703,0.957883,0.000000,11.686767,1.501328,-0.364784,1.000000;;
            }

            Frame Bip001_R_Finger21 {
             

             FrameTransformMatrix {
              0.519338,-0.218504,0.826162,0.000000,-0.105467,0.942980,0.315698,0.000000,-0.848036,-0.251087,0.466681,0.000000,4.698433,0.000000,0.000000,1.000000;;
             }

             Frame Bip001_R_Finger22 {
              

              FrameTransformMatrix {
               0.429552,-0.211984,0.877809,0.000000,0.261184,0.959676,0.103945,0.000000,-0.864447,0.184620,0.467598,0.000000,5.425743,-0.000008,0.000000,1.000000;;
              }

              Frame Bip001_R_Finger2Nub {
               

               FrameTransformMatrix {
                -1.000000,0.000000,-0.000000,0.000000,-0.000000,1.000000,0.000000,0.000000,0.000000,0.000000,-1.000000,0.000000,5.425781,0.000000,-0.000002,1.000000;;
               }
              }
             }
            }
           }

           Frame Bip001_R_Finger3 {
            

            FrameTransformMatrix {
             0.836763,-0.270136,0.476293,0.000000,0.102919,0.931924,0.347744,0.000000,-0.537807,-0.241959,0.807601,0.000000,11.686188,-1.606094,-0.362900,1.000000;;
            }

            Frame Bip001_R_Finger31 {
             

             FrameTransformMatrix {
              0.534319,-0.150769,0.831728,0.000000,0.339452,0.939409,-0.047782,0.000000,-0.774129,0.307862,0.553123,0.000000,4.316540,0.000000,0.000000,1.000000;;
             }

             Frame Bip001_R_Finger32 {
              

              FrameTransformMatrix {
               0.552403,-0.042042,0.832517,0.000000,-0.115683,0.985197,0.126512,0.000000,-0.825512,-0.166193,0.539362,0.000000,4.650635,-0.000008,0.000000,1.000000;;
              }

              Frame Bip001_R_Finger3Nub {
               

               FrameTransformMatrix {
                -1.000000,0.000000,0.000000,0.000000,-0.000000,1.000000,0.000000,0.000000,0.000000,-0.000000,-1.000000,0.000000,4.650650,0.000000,-0.000004,1.000000;;
               }
              }
             }
            }
           }

           Frame Bip001_R_Finger4 {
            

            FrameTransformMatrix {
             0.667665,0.052265,0.742625,0.000000,-0.191920,0.975899,0.103865,0.000000,-0.719298,-0.211872,0.661605,0.000000,10.216782,-4.386826,-0.631805,1.000000;;
            }

            Frame Bip001_R_Finger41 {
             

             FrameTransformMatrix {
              0.444837,0.077362,0.892264,0.000000,-0.254340,0.966157,0.043032,0.000000,-0.858738,-0.246081,0.449459,0.000000,3.003717,0.000008,0.000000,1.000000;;
             }

             Frame Bip001_R_Finger42 {
              

              FrameTransformMatrix {
               0.634152,0.077361,0.769329,0.000000,-0.238142,0.966157,0.099145,0.000000,-0.735622,-0.246082,0.631113,0.000000,3.003708,0.000000,0.000008,1.000000;;
              }

              Frame Bip001_R_Finger4Nub {
               

               FrameTransformMatrix {
                -1.000000,-0.000000,0.000000,0.000000,0.000000,1.000000,0.000000,0.000000,0.000000,0.000000,-1.000000,0.000000,3.003723,0.000000,0.000004,1.000000;;
               }
              }
             }
            }
           }
          }
         }
        }
       }

       Frame Bip001_Head {
        

        FrameTransformMatrix {
         0.875318,-0.133754,-0.464681,0.000000,-0.249743,0.697838,-0.671305,0.000000,0.414062,0.703656,0.577426,0.000000,15.765381,-0.911514,-0.005150,1.000000;;
        }

        Frame Bip001_HeadNub {
         

         FrameTransformMatrix {
          1.000000,0.000000,0.000000,0.000000,0.000000,1.000000,0.000000,0.000000,0.000000,-0.000000,1.000000,0.000000,29.144013,-0.000002,-0.000008,1.000000;;
         }
        }
       }
      }
     }
    }
   }

   Frame Bip001_L_Thigh {
    

    FrameTransformMatrix {
     -0.506947,0.425068,0.749882,0.000000,0.293387,-0.732925,0.613796,0.000000,0.810512,0.531167,0.246845,0.000000,-16.022805,10.427850,-0.174438,1.000000;;
    }

    Frame Bip001_L_Calf {
     

     FrameTransformMatrix {
      0.689395,0.000000,-0.724386,0.000000,0.000000,1.000000,-0.000000,0.000000,0.724386,0.000000,0.689395,0.000000,54.040717,0.000000,0.000000,1.000000;;
     }

     Frame Bip001_L_Foot {
      

      FrameTransformMatrix {
       0.991841,-0.018427,0.126143,0.000000,0.004714,0.994123,0.108153,0.000000,-0.127394,-0.106676,0.986099,0.000000,58.826848,-0.000001,-0.000004,1.000000;;
      }

      Frame Bip001_L_Toe0 {
       

       FrameTransformMatrix {
        0.000000,-0.000000,1.000000,0.000000,-0.000000,1.000000,0.000000,0.000000,-1.000000,-0.000000,-0.000000,0.000000,14.261973,0.000000,18.354525,1.000000;;
       }

       Frame Bip001_L_Toe01 {
        

        FrameTransformMatrix {
         1.000000,-0.000000,-0.000000,0.000000,0.000000,1.000000,0.000000,0.000000,0.000000,-0.000000,1.000000,0.000000,1.860256,-0.000000,0.000000,1.000000;;
        }

        Frame Bip001_L_Toe02 {
         

         FrameTransformMatrix {
          1.000000,-0.000000,-0.000000,0.000000,0.000000,1.000000,0.000000,0.000000,0.000000,-0.000000,1.000000,0.000000,1.860256,0.000000,-0.000000,1.000000;;
         }

         Frame Bip001_L_Toe0Nub {
          

          FrameTransformMatrix {
           -1.000000,0.000000,-0.000000,0.000000,0.000000,1.000000,-0.000000,0.000000,0.000000,0.000000,-1.000000,0.000000,1.860260,-0.000000,0.000000,1.000000;;
          }
         }
        }
       }
      }
     }
    }
   }

   Frame Bip001_R_Thigh {
    

    FrameTransformMatrix {
     -0.807648,-0.153226,0.569409,0.000000,0.199058,-0.979810,0.018680,0.000000,0.555050,0.128432,0.821842,0.000000,-9.985558,-10.372865,11.912395,1.000000;;
    }

    Frame Bip001_R_Calf {
     

     FrameTransformMatrix {
      0.732088,-0.000000,-0.681210,0.000000,-0.000000,1.000000,0.000000,0.000000,0.681210,0.000000,0.732088,0.000000,53.736070,0.000000,0.000000,1.000000;;
     }

     Frame Bip001_R_Foot {
      

      FrameTransformMatrix {
       0.826402,-0.176057,0.534849,0.000000,0.260161,0.961782,-0.085387,0.000000,-0.499375,0.209711,0.840622,0.000000,59.151955,0.000002,0.000000,1.000000;;
      }

      Frame Bip001_R_Toe0 {
       

       FrameTransformMatrix {
        0.000000,0.000000,1.000000,0.000000,-0.000000,1.000000,-0.000000,0.000000,-1.000000,-0.000000,0.000000,0.000000,14.261973,0.000000,18.354530,1.000000;;
       }

       Frame Bip001_R_Toe01 {
        

        FrameTransformMatrix {
         1.000000,0.000000,0.000000,0.000000,-0.000000,1.000000,0.000000,0.000000,0.000000,0.000000,1.000000,0.000000,1.860259,0.000000,0.000000,1.000000;;
        }

        Frame Bip001_R_Toe02 {
         

         FrameTransformMatrix {
          1.000000,0.000000,0.000000,0.000000,-0.000000,1.000000,0.000000,0.000000,0.000000,0.000000,1.000000,0.000000,1.860255,0.000000,0.000000,1.000000;;
         }

         Frame Bip001_R_Toe0Nub {
          

          FrameTransformMatrix {
           1.000000,0.000000,0.000000,0.000000,-0.000000,1.000000,0.000000,0.000000,0.000000,0.000000,1.000000,0.000000,1.860257,0.000000,-0.000000,1.000000;;
          }
         }
        }
       }
      }
     }
    }
   }
  }
 }
}

Frame Box001 {
 

 FrameTransformMatrix {
  0.667112,0.000000,0.000000,0.000000,0.000000,0.696682,0.000000,0.000000,0.000000,0.000000,0.492662,0.000000,0.000000,0.000000,0.000000,1.000000;;
 }

 Mesh Box001 {
  24;
  10.572254;20.319750;-176.362547;,
  13.727634;19.479120;-172.382848;,
  10.759651;19.129928;-172.335910;,
  13.540235;20.668941;-176.409485;,
  10.356418;22.072691;-175.308339;,
  13.511800;21.232061;-171.328627;,
  13.324401;22.421880;-175.355264;,
  10.543817;20.882870;-171.281690;,
  10.572254;20.319750;-176.362547;,
  13.324401;22.421880;-175.355264;,
  13.540235;20.668941;-176.409485;,
  10.356418;22.072691;-175.308339;,
  13.540235;20.668941;-176.409485;,
  13.511800;21.232061;-171.328627;,
  13.727634;19.479120;-172.382848;,
  13.324401;22.421880;-175.355264;,
  13.727634;19.479120;-172.382848;,
  10.543817;20.882870;-171.281690;,
  10.759651;19.129928;-172.335910;,
  13.511800;21.232061;-171.328627;,
  10.759651;19.129928;-172.335910;,
  10.356418;22.072691;-175.308339;,
  10.572254;20.319750;-176.362547;,
  10.543817;20.882870;-171.281690;;
  12;
  3;0,1,2;,
  3;1,0,3;,
  3;4,5,6;,
  3;5,4,7;,
  3;8,9,10;,
  3;9,8,11;,
  3;12,13,14;,
  3;13,12,15;,
  3;16,17,18;,
  3;17,16,19;,
  3;20,21,22;,
  3;21,20,23;;

  MeshMaterialList {
   1;
   12;
   0,
   0,
   0,
   0,
   0,
   0,
   0,
   0,
   0,
   0,
   0,
   0;

   Material  {
    0.529412;0.231373;0.031373;1.000000;;
    0.000000;
    0.000000;0.000000;0.000000;;
    0.000000;0.000000;0.000000;;
   }
  }

  DeclData {
   2;
   2;0;3;0;,
   1;0;5;0;;
   120;
   1037836862,
   3212032943,
   3197278703,
   1065353216,
   1065353216,
   1037836862,
   3212032943,
   3197278703,
   0,
   0,
   1037836862,
   3212032943,
   3197278702,
   1065353216,
   0,
   1037836862,
   3212032943,
   3197278702,
   0,
   1065353216,
   3185320461,
   1064549297,
   1049795046,
   0,
   1065353216,
   3185320476,
   1064549297,
   1049795049,
   1065353216,
   0,
   3185320433,
   1064549298,
   1049795041,
   1065353216,
   1065353216,
   3185320506,
   1064549295,
   1049795054,
   0,
   0,
   3180727868,
   1057087926,
   3210464891,
   0,
   1065353216,
   3180727880,
   1057087927,
   3210464890,
   1065353216,
   0,
   3180727899,
   1057087930,
   3210464888,
   1065353216,
   1065353216,
   3180727850,
   1057087924,
   3210464892,
   0,
   0,
   1065216176,
   1040339446,
   3154912959,
   0,
   1065353216,
   1065216176,
   1040339427,
   3154912925,
   1065353216,
   0,
   1065216177,
   1040339413,
   3154912899,
   1065353216,
   1065353216,
   1065216175,
   1040339460,
   3154912985,
   0,
   0,
   1033244243,
   3204571571,
   1062981244,
   0,
   1065353216,
   1033244243,
   3204571571,
   1062981244,
   1065353216,
   0,
   1033244245,
   3204571571,
   1062981244,
   1065353216,
   1065353216,
   1033244241,
   3204571571,
   1062981244,
   0,
   0,
   3212699824,
   3187823092,
   1007429105,
   0,
   1065353216,
   3212699824,
   3187823092,
   1007429105,
   1065353216,
   0,
   3212699824,
   3187823091,
   1007429106,
   1065353216,
   1065353216,
   3212699824,
   3187823091,
   1007429106,
   0,
   0;
  }

  XSkinMeshHeader {
   1;
   1;
   1;
  }

  SkinWeights {
   "Bip001_L_Toe0Nub";
   24;
   0,
   1,
   2,
   3,
   4,
   5,
   6,
   7,
   8,
   9,
   10,
   11,
   12,
   13,
   14,
   15,
   16,
   17,
   18,
   19,
   20,
   21,
   22,
   23;
   1.000000,
   1.000000,
   1.000000,
   1.000000,
   1.000000,
   1.000000,
   1.000000,
   1.000000,
   1.000000,
   1.000000,
   1.000000,
   1.000000,
   1.000000,
   1.000000,
   1.000000,
   1.000000,
   1.000000,
   1.000000,
   1.000000,
   1.000000,
   1.000000,
   1.000000,
   1.000000,
   1.000000;
   -0.182852,-0.641549,0.004260,0.000000,-0.004624,-0.003308,-0.696659,0.000000,0.473783,-0.135053,-0.002503,0.000000,54.288474,7.331986,0.240420,1.000000;;
  }
 }
}

AnimTicksPerSecond  {
 4800;
}

AnimationSet Anim1 {
 

 Animation {
  
  { Bip001 }

  AnimationKey S {
   1;
   2;
   0;3;1.000000,1.000000,1.000000;;,
   8000;3;1.000000,1.000000,1.000000;;;
  }

  AnimationKey R {
   0;
   2;
   0;4;0.706502,0.001745,-0.707708,-0.000906;;,
   8000;4;0.706502,0.001745,-0.707708,-0.000906;;;
  }

  AnimationKey T {
   2;
   51;
   0;3;-0.479831,115.062950,0.060048;;,
   160;3;-0.558435,114.938867,0.147375;;,
   320;3;-0.642550,114.806118,0.240825;;,
   480;3;-0.731389,114.665869,0.339523;;,
   640;3;-0.824165,114.519411,0.442595;;,
   800;3;-0.920090,114.368000,0.549166;;,
   960;3;-1.018378,114.212851,0.658361;;,
   1120;3;-1.118240,114.055219,0.769306;;,
   1280;3;-1.218889,113.896320,0.881125;;,
   1440;3;-1.319538,113.737459,0.992944;;,
   1600;3;-1.419401,113.579827,1.103888;;,
   1760;3;-1.517688,113.424666,1.213083;;,
   1920;3;-1.613613,113.273242,1.319654;;,
   2080;3;-1.706389,113.126797,1.422726;;,
   2240;3;-1.795228,112.986560,1.521424;;,
   2400;3;-1.879343,112.853786,1.614874;;,
   2560;3;-1.957947,112.729715,1.702201;;,
   2720;3;-2.030252,112.615578,1.782530;;,
   2880;3;-2.095470,112.512627,1.854987;;,
   3040;3;-2.152816,112.422106,1.918696;;,
   3200;3;-2.201500,112.345254,1.972783;;,
   3360;3;-2.240736,112.283328,2.016373;;,
   3520;3;-2.269737,112.237530,2.048593;;,
   3680;3;-2.287714,112.209165,2.068566;;,
   3840;3;-2.293882,112.199437,2.075418;;,
   4000;3;-2.288618,112.207744,2.069570;;,
   4160;3;-2.273240,112.232013,2.052484;;,
   4320;3;-2.248366,112.271283,2.024850;;,
   4480;3;-2.214616,112.324544,1.987354;;,
   4640;3;-2.172608,112.390861,1.940685;;,
   4800;3;-2.122963,112.469235,1.885531;;,
   4960;3;-2.066300,112.558682,1.822579;;,
   5120;3;-2.003238,112.658214,1.752518;;,
   5280;3;-1.934395,112.766886,1.676036;;,
   5440;3;-1.860392,112.883699,1.593820;;,
   5600;3;-1.781849,113.007680,1.506560;;,
   5760;3;-1.699382,113.137856,1.414942;;,
   5920;3;-1.613613,113.273242,1.319654;;,
   6080;3;-1.525161,113.412877,1.221385;;,
   6240;3;-1.434644,113.555763,1.120823;;,
   6400;3;-1.342682,113.700915,1.018656;;,
   6560;3;-1.249895,113.847386,0.915571;;,
   6720;3;-1.156901,113.994189,0.812257;;,
   6880;3;-1.064320,114.140326,0.709402;;,
   7040;3;-0.972771,114.284838,0.607693;;,
   7200;3;-0.882874,114.426739,0.507819;;,
   7360;3;-0.795247,114.565043,0.410467;;,
   7520;3;-0.710510,114.698816,0.316327;;,
   7680;3;-0.629282,114.827021,0.226085;;,
   7840;3;-0.552183,114.948736,0.140429;;,
   8000;3;-0.479831,115.062950,0.060048;;;
  }
 }

 Animation {
  
  { Bip001_Pelvis }

  AnimationKey S {
   1;
   2;
   0;3;1.000000,1.000000,1.000000;;,
   8000;3;1.000000,1.000000,1.000000;;;
  }

  AnimationKey R {
   0;
   2;
   0;4;-0.494101,0.505831,0.494100,0.505831;;,
   8000;4;-0.494101,0.505831,0.494100,0.505831;;;
  }

  AnimationKey T {
   2;
   2;
   0;3;0.000000,0.000000,0.000000;;,
   8000;3;0.000000,0.000000,0.000000;;;
  }
 }

 Animation {
  
  { Bip001_Spine }

  AnimationKey S {
   1;
   2;
   0;3;1.000000,1.000000,1.000000;;,
   8000;3;1.000000,1.000000,1.000000;;;
  }

  AnimationKey R {
   0;
   2;
   0;4;0.936666,-0.275373,0.204860,0.069703;;,
   8000;4;0.936666,-0.275373,0.204860,0.069703;;;
  }

  AnimationKey T {
   2;
   2;
   0;3;14.263466,-0.328320,-0.009809;;,
   8000;3;14.263482,-0.328320,-0.009809;;;
  }
 }

 Animation {
  
  { Bip001_Spine1 }

  AnimationKey S {
   1;
   2;
   0;3;1.000000,1.000000,1.000000;;,
   8000;3;1.000000,1.000000,1.000000;;;
  }

  AnimationKey R {
   0;
   2;
   0;4;0.998884,0.046705,-0.007050,-0.000367;;,
   8000;4;0.998884,0.046705,-0.007050,-0.000367;;;
  }

  AnimationKey T {
   2;
   2;
   0;3;16.122024,-0.001198,-0.012775;;,
   8000;3;16.122032,-0.001198,-0.012775;;;
  }
 }

 Animation {
  
  { Bip001_Spine2 }

  AnimationKey S {
   1;
   2;
   0;3;1.000000,1.000000,1.000000;;,
   8000;3;1.000000,1.000000,1.000000;;;
  }

  AnimationKey R {
   0;
   2;
   0;4;0.997914,-0.064391,-0.004672,0.000353;;,
   8000;4;0.997914,-0.064391,-0.004672,0.000353;;;
  }

  AnimationKey T {
   2;
   2;
   0;3;16.122117,0.001650,-0.012733;;,
   8000;3;16.122101,0.001650,-0.012730;;;
  }
 }

 Animation {
  
  { Bip001_Spine3 }

  AnimationKey S {
   1;
   2;
   0;3;1.000000,1.000000,1.000000;;,
   8000;3;1.000000,1.000000,1.000000;;;
  }

  AnimationKey R {
   0;
   2;
   0;4;0.992606,-0.121169,0.007076,-0.000767;;,
   8000;4;0.992606,-0.121169,0.007076,-0.000767;;;
  }

  AnimationKey T {
   2;
   2;
   0;3;16.122390,0.003088,-0.012459;;,
   8000;3;16.122390,0.003088,-0.012463;;;
  }
 }

 Animation {
  
  { Bip001_Neck }

  AnimationKey S {
   1;
   2;
   0;3;1.000000,1.000000,1.000000;;,
   8000;3;1.000000,1.000000,1.000000;;;
  }

  AnimationKey R {
   0;
   2;
   0;4;0.973200,-0.192825,0.122943,-0.024204;;,
   8000;4;0.973200,-0.192825,0.122943,-0.024204;;;
  }

  AnimationKey T {
   2;
   2;
   0;3;16.123947,0.002822,-0.006638;;,
   8000;3;16.123917,0.002822,-0.006638;;;
  }
 }

 Animation {
  
  { Bip001_L_Clavicle }

  AnimationKey S {
   1;
   2;
   0;3;1.000000,1.000000,1.000000;;,
   8000;3;1.000000,1.000000,1.000000;;;
  }

  AnimationKey R {
   0;
   2;
   0;4;-0.079563,0.760209,0.603462,-0.227123;;,
   8000;4;-0.079563,0.760209,0.603462,-0.227123;;;
  }

  AnimationKey T {
   2;
   2;
   0;3;-0.001312,4.012734,-1.647522;;,
   8000;3;-0.001297,4.012734,-1.647514;;;
  }
 }

 Animation {
  
  { Bip001_L_UpperArm }

  AnimationKey S {
   1;
   2;
   0;3;1.000000,1.000000,1.000000;;,
   8000;3;1.000000,1.000000,1.000000;;;
  }

  AnimationKey R {
   0;
   2;
   0;4;0.748579,-0.274445,-0.481831,0.363523;;,
   8000;4;0.748579,-0.274445,-0.481831,0.363523;;;
  }

  AnimationKey T {
   2;
   2;
   0;3;16.122226,0.000015,0.000004;;,
   8000;3;16.122222,0.000015,0.000008;;;
  }
 }

 Animation {
  
  { Bip001_L_Forearm }

  AnimationKey S {
   1;
   2;
   0;3;1.000000,1.000000,1.000000;;,
   8000;3;1.000000,1.000000,1.000000;;;
  }

  AnimationKey R {
   0;
   2;
   0;4;0.746464,-0.000000,-0.665426,0.000000;;,
   8000;4;0.746464,-0.000000,-0.665426,0.000000;;;
  }

  AnimationKey T {
   2;
   2;
   0;3;44.136810,0.000000,0.000000;;,
   8000;3;44.136810,0.000000,-0.000008;;;
  }
 }

 Animation {
  
  { Bip001_L_Hand }

  AnimationKey S {
   1;
   2;
   0;3;1.000000,1.000000,1.000000;;,
   8000;3;1.000000,1.000000,1.000000;;;
  }

  AnimationKey R {
   0;
   2;
   0;4;-0.485638,0.862838,-0.130519,-0.051291;;,
   8000;4;-0.485638,0.862838,-0.130519,-0.051291;;;
  }

  AnimationKey T {
   2;
   2;
   0;3;37.683366,-0.000015,0.000015;;,
   8000;3;37.683373,-0.000015,0.000015;;;
  }
 }

 Animation {
  
  { Bip001_L_Finger0 }

  AnimationKey S {
   1;
   2;
   0;3;1.000000,1.000000,1.000000;;,
   8000;3;1.000000,1.000000,1.000000;;;
  }

  AnimationKey R {
   0;
   2;
   0;4;0.485502,0.702536,0.136299,0.502148;;,
   8000;4;0.485502,0.702536,0.136299,0.502148;;;
  }

  AnimationKey T {
   2;
   2;
   0;3;4.289879,-5.456864,2.394806;;,
   8000;3;4.289879,-5.456879,2.394814;;;
  }
 }

 Animation {
  
  { Bip001_L_Finger01 }

  AnimationKey S {
   1;
   2;
   0;3;1.000000,1.000000,1.000000;;,
   8000;3;1.000000,1.000000,1.000000;;;
  }

  AnimationKey R {
   0;
   2;
   0;4;0.962860,0.190757,0.187440,0.037135;;,
   8000;4;0.962860,0.190757,0.187440,0.037135;;;
  }

  AnimationKey T {
   2;
   2;
   0;3;3.875534,0.000000,0.000008;;,
   8000;3;3.875530,-0.000015,0.000000;;;
  }
 }

 Animation {
  
  { Bip001_L_Finger02 }

  AnimationKey S {
   1;
   2;
   0;3;1.000000,1.000000,1.000000;;,
   8000;3;1.000000,1.000000,1.000000;;;
  }

  AnimationKey R {
   0;
   2;
   0;4;0.967157,0.191608,0.163832,0.032457;;,
   8000;4;0.967157,0.191608,0.163832,0.032457;;;
  }

  AnimationKey T {
   2;
   2;
   0;3;3.875536,-0.000015,0.000004;;,
   8000;3;3.875534,-0.000015,-0.000004;;;
  }
 }

 Animation {
  
  { Bip001_L_Finger0Nub }

  AnimationKey S {
   1;
   2;
   0;3;1.000000,1.000000,1.000000;;,
   8000;3;1.000000,1.000000,1.000000;;;
  }

  AnimationKey R {
   0;
   2;
   0;4;1.000000,0.000000,-0.000000,0.000000;;,
   8000;4;1.000000,0.000000,-0.000000,-0.000000;;;
  }

  AnimationKey T {
   2;
   2;
   0;3;3.875538,0.000015,0.000000;;,
   8000;3;3.875534,0.000015,0.000008;;;
  }
 }

 Animation {
  
  { Bip001_L_Finger1 }

  AnimationKey S {
   1;
   2;
   0;3;1.000000,1.000000,1.000000;;,
   8000;3;1.000000,1.000000,1.000000;;;
  }

  AnimationKey R {
   0;
   2;
   0;4;0.935253,0.184901,0.296071,0.058779;;,
   8000;4;0.935253,0.184901,0.296071,0.058779;;;
  }

  AnimationKey T {
   2;
   2;
   0;3;11.734276,-5.461197,-0.417763;;,
   8000;3;11.734276,-5.461197,-0.417748;;;
  }
 }

 Animation {
  
  { Bip001_L_Finger11 }

  AnimationKey S {
   1;
   2;
   0;3;1.000000,1.000000,1.000000;;,
   8000;3;1.000000,1.000000,1.000000;;;
  }

  AnimationKey R {
   0;
   2;
   0;4;0.814092,0.161284,0.547254,0.108419;;,
   8000;4;0.814092,0.161284,0.547254,0.108419;;;
  }

  AnimationKey T {
   2;
   2;
   0;3;4.650634,-0.000008,0.000031;;,
   8000;3;4.650642,0.000000,0.000015;;;
  }
 }

 Animation {
  
  { Bip001_L_Finger12 }

  AnimationKey S {
   1;
   2;
   0;3;1.000000,1.000000,1.000000;;,
   8000;3;1.000000,1.000000,1.000000;;;
  }

  AnimationKey R {
   0;
   2;
   0;4;0.973318,0.192829,0.122002,0.024170;;,
   8000;4;0.973318,0.192829,0.122002,0.024170;;;
  }

  AnimationKey T {
   2;
   2;
   0;3;4.650650,0.000000,-0.000008;;,
   8000;3;4.650650,0.000008,0.000008;;;
  }
 }

 Animation {
  
  { Bip001_L_Finger1Nub }

  AnimationKey S {
   1;
   2;
   0;3;1.000000,1.000000,1.000000;;,
   8000;3;1.000000,1.000000,1.000000;;;
  }

  AnimationKey R {
   0;
   2;
   0;4;1.000000,-0.000000,0.000000,-0.000000;;,
   8000;4;1.000000,-0.000000,0.000000,0.000000;;;
  }

  AnimationKey T {
   2;
   2;
   0;3;4.650635,0.000004,0.000000;;,
   8000;3;4.650635,0.000004,0.000000;;;
  }
 }

 Animation {
  
  { Bip001_L_Finger2 }

  AnimationKey S {
   1;
   2;
   0;3;1.000000,1.000000,1.000000;;,
   8000;3;1.000000,1.000000,1.000000;;;
  }

  AnimationKey R {
   0;
   2;
   0;4;0.968292,-0.077651,0.190214,-0.142129;;,
   8000;4;0.968292,-0.077651,0.190214,-0.142129;;;
  }

  AnimationKey T {
   2;
   2;
   0;3;11.686767,-1.501312,-0.364784;;,
   8000;3;11.686760,-1.501312,-0.364777;;;
  }
 }

 Animation {
  
  { Bip001_L_Finger21 }

  AnimationKey S {
   1;
   2;
   0;3;1.000000,1.000000,1.000000;;,
   8000;3;1.000000,1.000000,1.000000;;;
  }

  AnimationKey R {
   0;
   2;
   0;4;0.860870,-0.021480,0.491106,-0.131364;;,
   8000;4;0.860870,-0.021480,0.491106,-0.131364;;;
  }

  AnimationKey T {
   2;
   2;
   0;3;4.698429,0.000015,0.000008;;,
   8000;3;4.698423,0.000000,0.000000;;;
  }
 }

 Animation {
  
  { Bip001_L_Finger22 }

  AnimationKey S {
   1;
   2;
   0;3;1.000000,1.000000,1.000000;;,
   8000;3;1.000000,1.000000,1.000000;;;
  }

  AnimationKey R {
   0;
   2;
   0;4;0.860870,-0.021480,0.491106,-0.131364;;,
   8000;4;0.860870,-0.021480,0.491106,-0.131364;;;
  }

  AnimationKey T {
   2;
   2;
   0;3;5.425751,0.000015,0.000004;;,
   8000;3;5.425751,0.000000,0.000000;;;
  }
 }

 Animation {
  
  { Bip001_L_Finger2Nub }

  AnimationKey S {
   1;
   2;
   0;3;1.000000,1.000000,1.000000;;,
   8000;3;1.000000,1.000000,1.000000;;;
  }

  AnimationKey R {
   0;
   2;
   0;4;1.000000,-0.000000,0.000000,-0.000000;;,
   8000;4;1.000000,-0.000000,0.000000,-0.000000;;;
  }

  AnimationKey T {
   2;
   2;
   0;3;5.425743,-0.000008,0.000000;;,
   8000;3;5.425751,-0.000015,0.000000;;;
  }
 }

 Animation {
  
  { Bip001_L_Finger3 }

  AnimationKey S {
   1;
   2;
   0;3;1.000000,1.000000,1.000000;;,
   8000;3;1.000000,1.000000,1.000000;;;
  }

  AnimationKey R {
   0;
   2;
   0;4;0.952254,-0.112744,0.190165,-0.210568;;,
   8000;4;0.952254,-0.112744,0.190165,-0.210568;;;
  }

  AnimationKey T {
   2;
   2;
   0;3;11.686188,1.606110,-0.362923;;,
   8000;3;11.686188,1.606094,-0.362907;;;
  }
 }

 Animation {
  
  { Bip001_L_Finger31 }

  AnimationKey S {
   1;
   2;
   0;3;1.000000,1.000000,1.000000;;,
   8000;3;1.000000,1.000000,1.000000;;;
  }

  AnimationKey R {
   0;
   2;
   0;4;0.842539,-0.021301,0.502603,-0.192520;;,
   8000;4;0.842540,-0.021301,0.502603,-0.192520;;;
  }

  AnimationKey T {
   2;
   2;
   0;3;4.316544,0.000015,-0.000008;;,
   8000;3;4.316549,0.000000,0.000000;;;
  }
 }

 Animation {
  
  { Bip001_L_Finger32 }

  AnimationKey S {
   1;
   2;
   0;3;1.000000,1.000000,1.000000;;,
   8000;3;1.000000,1.000000,1.000000;;;
  }

  AnimationKey R {
   0;
   2;
   0;4;0.842540,-0.021300,0.502603,-0.192519;;,
   8000;4;0.842540,-0.021300,0.502603,-0.192519;;;
  }

  AnimationKey T {
   2;
   2;
   0;3;4.650620,0.000000,0.000008;;,
   8000;3;4.650635,0.000000,0.000008;;;
  }
 }

 Animation {
  
  { Bip001_L_Finger3Nub }

  AnimationKey S {
   1;
   2;
   0;3;1.000000,1.000000,1.000000;;,
   8000;3;1.000000,1.000000,1.000000;;;
  }

  AnimationKey R {
   0;
   2;
   0;4;1.000000,0.000000,0.000000,-0.000000;;,
   8000;4;1.000000,-0.000000,-0.000000,-0.000000;;;
  }

  AnimationKey T {
   2;
   2;
   0;3;4.650642,0.000000,0.000000;;,
   8000;3;4.650650,0.000000,0.000000;;;
  }
 }

 Animation {
  
  { Bip001_L_Finger4 }

  AnimationKey S {
   1;
   2;
   0;3;1.000000,1.000000,1.000000;;,
   8000;3;1.000000,1.000000,1.000000;;;
  }

  AnimationKey R {
   0;
   2;
   0;4;0.940651,-0.060184,0.286482,-0.171703;;,
   8000;4;0.940651,-0.060184,0.286482,-0.171703;;;
  }

  AnimationKey T {
   2;
   2;
   0;3;10.216782,4.386826,-0.631813;;,
   8000;3;10.216782,4.386826,-0.631813;;;
  }
 }

 Animation {
  
  { Bip001_L_Finger41 }

  AnimationKey S {
   1;
   2;
   0;3;1.000000,1.000000,1.000000;;,
   8000;3;1.000000,1.000000,1.000000;;;
  }

  AnimationKey R {
   0;
   2;
   0;4;0.886490,-0.026748,0.433997,-0.158322;;,
   8000;4;0.886490,-0.026748,0.433997,-0.158322;;;
  }

  AnimationKey T {
   2;
   2;
   0;3;3.003708,0.000000,0.000000;;,
   8000;3;3.003704,0.000000,0.000000;;;
  }
 }

 Animation {
  
  { Bip001_L_Finger42 }

  AnimationKey S {
   1;
   2;
   0;3;1.000000,1.000000,1.000000;;,
   8000;3;1.000000,1.000000,1.000000;;;
  }

  AnimationKey R {
   0;
   2;
   0;4;0.924263,-0.011331,0.346348,-0.160165;;,
   8000;4;0.924263,-0.011331,0.346348,-0.160165;;;
  }

  AnimationKey T {
   2;
   2;
   0;3;3.003708,-0.000015,0.000004;;,
   8000;3;3.003708,0.000000,0.000008;;;
  }
 }

 Animation {
  
  { Bip001_L_Finger4Nub }

  AnimationKey S {
   1;
   2;
   0;3;1.000000,1.000000,1.000000;;,
   8000;3;1.000000,1.000000,1.000000;;;
  }

  AnimationKey R {
   0;
   2;
