xof 0303txt 0032
template Frame {
 <3d82ab46-62da-11cf-ab39-0020af71e433>
 [...]
}

template Matrix4x4 {
 <f6f23f45-7686-11cf-8f52-0040333594a3>
 array FLOAT matrix[16];
}

template FrameTransformMatrix {
 <f6f23f41-7686-11cf-8f52-0040333594a3>
 Matrix4x4 frameMatrix;
}

template Vector {
 <3d82ab5e-62da-11cf-ab39-0020af71e433>
 FLOAT x;
 FLOAT y;
 FLOAT z;
}

template MeshFace {
 <3d82ab5f-62da-11cf-ab39-0020af71e433>
 DWORD nFaceVertexIndices;
 array DWORD faceVertexIndices[nFaceVertexIndices];
}

template Mesh {
 <3d82ab44-62da-11cf-ab39-0020af71e433>
 DWORD nVertices;
 array Vector vertices[nVertices];
 DWORD nFaces;
 array MeshFace faces[nFaces];
 [...]
}

template ColorRGBA {
 <35ff44e0-6c7c-11cf-8f52-0040333594a3>
 FLOAT red;
 FLOAT green;
 FLOAT blue;
 FLOAT alpha;
}

template ColorRGB {
 <d3e16e81-7835-11cf-8f52-0040333594a3>
 FLOAT red;
 FLOAT green;
 FLOAT blue;
}

template Material {
 <3d82ab4d-62da-11cf-ab39-0020af71e433>
 ColorRGBA faceColor;
 FLOAT power;
 ColorRGB specularColor;
 ColorRGB emissiveColor;
 [...]
}

template MeshMaterialList {
 <f6f23f42-7686-11cf-8f52-0040333594a3>
 DWORD nMaterials;
 DWORD nFaceIndexes;
 array DWORD faceIndexes[nFaceIndexes];
 [Material <3d82ab4d-62da-11cf-ab39-0020af71e433>]
}

template VertexElement {
 <f752461c-1e23-48f6-b9f8-8350850f336f>
 DWORD Type;
 DWORD Method;
 DWORD Usage;
 DWORD UsageIndex;
}

template DeclData {
 <bf22e553-292c-4781-9fea-62bd554bdd93>
 DWORD nElements;
 array VertexElement Elements[nElements];
 DWORD nDWords;
 array DWORD data[nDWords];
}

template XSkinMeshHeader {
 <3cf169ce-ff7c-44ab-93c0-f78f62d172e2>
 WORD nMaxSkinWeightsPerVertex;
 WORD nMaxSkinWeightsPerFace;
 WORD nBones;
}

template SkinWeights {
 <6f0d123b-bad2-4167-a0d0-80224f25fabb>
 STRING transformNodeName;
 DWORD nWeights;
 array DWORD vertexIndices[nWeights];
 array FLOAT weights[nWeights];
 Matrix4x4 matrixOffset;
}

template AnimTicksPerSecond {
 <9e415a43-7ba6-4a73-8743-b73d47e88476>
 DWORD AnimTicksPerSecond;
}

template Animation {
 <3d82ab4f-62da-11cf-ab39-0020af71e433>
 [...]
}

template AnimationSet {
 <3d82ab50-62da-11cf-ab39-0020af71e433>
 [Animation <3d82ab4f-62da-11cf-ab39-0020af71e433>]
}

template FloatKeys {
 <10dd46a9-775b-11cf-8f52-0040333594a3>
 DWORD nValues;
 array FLOAT values[nValues];
}

template TimedFloatKeys {
 <f406b180-7b3b-11cf-8f52-0040333594a3>
 DWORD time;
 FloatKeys tfkeys;
}

template AnimationKey {
 <10dd46a8-775b-11cf-8f52-0040333594a3>
 DWORD keyType;
 DWORD nKeys;
 array TimedFloatKeys keys[nKeys];
}


Frame Bip001 {
 

 FrameTransformMatrix {
  -0.001703,-0.001190,-0.999998,0.000000,-0.003750,0.999992,-0.001183,0.000000,0.999992,0.003748,-0.001707,0.000000,-3.318777,115.062925,0.060048,1.000000;;
 }

 Frame Bip001_Pelvis {
  

  FrameTransformMatrix {
   0.000000,0.999725,0.023459,0.000000,-0.000001,-0.023459,0.999725,0.000000,1.000000,-0.000000,0.000001,0.000000,0.000000,0.000000,0.000000,1.000000;;
  }

  Frame Bip001_Spine {
   

   FrameTransformMatrix {
    0.985491,-0.106603,0.132077,0.000000,0.017751,0.838622,0.544425,0.000000,-0.168800,-0.534181,0.828346,0.000000,14.260200,-0.327719,-0.010629,1.000000;;
   }

   Frame Bip001_Spine1 {
    

    FrameTransformMatrix {
     0.999900,0.000000,-0.014116,0.000000,-0.000000,1.000000,0.000000,0.000000,0.014116,0.000000,0.999900,0.000000,16.122054,-0.000000,-0.012838,1.000000;;
    }

    Frame Bip001_Spine2 {
     

     FrameTransformMatrix {
      0.999956,0.000000,-0.009364,0.000000,-0.000000,1.000000,0.000000,0.000000,0.009364,0.000000,0.999956,0.000000,16.122101,0.000000,-0.012840,1.000000;;
     }

     Frame Bip001_Spine3 {
      

      FrameTransformMatrix {
       0.999898,0.000000,0.014256,0.000000,-0.000000,1.000000,-0.000000,0.000000,-0.014256,0.000000,0.999899,0.000000,16.122376,-0.000000,-0.012835,1.000000;;
      }

      Frame Bip001_Neck {
       

       FrameTransformMatrix {
        0.968584,0.000001,0.248688,0.000000,-0.000001,1.000000,-0.000000,0.000000,-0.248688,-0.000000,0.968584,0.000000,16.124038,-0.000000,-0.007174,1.000000;;
       }

       Frame Bip001_L_Clavicle {
        

        FrameTransformMatrix {
         0.249790,0.963241,0.098855,0.000000,0.936486,-0.214366,-0.277562,0.000000,-0.246168,0.161909,-0.955608,0.000000,0.000031,4.340600,0.007385,1.000000;;
        }

        Frame Bip001_L_UpperArm {
         

         FrameTransformMatrix {
          0.255996,-0.960362,-0.110320,0.000000,0.953342,0.269706,-0.135641,0.000000,0.160018,-0.070449,0.984597,0.000000,16.122227,0.000000,0.000002,1.000000;;
         }

         Frame Bip001_L_Forearm {
          

          FrameTransformMatrix {
           -0.106639,-0.000000,-0.994298,0.000000,0.000000,1.000000,0.000000,0.000000,0.994298,0.000000,-0.106639,0.000000,44.136819,0.000000,-0.000002,1.000000;;
          }

          Frame Bip001_L_Hand {
           

           FrameTransformMatrix {
            0.903547,0.357244,0.236602,0.000000,-0.319936,0.195156,0.927122,0.000000,0.285034,-0.913395,0.290628,0.000000,37.683366,0.000000,-0.000008,1.000000;;
           }

           Frame Bip001_L_Finger0 {
            

            FrameTransformMatrix {
             0.458539,-0.296078,0.837902,0.000000,0.846348,-0.142026,-0.513347,0.000000,0.270994,0.944546,0.185460,0.000000,4.289879,-5.456856,2.394814,1.000000;;
            }

            Frame Bip001_L_Finger01 {
             

             FrameTransformMatrix {
              0.926974,0.000000,0.375125,0.000000,-0.000000,1.000000,-0.000000,0.000000,-0.375125,-0.000000,0.926974,0.000000,3.875534,-0.000008,0.000008,1.000000;;
             }

             Frame Bip001_L_Finger02 {
              

              FrameTransformMatrix {
               0.944211,0.000000,0.329340,0.000000,0.000000,1.000000,0.000000,0.000000,-0.329340,0.000000,0.944211,0.000000,3.875534,0.000008,0.000000,1.000000;;
              }

              Frame Bip001_L_Finger0Nub {
               

               FrameTransformMatrix {
                1.000000,0.000000,0.000000,0.000000,0.000000,1.000000,-0.000000,0.000000,0.000000,-0.000000,1.000000,0.000000,3.875542,-0.000008,0.000000,1.000000;;
               }
              }
             }
            }
           }

           Frame Bip001_L_Finger1 {
            

            FrameTransformMatrix {
             0.873698,-0.000387,0.486470,0.000000,-0.000000,1.000000,0.000796,0.000000,-0.486470,-0.000696,0.873697,0.000000,11.734272,-5.461197,-0.417763,1.000000;;
            }

            Frame Bip001_L_Finger11 {
             

             FrameTransformMatrix {
              0.291593,0.000000,0.956542,0.000000,0.000000,1.000000,0.000000,0.000000,-0.956542,0.000000,0.291593,0.000000,4.650646,-0.000008,0.000000,1.000000;;
             }

             Frame Bip001_L_Finger12 {
              

              FrameTransformMatrix {
               0.774788,0.000000,0.632221,0.000000,0.000000,1.000000,0.000000,0.000000,-0.632221,-0.000000,0.774788,0.000000,4.650642,0.000000,0.000000,1.000000;;
              }

              Frame Bip001_L_Finger1Nub {
               

               FrameTransformMatrix {
                1.000000,0.000000,0.000000,0.000000,0.000000,1.000000,0.000000,0.000000,0.000000,-0.000000,1.000000,0.000000,4.650650,0.000000,-0.000004,1.000000;;
               }
              }
             }
            }
           }

           Frame Bip001_L_Finger2 {
            

            FrameTransformMatrix {
             0.888863,0.038977,0.456512,0.000000,-0.054546,0.998291,0.020970,0.000000,-0.454915,-0.043540,0.889470,0.000000,11.686771,-1.501305,-0.364784,1.000000;;
            }

            Frame Bip001_L_Finger21 {
             

             FrameTransformMatrix {
              0.432888,0.000000,0.901448,0.000000,0.000000,1.000000,0.000000,0.000000,-0.901448,0.000000,0.432888,0.000000,4.698433,0.000000,0.000000,1.000000;;
             }

             Frame Bip001_L_Finger22 {
              

              FrameTransformMatrix {
               0.432887,-0.000000,0.901448,0.000000,0.000000,1.000000,-0.000000,0.000000,-0.901448,0.000000,0.432887,0.000000,5.425751,0.000008,-0.000008,1.000000;;
              }

              Frame Bip001_L_Finger2Nub {
               

               FrameTransformMatrix {
                1.000000,0.000000,-0.000000,0.000000,0.000000,1.000000,0.000000,0.000000,-0.000000,0.000000,1.000000,0.000000,5.425743,0.000008,0.000000,1.000000;;
               }
              }
             }
            }
           }

           Frame Bip001_L_Finger3 {
            

            FrameTransformMatrix {
             0.908899,0.059586,0.412738,0.000000,-0.084190,0.995578,0.041667,0.000000,-0.408430,-0.072620,0.909897,0.000000,11.686199,1.606102,-0.362923,1.000000;;
            }

            Frame Bip001_L_Finger31 {
             

             FrameTransformMatrix {
              0.445223,0.000000,0.895420,0.000000,0.000000,1.000000,0.000000,0.000000,-0.895420,-0.000000,0.445223,0.000000,4.316540,-0.000015,0.000000,1.000000;;
             }

             Frame Bip001_L_Finger32 {
              

              FrameTransformMatrix {
               0.445223,-0.000000,0.895420,0.000000,0.000000,1.000000,0.000000,0.000000,-0.895420,0.000000,0.445223,0.000000,4.650650,0.000015,-0.000004,1.000000;;
              }

              Frame Bip001_L_Finger3Nub {
               

               FrameTransformMatrix {
                1.000000,-0.000000,-0.000000,0.000000,0.000000,1.000000,-0.000000,0.000000,0.000000,0.000000,1.000000,0.000000,4.650635,0.000000,0.000000,1.000000;;
               }
              }
             }
            }
           }

           Frame Bip001_L_Finger4 {
            

            FrameTransformMatrix {
             0.938444,0.038889,0.343237,0.000000,-0.043233,0.999053,0.005008,0.000000,-0.342717,-0.019539,0.939235,0.000000,10.216786,4.386833,-0.631813,1.000000;;
            }

            Frame Bip001_L_Finger41 {
             

             FrameTransformMatrix {
              0.783748,0.000000,0.621079,0.000000,0.000000,1.000000,0.000000,0.000000,-0.621079,0.000000,0.783748,0.000000,3.003708,0.000008,-0.000015,1.000000;;
             }

             Frame Bip001_L_Finger42 {
              

              FrameTransformMatrix {
               0.783748,0.000000,0.621079,0.000000,0.000000,1.000000,0.000000,0.000000,-0.621079,0.000000,0.783748,0.000000,3.003708,0.000000,-0.000008,1.000000;;
              }

              Frame Bip001_L_Finger4Nub {
               

               FrameTransformMatrix {
                1.000000,-0.000000,-0.000000,0.000000,-0.000000,1.000000,0.000000,0.000000,0.000000,0.000000,1.000000,0.000000,3.003716,0.000000,0.000004,1.000000;;
               }
              }
             }
            }
           }
          }
         }
        }
       }

       Frame Bip001_R_Clavicle {
        

        FrameTransformMatrix {
         0.218469,-0.971831,0.088407,0.000000,-0.944091,-0.187569,0.271126,0.000000,-0.246907,-0.142697,-0.958475,0.000000,0.000015,-4.340598,0.007416,1.000000;;
        }

        Frame Bip001_R_UpperArm {
         

         FrameTransformMatrix {
          -0.117680,0.752714,-0.647745,0.000000,-0.934483,0.136757,0.328692,0.000000,0.335994,0.643987,0.687305,0.000000,16.122222,0.000000,0.000002,1.000000;;
         }

         Frame Bip001_R_Forearm {
          

          FrameTransformMatrix {
           -0.081286,-0.000000,-0.996691,0.000000,0.000000,1.000000,0.000000,0.000000,0.996691,-0.000000,-0.081286,0.000000,44.136819,0.000000,0.000000,1.000000;;
          }

          Frame Bip001_R_Hand {
           

           FrameTransformMatrix {
            0.998176,0.055650,-0.023429,0.000000,0.028039,-0.770846,-0.636405,0.000000,-0.053476,0.634586,-0.771000,0.000000,37.683389,0.000000,-0.000015,1.000000;;
           }

           Frame Bip001_R_Finger0 {
            

            FrameTransformMatrix {
             0.428317,0.470209,0.771652,0.000000,-0.386757,-0.676387,0.626834,0.000000,0.816678,-0.566926,-0.107851,0.000000,4.289871,5.456848,2.394806,1.000000;;
            }

            Frame Bip001_R_Finger01 {
             

             FrameTransformMatrix {
              0.960282,-0.000000,0.279031,0.000000,0.000000,1.000000,-0.000000,0.000000,-0.279031,-0.000000,0.960282,0.000000,3.875534,0.000008,0.000000,1.000000;;
             }

             Frame Bip001_R_Finger02 {
              

              FrameTransformMatrix {
               0.691782,0.000000,0.722107,0.000000,-0.000000,1.000000,-0.000000,0.000000,-0.722107,0.000000,0.691781,0.000000,3.875534,0.000008,0.000000,1.000000;;
              }

              Frame Bip001_R_Finger0Nub {
               

               FrameTransformMatrix {
                -1.000000,0.000000,-0.000000,0.000000,0.000000,1.000000,-0.000000,0.000000,0.000000,-0.000000,-1.000000,0.000000,3.875534,0.000000,0.000008,1.000000;;
               }
              }
             }
            }
           }

           Frame Bip001_R_Finger1 {
            

            FrameTransformMatrix {
             0.904147,-0.092632,0.417059,0.000000,0.084419,0.995700,0.038140,0.000000,-0.418798,0.000723,0.908079,0.000000,11.734268,5.461197,-0.417767,1.000000;;
            }

            Frame Bip001_R_Finger11 {
             

             FrameTransformMatrix {
              0.201192,0.000000,0.979552,0.000000,0.000000,1.000000,0.000000,0.000000,-0.979552,0.000000,0.201192,0.000000,4.650650,0.000000,0.000004,1.000000;;
             }

             Frame Bip001_R_Finger12 {
              

              FrameTransformMatrix {
               0.655587,-0.000000,0.755120,0.000000,0.000000,1.000000,0.000000,0.000000,-0.755120,0.000000,0.655587,0.000000,4.650650,0.000000,0.000015,1.000000;;
              }

              Frame Bip001_R_Finger1Nub {
               

               FrameTransformMatrix {
                -1.000000,0.000000,0.000000,0.000000,0.000000,1.000000,-0.000000,0.000000,0.000000,0.000000,-1.000000,0.000000,4.650635,0.000000,-0.000008,1.000000;;
               }
              }
             }
            }
           }

           Frame Bip001_R_Finger2 {
            

            FrameTransformMatrix {
             0.959652,-0.046610,0.277298,0.000000,0.054546,0.998291,-0.020970,0.000000,-0.275847,0.035249,0.960555,0.000000,11.686767,1.501312,-0.364788,1.000000;;
            }

            Frame Bip001_R_Finger21 {
             

             FrameTransformMatrix {
              0.129429,0.000000,0.991589,0.000000,-0.000000,1.000000,0.000000,0.000000,-0.991589,0.000000,0.129429,0.000000,4.698440,0.000000,0.000000,1.000000;;
             }

             Frame Bip001_R_Finger22 {
              

              FrameTransformMatrix {
               0.785309,-0.000000,0.619104,0.000000,0.000000,1.000000,-0.000000,0.000000,-0.619104,0.000000,0.785309,0.000000,5.425747,-0.000015,0.000000,1.000000;;
              }

              Frame Bip001_R_Finger2Nub {
               

               FrameTransformMatrix {
                -1.000000,0.000000,0.000000,0.000000,-0.000000,1.000000,-0.000000,0.000000,-0.000000,-0.000000,-1.000000,0.000000,5.425751,0.000000,0.000008,1.000000;;
               }
              }
             }
            }
           }

           Frame Bip001_R_Finger3 {
            

            FrameTransformMatrix {
             0.996246,-0.084945,-0.016691,0.000000,0.084190,0.995578,-0.041667,0.000000,0.020157,0.040105,0.998992,0.000000,11.686203,-1.606094,-0.362915,1.000000;;
            }

            Frame Bip001_R_Finger31 {
             

             FrameTransformMatrix {
              -0.137391,-0.000000,0.990517,0.000000,-0.000000,1.000000,0.000000,0.000000,-0.990517,0.000000,-0.137391,0.000000,4.316544,0.000015,0.000000,1.000000;;
             }

             Frame Bip001_R_Finger32 {
              

              FrameTransformMatrix {
               -0.068362,0.000000,0.997661,0.000000,0.000000,1.000000,0.000000,0.000000,-0.997661,0.000000,-0.068362,0.000000,4.650650,0.000015,-0.000015,1.000000;;
              }

              Frame Bip001_R_Finger3Nub {
               

               FrameTransformMatrix {
                -1.000000,-0.000000,-0.000000,0.000000,-0.000000,1.000000,0.000000,0.000000,-0.000000,0.000000,-1.000000,0.000000,4.650635,-0.000015,0.000004,1.000000;;
               }
              }
             }
            }
           }

           Frame Bip001_R_Finger4 {
            

            FrameTransformMatrix {
             0.923408,-0.056785,0.379597,0.000000,0.046726,0.998271,0.035668,0.000000,-0.380965,-0.015199,0.924464,0.000000,10.216782,-4.386826,-0.631813,1.000000;;
            }

            Frame Bip001_R_Finger41 {
             

             FrameTransformMatrix {
              0.791855,-0.018710,0.610422,0.000000,-0.007348,0.999166,0.040158,0.000000,-0.610665,-0.036284,0.791057,0.000000,3.003708,0.000000,0.000004,1.000000;;
             }

             Frame Bip001_R_Finger42 {
              

              FrameTransformMatrix {
               0.908875,-0.018710,0.416649,0.000000,0.001874,0.999166,0.040781,0.000000,-0.417065,-0.036284,0.908152,0.000000,3.003716,0.000015,0.000000,1.000000;;
              }

              Frame Bip001_R_Finger4Nub {
               

               FrameTransformMatrix {
                -1.000000,0.000000,0.000000,0.000000,-0.000000,1.000000,-0.000000,0.000000,0.000000,0.000000,-1.000000,0.000000,3.003716,0.000000,0.000000,1.000000;;
               }
              }
             }
            }
           }
          }
         }
        }
       }

       Frame Bip001_Head {
        

        FrameTransformMatrix {
         0.970756,0.117758,-0.209204,0.000000,-0.210000,0.838810,-0.502293,0.000000,0.116333,0.531537,0.839009,0.000000,15.765381,-0.911513,-0.005142,1.000000;;
        }

        Frame Bip001_HeadNub {
         

         FrameTransformMatrix {
          1.000000,-0.000000,0.000000,0.000000,0.000000,1.000000,0.000000,0.000000,0.000000,0.000000,1.000000,0.000000,29.144013,-0.000001,0.000000,1.000000;;
         }
        }
       }
      }
     }
    }
   }

   Frame Bip001_L_Thigh {
    

    FrameTransformMatrix {
     -0.688320,0.446432,0.571764,0.000000,0.093185,-0.727250,0.680017,0.000000,0.719397,0.521350,0.458980,0.000000,-15.408898,10.427837,-4.383873,1.000000;;
    }

    Frame Bip001_L_Calf {
     

     FrameTransformMatrix {
      0.694485,0.000000,-0.719507,0.000000,-0.000000,1.000000,-0.000000,0.000000,0.719507,-0.000000,0.694485,0.000000,54.040710,-0.000001,0.000008,1.000000;;
     }

     Frame Bip001_L_Foot {
      

      FrameTransformMatrix {
       0.992989,0.011312,0.117667,0.000000,-0.022787,0.995059,0.096636,0.000000,-0.115992,-0.098640,0.988340,0.000000,58.826848,-0.000001,-0.000004,1.000000;;
      }

      Frame Bip001_L_Toe0 {
       

       FrameTransformMatrix {
        0.000000,-0.000000,1.000000,0.000000,-0.000000,1.000000,0.000000,0.000000,-1.000000,-0.000000,-0.000000,0.000000,14.261971,0.000000,18.354530,1.000000;;
       }

       Frame Bip001_L_Toe01 {
        

        FrameTransformMatrix {
         1.000000,-0.000000,-0.000000,0.000000,0.000000,1.000000,0.000000,0.000000,0.000000,-0.000000,1.000000,0.000000,1.860256,0.000000,0.000000,1.000000;;
        }

        Frame Bip001_L_Toe02 {
         

         FrameTransformMatrix {
          1.000000,-0.000000,-0.000000,0.000000,0.000000,1.000000,0.000000,0.000000,0.000000,-0.000000,1.000000,0.000000,1.860252,-0.000000,-0.000000,1.000000;;
         }

         Frame Bip001_L_Toe0Nub {
          

          FrameTransformMatrix {
           -1.000000,0.000000,-0.000000,0.000000,0.000000,1.000000,-0.000000,0.000000,0.000000,0.000000,-1.000000,0.000000,1.860260,0.000000,0.000000,1.000000;;
          }
         }
        }
       }
      }
     }
    }
   }

   Frame Bip001_R_Thigh {
    

    FrameTransformMatrix {
     -0.937171,-0.130361,0.323599,0.000000,0.160550,-0.984662,0.068300,0.000000,0.309732,0.115962,0.943726,0.000000,-12.764748,-10.372869,8.865603,1.000000;;
    }

    Frame Bip001_R_Calf {
     

     FrameTransformMatrix {
      0.728617,0.000000,-0.684922,0.000000,-0.000000,1.000000,-0.000000,0.000000,0.684922,0.000000,0.728617,0.000000,53.736070,-0.000002,-0.000002,1.000000;;
     }

     Frame Bip001_R_Foot {
      

      FrameTransformMatrix {
       0.821180,-0.150123,0.550569,0.000000,0.237003,0.967357,-0.089724,0.000000,-0.519128,0.204166,0.829954,0.000000,59.151962,0.000000,0.000002,1.000000;;
      }

      Frame Bip001_R_Toe0 {
       

       FrameTransformMatrix {
        0.000000,0.000000,1.000000,0.000000,-0.000000,1.000000,-0.000000,0.000000,-1.000000,-0.000000,0.000000,0.000000,14.261973,-0.000002,18.354530,1.000000;;
       }

       Frame Bip001_R_Toe01 {
        

        FrameTransformMatrix {
         1.000000,0.000000,-0.000000,0.000000,-0.000000,1.000000,-0.000000,0.000000,0.000000,0.000000,1.000000,0.000000,1.860258,0.000000,0.000000,1.000000;;
        }

        Frame Bip001_R_Toe02 {
         

         FrameTransformMatrix {
          1.000000,0.000000,-0.000000,0.000000,-0.000000,1.000000,-0.000000,0.000000,0.000000,0.000000,1.000000,0.000000,1.860257,0.000000,-0.000000,1.000000;;
         }

         Frame Bip001_R_Toe0Nub {
          

          FrameTransformMatrix {
           1.000000,0.000000,-0.000000,0.000000,-0.000000,1.000000,-0.000000,0.000000,0.000000,0.000000,1.000000,0.000000,1.860257,-0.000002,0.000000,1.000000;;
          }
         }
        }
       }
      }
     }
    }
   }
  }
 }
}

Frame Box001 {
 

 FrameTransformMatrix {
  0.667112,0.000000,0.000000,0.000000,0.000000,0.696682,0.000000,0.000000,0.000000,0.000000,0.492662,0.000000,0.000000,0.000000,0.000000,1.000000;;
 }

 Mesh Box001 {
  24;
  11.187661;20.319914;-176.362790;,
  14.343042;19.479285;-172.383091;,
  11.375059;19.130093;-172.336154;,
  14.155643;20.669106;-176.409728;,
  10.971826;22.072854;-175.308582;,
  14.127208;21.232226;-171.328870;,
  13.939810;22.422045;-175.355520;,
  11.159225;20.883034;-171.281933;,
  11.187661;20.319914;-176.362790;,
  13.939810;22.422045;-175.355520;,
  14.155643;20.669106;-176.409728;,
  10.971826;22.072854;-175.308582;,
  14.155643;20.669106;-176.409728;,
  14.127208;21.232226;-171.328870;,
  14.343042;19.479285;-172.383091;,
  13.939810;22.422045;-175.355520;,
  14.343042;19.479285;-172.383091;,
  11.159225;20.883034;-171.281933;,
  11.375059;19.130093;-172.336154;,
  14.127208;21.232226;-171.328870;,
  11.375059;19.130093;-172.336154;,
  10.971826;22.072854;-175.308582;,
  11.187661;20.319914;-176.362790;,
  11.159225;20.883034;-171.281933;;
  12;
  3;0,1,2;,
  3;1,0,3;,
  3;4,5,6;,
  3;5,4,7;,
  3;8,9,10;,
  3;9,8,11;,
  3;12,13,14;,
  3;13,12,15;,
  3;16,17,18;,
  3;17,16,19;,
  3;20,21,22;,
  3;21,20,23;;

  MeshMaterialList {
   1;
   12;
   0,
   0,
   0,
   0,
   0,
   0,
   0,
   0,
   0,
   0,
   0,
   0;

   Material  {
    0.529412;0.231373;0.031373;1.000000;;
    0.000000;
    0.000000;0.000000;0.000000;;
    0.000000;0.000000;0.000000;;
   }
  }

  DeclData {
   2;
   2;0;3;0;,
   1;0;5;0;;
   120;
   1037836862,
   3212032943,
   3197278703,
   1065353216,
   1065353216,
   1037836862,
   3212032943,
   3197278703,
   0,
   0,
   1037836862,
   3212032943,
   3197278702,
   1065353216,
   0,
   1037836862,
   3212032943,
   3197278702,
   0,
   1065353216,
   3185320461,
   1064549297,
   1049795046,
   0,
   1065353216,
   3185320476,
   1064549297,
   1049795049,
   1065353216,
   0,
   3185320433,
   1064549298,
   1049795041,
   1065353216,
   1065353216,
   3185320506,
   1064549295,
   1049795054,
   0,
   0,
   3180727868,
   1057087926,
   3210464891,
   0,
   1065353216,
   3180727880,
   1057087927,
   3210464890,
   1065353216,
   0,
   3180727899,
   1057087930,
   3210464888,
   1065353216,
   1065353216,
   3180727850,
   1057087924,
   3210464892,
   0,
   0,
   1065216176,
   1040339446,
   3154912959,
   0,
   1065353216,
   1065216176,
   1040339427,
   3154912925,
   1065353216,
   0,
   1065216177,
   1040339413,
   3154912899,
   1065353216,
   1065353216,
   1065216175,
   1040339460,
   3154912985,
   0,
   0,
   1033244243,
   3204571571,
   1062981244,
   0,
   1065353216,
   1033244243,
   3204571571,
   1062981244,
   1065353216,
   0,
   1033244245,
   3204571571,
   1062981244,
   1065353216,
   1065353216,
   1033244241,
   3204571571,
   1062981244,
   0,
   0,
   3212699824,
   3187823092,
   1007429105,
   0,
   1065353216,
   3212699824,
   3187823092,
   1007429105,
   1065353216,
   0,
   3212699824,
   3187823091,
   1007429106,
   1065353216,
   1065353216,
   3212699824,
   3187823091,
   1007429106,
   0,
   0;
  }

  XSkinMeshHeader {
   1;
   1;
   1;
  }

  SkinWeights {
   "Bip001_L_Toe0Nub";
   24;
   0,
   1,
   2,
   3,
   4,
   5,
   6,
   7,
   8,
   9,
   10,
   11,
   12,
   13,
   14,
   15,
   16,
   17,
   18,
   19,
   20,
   21,
   22,
   23;
   1.000000,
   1.000000,
   1.000000,
   1.000000,
   1.000000,
   1.000000,
   1.000000,
   1.000000,
   1.000000,
   1.000000,
   1.000000,
   1.000000,
   1.000000,
   1.000000,
   1.000000,
   1.000000,
   1.000000,
   1.000000,
   1.000000,
   1.000000,
   1.000000,
   1.000000,
   1.000000,
   1.000000;
   -0.182852,-0.641549,0.004260,0.000000,-0.004624,-0.003308,-0.696659,0.000000,0.473783,-0.135053,-0.002503,0.000000,54.401120,7.726766,0.237912,1.000000;;
  }
 }
}

AnimTicksPerSecond  {
 4800;
}

AnimationSet Anim1 {
 

 Animation {
  
  { Bip001 }

  AnimationKey S {
   1;
   2;
   0;3;1.000000,1.000000,1.000000;;,
   12000;3;1.000000,1.000000,1.000000;;;
  }

  AnimationKey R {
   0;
   2;
   0;4;0.706502,0.001745,-0.707708,-0.000906;;,
   12000;4;0.706502,0.001745,-0.707708,-0.000906;;;
  }

  AnimationKey T {
   2;
   76;
   0;3;-3.318777,115.062925,0.060048;;,
   160;3;-3.457877,114.938099,0.060048;;,
   320;3;-3.608266,114.803123,0.060048;;,
   480;3;-3.767950,114.659853,0.060048;;,
   640;3;-3.934937,114.510003,0.060048;;,
   800;3;-4.107236,114.355366,0.060048;;,
   960;3;-4.282854,114.197773,0.060048;;,
   1120;3;-4.459801,114.038989,0.060048;;,
   1280;3;-4.636084,113.880819,0.060048;;,
   1440;3;-4.809710,113.725005,0.060048;;,
   1600;3;-4.978689,113.573350,0.060048;;,
   1760;3;-5.141029,113.427686,0.060048;;,
   1920;3;-5.294736,113.289741,0.060048;;,
   2080;3;-5.437821,113.161344,0.060048;;,
   2240;3;-5.568290,113.044250,0.060048;;,
   2400;3;-5.684152,112.940301,0.060048;;,
   2560;3;-5.783416,112.851213,0.060048;;,
   2720;3;-5.864087,112.778803,0.060048;;,
   2880;3;-5.924175,112.724902,0.060048;;,
   3040;3;-5.961690,112.691238,0.060048;;,
   3200;3;-5.974637,112.679616,0.060048;;,
   3360;3;-5.972896,112.681178,0.060048;;,
   3520;3;-5.967740,112.685811,0.060048;;,
   3680;3;-5.959265,112.693402,0.060048;;,
   3840;3;-5.947564,112.703910,0.060048;;,
   4000;3;-5.932734,112.717222,0.060048;;,
   4160;3;-5.914871,112.733248,0.060048;;,
   4320;3;-5.894071,112.751923,0.060048;;,
   4480;3;-5.870430,112.773120,0.060048;;,
   4640;3;-5.844043,112.796800,0.060048;;,
   4800;3;-5.815005,112.822861,0.060048;;,
   4960;3;-5.783415,112.851213,0.060048;;,
   5120;3;-5.749366,112.881779,0.060048;;,
   5280;3;-5.712954,112.914445,0.060048;;,
   5440;3;-5.674276,112.949171,0.060048;;,
   5600;3;-5.633426,112.985818,0.060048;;,
   5760;3;-5.590501,113.024320,0.060048;;,
   5920;3;-5.545597,113.064627,0.060048;;,
   6080;3;-5.498809,113.106611,0.060048;;,
   6240;3;-5.450234,113.150195,0.060048;;,
   6400;3;-5.399966,113.195315,0.060048;;,
   6560;3;-5.348101,113.241856,0.060048;;,
   6720;3;-5.294736,113.289741,0.060048;;,
   6880;3;-5.239967,113.338893,0.060048;;,
   7040;3;-5.183889,113.389222,0.060048;;,
   7200;3;-5.126597,113.440627,0.060048;;,
   7360;3;-5.068189,113.493043,0.060048;;,
   7520;3;-5.008758,113.546381,0.060048;;,
   7680;3;-4.948402,113.600538,0.060048;;,
   7840;3;-4.887215,113.655437,0.060048;;,
   8000;3;-4.825294,113.711014,0.060048;;,
   8160;3;-4.762735,113.767155,0.060048;;,
   8320;3;-4.699633,113.823782,0.060048;;,
   8480;3;-4.636084,113.880806,0.060048;;,
   8640;3;-4.572183,113.938150,0.060048;;,
   8800;3;-4.508028,113.995712,0.060048;;,
   8960;3;-4.443712,114.053427,0.060048;;,
   9120;3;-4.379333,114.111194,0.060048;;,
   9280;3;-4.314986,114.168947,0.060048;;,
   9440;3;-4.250767,114.226573,0.060048;;,
   9600;3;-4.186770,114.284006,0.060048;;,
   9760;3;-4.123093,114.341146,0.060048;;,
   9920;3;-4.059832,114.397914,0.060048;;,
   10080;3;-3.997081,114.454221,0.060048;;,
   10240;3;-3.934937,114.509990,0.060048;;,
   10400;3;-3.873495,114.565120,0.060048;;,
   10560;3;-3.812851,114.619533,0.060048;;,
   10720;3;-3.753101,114.673178,0.060048;;,
   10880;3;-3.694341,114.725901,0.060048;;,
   11040;3;-3.636666,114.777651,0.060048;;,
   11200;3;-3.580172,114.828352,0.060048;;,
   11360;3;-3.524956,114.877901,0.060048;;,
   11520;3;-3.471112,114.926221,0.060048;;,
   11680;3;-3.418738,114.973210,0.060048;;,
   11840;3;-3.367928,115.018803,0.060048;;,
   12000;3;-3.318777,115.062925,0.060048;;;
  }
 }

 Animation {
  
  { Bip001_Pelvis }

  AnimationKey S {
   1;
   2;
   0;3;1.000000,1.000000,1.000000;;,
   12000;3;1.000000,1.000000,1.000000;;;
  }

  AnimationKey R {
   0;
   2;
   0;4;-0.494101,0.505831,0.494100,0.505831;;,
   12000;4;-0.494101,0.505831,0.494100,0.505831;;;
  }

  AnimationKey T {
   2;
   2;
   0;3;0.000000,0.000000,0.000000;;,
   12000;3;0.000000,0.000000,0.000000;;;
  }
 }

 Animation {
  
  { Bip001_Spine }

  AnimationKey S {
   1;
   2;
   0;3;1.000000,1.000000,1.000000;;,
   12000;3;1.000000,1.000000,1.000000;;;
  }

  AnimationKey R {
   0;
   69;
   0;4;0.955570,-0.282189,0.078716,0.032534;;,
   160;4;0.955469,-0.282147,0.079932,0.032893;;,
   320;4;0.955362,-0.282103,0.081211,0.033271;;,
   480;4;0.955248,-0.282057,0.082537,0.033662;;,
   640;4;0.955130,-0.282008,0.083894,0.034063;;,
   800;4;0.955008,-0.281959,0.085267,0.034468;;,
   960;4;0.954885,-0.281909,0.086639,0.034873;;,
   1120;4;0.954761,-0.281860,0.087996,0.035274;;,
   1280;4;0.954638,-0.281810,0.089321,0.035665;;,
   1440;4;0.954517,-0.281762,0.090598,0.036042;;,
   1600;4;0.954401,-0.281716,0.091813,0.036401;;,
   1760;4;0.954291,-0.281673,0.092949,0.036736;;,
   1920;4;0.954189,-0.281632,0.093991,0.037043;;,
   2080;4;0.954097,-0.281596,0.094922,0.037318;;,
   2240;4;0.954016,-0.281565,0.095728,0.037556;;,
   2400;4;0.953949,-0.281538,0.096393,0.037752;;,
   2560;4;0.953895,-0.281517,0.096933,0.037912;;,
   2720;4;0.953849,-0.281499,0.097379,0.038044;;,
   2880;4;0.953813,-0.281485,0.097735,0.038148;;,
   3040;4;0.953785,-0.281474,0.098004,0.038228;;,
   3200;4;0.953766,-0.281467,0.098191,0.038283;;,
   3360;4;0.953755,-0.281462,0.098300,0.038315;;,
   3680;4;0.953751,-0.281461,0.098334,0.038325;;,
   3840;4;0.953766,-0.281466,0.098194,0.038284;;,
   4000;4;0.953783,-0.281473,0.098028,0.038235;;,
   4160;4;0.953806,-0.281482,0.097803,0.038169;;,
   4320;4;0.953835,-0.281493,0.097523,0.038086;;,
   4480;4;0.953868,-0.281507,0.097192,0.037988;;,
   4640;4;0.953907,-0.281522,0.096814,0.037877;;,
   4800;4;0.953949,-0.281538,0.096393,0.037752;;,
   4960;4;0.953997,-0.281557,0.095918,0.037612;;,
   5120;4;0.954051,-0.281578,0.095382,0.037454;;,
   5280;4;0.954110,-0.281601,0.094789,0.037279;;,
   5440;4;0.954174,-0.281626,0.094146,0.037089;;,
   5600;4;0.954242,-0.281653,0.093457,0.036886;;,
   5760;4;0.954313,-0.281681,0.092728,0.036671;;,
   5920;4;0.954386,-0.281710,0.091965,0.036446;;,
   6080;4;0.954462,-0.281741,0.091173,0.036212;;,
   6240;4;0.954540,-0.281771,0.090358,0.035971;;,
   6400;4;0.954618,-0.281803,0.089526,0.035726;;,
   6560;4;0.954697,-0.281834,0.088682,0.035476;;,
   6720;4;0.954776,-0.281866,0.087831,0.035225;;,
   6880;4;0.954854,-0.281897,0.086979,0.034974;;,
   7040;4;0.954931,-0.281928,0.086132,0.034724;;,
   7200;4;0.955006,-0.281958,0.085296,0.034477;;,
   7360;4;0.955079,-0.281988,0.084475,0.034234;;,
   7520;4;0.955149,-0.282016,0.083675,0.033998;;,
   7680;4;0.955216,-0.282044,0.082902,0.033770;;,
   7840;4;0.955280,-0.282070,0.082162,0.033552;;,
   8000;4;0.955340,-0.282094,0.081460,0.033344;;,
   8160;4;0.955396,-0.282117,0.080802,0.033150;;,
   8320;4;0.955448,-0.282138,0.080193,0.032970;;,
   8480;4;0.955494,-0.282157,0.079638,0.032806;;,
   8640;4;0.955535,-0.282174,0.079144,0.032660;;,
   8800;4;0.955570,-0.282189,0.078716,0.032534;;,
   8960;4;0.955600,-0.282201,0.078362,0.032429;;,
   9120;4;0.955623,-0.282211,0.078080,0.032346;;,
   9280;4;0.955640,-0.282218,0.077864,0.032282;;,
   9440;4;0.955653,-0.282223,0.077710,0.032237;;,
   10240;4;0.955661,-0.282226,0.077611,0.032208;;,
   10400;4;0.955651,-0.282222,0.077734,0.032244;;,
   10560;4;0.955642,-0.282219,0.077841,0.032275;;,
   10720;4;0.955632,-0.282215,0.077962,0.032311;;,
   10880;4;0.955622,-0.282210,0.078090,0.032349;;,
   11040;4;0.955611,-0.282206,0.078221,0.032388;;,
   11200;4;0.955601,-0.282201,0.078348,0.032425;;,
   11360;4;0.955591,-0.282197,0.078465,0.032460;;,
   11520;4;0.955583,-0.282194,0.078566,0.032490;;,
   12000;4;0.955576,-0.282191,0.078646,0.032513;;;
  }

  AnimationKey T {
   2;
   16;
   0;3;14.260200,-0.327719,-0.010629;;,
   480;3;14.260246,-0.327722,-0.010625;;,
   640;3;14.260354,-0.327734,-0.010610;;,
   1120;3;14.260376,-0.327739,-0.010605;;,
   1280;3;14.260483,-0.327752,-0.010589;;,
   1920;3;14.260522,-0.327755,-0.010584;;,
   2080;3;14.260651,-0.327769,-0.010566;;,
   5760;3;14.260674,-0.327772,-0.010562;;,
   5920;3;14.260558,-0.327759,-0.010578;;,
   6720;3;14.260544,-0.327758,-0.010582;;,
   6880;3;14.260429,-0.327743,-0.010599;;,
   7680;3;14.260414,-0.327742,-0.010602;;,
   7840;3;14.260299,-0.327730,-0.010617;;,
   9120;3;14.260285,-0.327726,-0.010619;;,
   9280;3;14.260178,-0.327716,-0.010633;;,
   12000;3;14.260186,-0.327716,-0.010633;;;
  }
 }

 Animation {
  
  { Bip001_Spine1 }

  AnimationKey S {
   1;
   2;
   0;3;1.000000,1.000000,1.000000;;,
   12000;3;1.000000,1.000000,1.000000;;;
  }

  AnimationKey R {
   0;
   68;
   0;4;0.999975,0.000000,-0.007058,-0.000000;;,
   160;4;0.999967,0.000000,-0.008119,-0.000000;;,
   320;4;0.999957,-0.000000,-0.009234,-0.000000;;,
   480;4;0.999946,-0.000000,-0.010390,-0.000000;;,
   640;4;0.999933,-0.000000,-0.011574,-0.000000;;,
   800;4;0.999919,-0.000000,-0.012772,-0.000000;;,
   960;4;0.999902,-0.000000,-0.013969,-0.000000;;,
   1120;4;0.999885,-0.000000,-0.015153,-0.000000;;,
   1280;4;0.999867,0.000000,-0.016310,-0.000000;;,
   1440;4;0.999848,0.000000,-0.017425,-0.000000;;,
   1600;4;0.999829,0.000000,-0.018485,-0.000000;;,
   1760;4;0.999810,-0.000000,-0.019477,-0.000000;;,
   1920;4;0.999792,0.000000,-0.020386,-0.000000;;,
   2080;4;0.999775,-0.000000,-0.021200,0.000000;;,
   2240;4;0.999760,0.000000,-0.021904,0.000000;;,
   2400;4;0.999747,-0.000000,-0.022484,0.000000;;,
   2560;4;0.999737,-0.000000,-0.022956,0.000000;;,
   2720;4;0.999727,0.000000,-0.023346,0.000000;;,
   2880;4;0.999720,-0.000000,-0.023656,0.000000;;,
   3040;4;0.999715,-0.000000,-0.023892,0.000000;;,
   3200;4;0.999711,-0.000000,-0.024055,0.000000;;,
   3840;4;0.999708,-0.000000,-0.024150,0.000000;;,
   4000;4;0.999714,-0.000000,-0.023912,0.000000;;,
   4160;4;0.999719,-0.000000,-0.023716,0.000000;;,
   4320;4;0.999725,0.000000,-0.023471,-0.000000;;,
   4480;4;0.999731,-0.000000,-0.023182,-0.000000;;,
   4640;4;0.999739,-0.000000,-0.022852,0.000000;;,
   4800;4;0.999747,-0.000000,-0.022484,0.000000;;,
   4960;4;0.999757,-0.000000,-0.022070,-0.000000;;,
   5120;4;0.999767,0.000000,-0.021602,-0.000000;;,
   5280;4;0.999778,-0.000000,-0.021084,-0.000000;;,
   5440;4;0.999789,0.000000,-0.020522,-0.000000;;,
   5600;4;0.999802,-0.000000,-0.019920,-0.000000;;,
   5760;4;0.999814,-0.000000,-0.019284,0.000000;;,
   5920;4;0.999827,-0.000000,-0.018618,-0.000000;;,
   6080;4;0.999839,-0.000000,-0.017927,-0.000000;;,
   6240;4;0.999852,-0.000000,-0.017216,-0.000000;;,
   6400;4;0.999864,-0.000000,-0.016489,-0.000000;;,
   6560;4;0.999876,-0.000000,-0.015752,-0.000000;;,
   6720;4;0.999887,-0.000000,-0.015010,-0.000000;;,
   6880;4;0.999898,-0.000000,-0.014266,-0.000000;;,
   7040;4;0.999909,0.000000,-0.013527,-0.000000;;,
   7200;4;0.999918,-0.000000,-0.012797,-0.000000;;,
   7360;4;0.999927,-0.000000,-0.012081,-0.000000;;,
   7520;4;0.999935,0.000000,-0.011383,-0.000000;;,
   7680;4;0.999943,0.000000,-0.010709,-0.000000;;,
   7840;4;0.999949,0.000000,-0.010063,-0.000000;;,
   8000;4;0.999955,0.000000,-0.009451,-0.000000;;,
   8160;4;0.999961,0.000000,-0.008877,-0.000000;;,
   8320;4;0.999965,-0.000000,-0.008346,-0.000000;;,
   8480;4;0.999969,-0.000000,-0.007862,-0.000000;;,
   8640;4;0.999972,0.000000,-0.007431,-0.000000;;,
   8800;4;0.999975,0.000000,-0.007058,-0.000000;;,
   8960;4;0.999977,-0.000000,-0.006749,-0.000000;;,
   9120;4;0.999979,0.000000,-0.006503,-0.000000;;,
   9280;4;0.999980,0.000000,-0.006315,-0.000000;;,
   9440;4;0.999981,-0.000000,-0.006180,-0.000000;;,
   10240;4;0.999982,0.000000,-0.006094,-0.000000;;,
   10400;4;0.999981,-0.000000,-0.006201,-0.000000;;,
   10560;4;0.999980,-0.000000,-0.006294,-0.000000;;,
   10720;4;0.999980,-0.000000,-0.006400,-0.000000;;,
   10880;4;0.999979,0.000000,-0.006512,-0.000000;;,
   11040;4;0.999978,0.000000,-0.006626,-0.000000;;,
   11200;4;0.999977,-0.000000,-0.006737,-0.000000;;,
   11360;4;0.999977,-0.000000,-0.006839,-0.000000;;,
   11680;4;0.999976,0.000000,-0.006927,-0.000000;;,
   11840;4;0.999975,0.000000,-0.007042,-0.000000;;,
   12000;4;0.999975,0.000000,-0.007058,-0.000000;;;
  }

  AnimationKey T {
   2;
   14;
   0;3;16.122054,-0.000000,-0.012838;;,
   640;3;16.122002,0.000001,-0.012836;;,
   800;3;16.121894,0.000001,-0.012831;;,
   1440;3;16.121856,-0.000000,-0.012833;;,
   1600;3;16.121742,0.000000,-0.012829;;,
   2560;3;16.121720,-0.000000,-0.012827;;,
   2720;3;16.121605,-0.000000,-0.012821;;,
   5760;3;16.121621,0.000000,-0.012825;;,
   5920;3;16.121757,0.000001,-0.012829;;,
   6720;3;16.121742,0.000000,-0.012829;;,
   6880;3;16.121856,0.000000,-0.012835;;,
   7840;3;16.121872,0.000000,-0.012833;;,
   8000;3;16.121979,-0.000000,-0.012835;;,
   12000;3;16.121994,-0.000000,-0.012835;;;
  }
 }

 Animation {
  
  { Bip001_Spine2 }

  AnimationKey S {
   1;
   2;
   0;3;1.000000,1.000000,1.000000;;,
   12000;3;1.000000,1.000000,1.000000;;;
  }

  AnimationKey R {
   0;
   72;
   0;4;0.999989,0.000000,-0.004682,-0.000000;;,
   160;4;0.999979,-0.000000,-0.006425,-0.000000;;,
   320;4;0.999966,0.000000,-0.008257,-0.000000;;,
   480;4;0.999948,-0.000000,-0.010158,-0.000000;;,
   640;4;0.999927,-0.000000,-0.012103,-0.000000;;,
   800;4;0.999901,-0.000000,-0.014071,-0.000000;;,
   960;4;0.999871,-0.000000,-0.016038,-0.000000;;,
   1120;4;0.999838,-0.000000,-0.017984,-0.000000;;,
   1280;4;0.999802,-0.000000,-0.019884,-0.000000;;,
   1440;4;0.999764,0.000000,-0.021716,0.000000;;,
   1600;4;0.999725,-0.000000,-0.023458,0.000000;;,
   1760;4;0.999685,0.000000,-0.025088,0.000000;;,
   1920;4;0.999647,-0.000000,-0.026582,0.000000;;,
   2080;4;0.999610,0.000000,-0.027919,0.000000;;,
   2240;4;0.999577,0.000000,-0.029075,0.000000;;,
   2400;4;0.999549,0.000000,-0.030028,0.000000;;,
   2560;4;0.999526,0.000000,-0.030803,0.000000;;,
   2720;4;0.999506,0.000000,-0.031444,0.000000;;,
   2880;4;0.999489,0.000000,-0.031954,0.000000;;,
   3040;4;0.999477,0.000000,-0.032341,0.000000;;,
   3200;4;0.999468,-0.000000,-0.032609,0.000000;;,
   3360;4;0.999463,0.000000,-0.032765,0.000000;;,
   3680;4;0.999462,-0.000000,-0.032814,0.000000;;,
   3840;4;0.999468,0.000000,-0.032613,0.000000;;,
   4000;4;0.999476,0.000000,-0.032374,0.000000;;,
   4160;4;0.999486,-0.000000,-0.032052,0.000000;;,
   4320;4;0.999499,0.000000,-0.031650,0.000000;;,
   4480;4;0.999514,-0.000000,-0.031175,0.000000;;,
   4640;4;0.999531,-0.000000,-0.030633,0.000000;;,
   4800;4;0.999549,0.000000,-0.030028,0.000000;;,
   4960;4;0.999569,0.000000,-0.029348,0.000000;;,
   5120;4;0.999592,-0.000000,-0.028578,0.000000;;,
