xof 0303txt 0032
template Frame {
 <3d82ab46-62da-11cf-ab39-0020af71e433>
 [...]
}

template Matrix4x4 {
 <f6f23f45-7686-11cf-8f52-0040333594a3>
 array FLOAT matrix[16];
}

template FrameTransformMatrix {
 <f6f23f41-7686-11cf-8f52-0040333594a3>
 Matrix4x4 frameMatrix;
}

template Vector {
 <3d82ab5e-62da-11cf-ab39-0020af71e433>
 FLOAT x;
 FLOAT y;
 FLOAT z;
}

template MeshFace {
 <3d82ab5f-62da-11cf-ab39-0020af71e433>
 DWORD nFaceVertexIndices;
 array DWORD faceVertexIndices[nFaceVertexIndices];
}

template Mesh {
 <3d82ab44-62da-11cf-ab39-0020af71e433>
 DWORD nVertices;
 array Vector vertices[nVertices];
 DWORD nFaces;
 array MeshFace faces[nFaces];
 [...]
}

template ColorRGBA {
 <35ff44e0-6c7c-11cf-8f52-0040333594a3>
 FLOAT red;
 FLOAT green;
 FLOAT blue;
 FLOAT alpha;
}

template ColorRGB {
 <d3e16e81-7835-11cf-8f52-0040333594a3>
 FLOAT red;
 FLOAT green;
 FLOAT blue;
}

template Material {
 <3d82ab4d-62da-11cf-ab39-0020af71e433>
 ColorRGBA faceColor;
 FLOAT power;
 ColorRGB specularColor;
 ColorRGB emissiveColor;
 [...]
}

template MeshMaterialList {
 <f6f23f42-7686-11cf-8f52-0040333594a3>
 DWORD nMaterials;
 DWORD nFaceIndexes;
 array DWORD faceIndexes[nFaceIndexes];
 [Material <3d82ab4d-62da-11cf-ab39-0020af71e433>]
}

template VertexElement {
 <f752461c-1e23-48f6-b9f8-8350850f336f>
 DWORD Type;
 DWORD Method;
 DWORD Usage;
 DWORD UsageIndex;
}

template DeclData {
 <bf22e553-292c-4781-9fea-62bd554bdd93>
 DWORD nElements;
 array VertexElement Elements[nElements];
 DWORD nDWords;
 array DWORD data[nDWords];
}

template XSkinMeshHeader {
 <3cf169ce-ff7c-44ab-93c0-f78f62d172e2>
 WORD nMaxSkinWeightsPerVertex;
 WORD nMaxSkinWeightsPerFace;
 WORD nBones;
}

template SkinWeights {
 <6f0d123b-bad2-4167-a0d0-80224f25fabb>
 STRING transformNodeName;
 DWORD nWeights;
 array DWORD vertexIndices[nWeights];
 array FLOAT weights[nWeights];
 Matrix4x4 matrixOffset;
}

template AnimTicksPerSecond {
 <9e415a43-7ba6-4a73-8743-b73d47e88476>
 DWORD AnimTicksPerSecond;
}

template Animation {
 <3d82ab4f-62da-11cf-ab39-0020af71e433>
 [...]
}

template AnimationSet {
 <3d82ab50-62da-11cf-ab39-0020af71e433>
 [Animation <3d82ab4f-62da-11cf-ab39-0020af71e433>]
}

template FloatKeys {
 <10dd46a9-775b-11cf-8f52-0040333594a3>
 DWORD nValues;
 array FLOAT values[nValues];
}

template TimedFloatKeys {
 <f406b180-7b3b-11cf-8f52-0040333594a3>
 DWORD time;
 FloatKeys tfkeys;
}

template AnimationKey {
 <10dd46a8-775b-11cf-8f52-0040333594a3>
 DWORD keyType;
 DWORD nKeys;
 array TimedFloatKeys keys[nKeys];
}


Frame Bip001 {
 

 FrameTransformMatrix {
  -0.001703,-0.001190,-0.999998,0.000000,-0.003750,0.999992,-0.001183,0.000000,0.999992,0.003748,-0.001707,0.000000,0.001852,115.115712,1.152993,1.000000;;
 }

 Frame Bip001_Pelvis {
  

  FrameTransformMatrix {
   0.000000,0.999725,0.023459,0.000000,-0.000001,-0.023459,0.999725,0.000000,1.000000,-0.000000,0.000001,0.000000,0.000000,0.000000,0.000000,1.000000;;
  }

  Frame Bip001_Spine {
   

   FrameTransformMatrix {
    0.996855,-0.074463,0.027118,0.000000,0.070264,0.988744,0.132093,0.000000,-0.036649,-0.129772,0.990866,0.000000,14.258507,-0.332911,-0.012715,1.000000;;
   }

   Frame Bip001_Spine1 {
    

    FrameTransformMatrix {
     0.999900,0.000000,-0.014116,0.000000,-0.000000,1.000000,0.000000,0.000000,0.014116,-0.000000,0.999900,0.000000,16.122040,0.000000,-0.012836,1.000000;;
    }

    Frame Bip001_Spine2 {
     

     FrameTransformMatrix {
      0.999956,0.000000,-0.009364,0.000000,-0.000000,1.000000,-0.000000,0.000000,0.009364,-0.000000,0.999956,0.000000,16.122085,0.000000,-0.012837,1.000000;;
     }

     Frame Bip001_Spine3 {
      

      FrameTransformMatrix {
       0.999899,0.000000,0.014256,0.000000,-0.000000,1.000000,0.000000,0.000000,-0.014256,0.000000,0.999899,0.000000,16.122406,0.000001,-0.012836,1.000000;;
      }

      Frame Bip001_Neck {
       

       FrameTransformMatrix {
        0.968584,0.000001,0.248688,0.000000,-0.000001,1.000000,-0.000000,0.000000,-0.248688,-0.000000,0.968584,0.000000,16.124069,0.000000,-0.007174,1.000000;;
       }

       Frame Bip001_L_Clavicle {
        

        FrameTransformMatrix {
         0.187038,0.981895,0.029970,0.000000,0.950344,-0.173135,-0.258592,0.000000,-0.248722,0.076848,-0.965522,0.000000,0.000015,4.340599,0.007393,1.000000;;
        }

        Frame Bip001_L_UpperArm {
         

         FrameTransformMatrix {
          0.362600,-0.799033,0.479653,0.000000,0.870996,0.473627,0.130555,0.000000,-0.331494,0.370437,0.867692,0.000000,16.122227,0.000000,-0.000000,1.000000;;
         }

         Frame Bip001_L_Forearm {
          

          FrameTransformMatrix {
           0.433684,-0.000000,-0.901065,0.000000,-0.000000,1.000000,0.000000,0.000000,0.901065,-0.000000,0.433684,0.000000,44.136810,0.000000,-0.000004,1.000000;;
          }

          Frame Bip001_L_Hand {
           

           FrameTransformMatrix {
            0.802509,-0.371186,0.467119,0.000000,-0.476704,0.071912,0.876118,0.000000,-0.358795,-0.925770,-0.119236,0.000000,37.683357,0.000000,-0.000008,1.000000;;
           }

           Frame Bip001_L_Finger0 {
            

            FrameTransformMatrix {
             0.049494,-0.567669,0.821768,0.000000,0.435575,-0.728143,-0.529228,0.000000,0.898791,0.384135,0.211224,0.000000,4.289864,-5.456856,2.394814,1.000000;;
            }

            Frame Bip001_L_Finger01 {
             

             FrameTransformMatrix {
              0.764885,0.000000,0.644167,0.000000,0.000000,1.000000,0.000000,0.000000,-0.644167,0.000000,0.764885,0.000000,3.875534,-0.000004,0.000015,1.000000;;
             }

             Frame Bip001_L_Finger02 {
              

              FrameTransformMatrix {
               0.921598,-0.000000,0.388146,0.000000,0.000000,1.000000,-0.000000,0.000000,-0.388146,0.000000,0.921598,0.000000,3.875549,0.000000,0.000000,1.000000;;
              }

              Frame Bip001_L_Finger0Nub {
               

               FrameTransformMatrix {
                1.000000,0.000000,0.000000,0.000000,0.000000,1.000000,-0.000000,0.000000,0.000000,0.000000,1.000000,0.000000,3.875549,0.000002,0.000000,1.000000;;
               }
              }
             }
            }
           }

           Frame Bip001_L_Finger1 {
            

            FrameTransformMatrix {
             0.999154,0.000033,-0.041115,0.000000,-0.000000,1.000000,0.000796,0.000000,0.041116,-0.000796,0.999154,0.000000,11.734268,-5.461197,-0.417755,1.000000;;
            }

            Frame Bip001_L_Finger11 {
             

             FrameTransformMatrix {
              0.919378,0.000000,0.393374,0.000000,0.000000,1.000000,-0.000000,0.000000,-0.393375,0.000000,0.919378,0.000000,4.650635,-0.000002,-0.000008,1.000000;;
             }

             Frame Bip001_L_Finger12 {
              

              FrameTransformMatrix {
               0.998539,0.000000,-0.054038,0.000000,-0.000000,1.000000,-0.000000,0.000000,0.054038,-0.000000,0.998539,0.000000,4.650642,0.000000,0.000008,1.000000;;
              }

              Frame Bip001_L_Finger1Nub {
               

               FrameTransformMatrix {
                1.000000,0.000000,0.000000,0.000000,-0.000000,1.000000,0.000000,0.000000,-0.000000,0.000000,1.000000,0.000000,4.650642,0.000000,0.000000,1.000000;;
               }
              }
             }
            }
           }

           Frame Bip001_L_Finger2 {
            

            FrameTransformMatrix {
             0.913055,0.058367,-0.403637,0.000000,-0.054546,0.998291,0.020970,0.000000,0.404172,0.002870,0.914679,0.000000,11.686752,-1.501313,-0.364777,1.000000;;
            }

            Frame Bip001_L_Finger21 {
             

             FrameTransformMatrix {
              0.972901,-0.000000,0.231222,0.000000,-0.000000,1.000000,-0.000000,0.000000,-0.231222,-0.000000,0.972901,0.000000,4.698437,0.000002,0.000000,1.000000;;
             }

             Frame Bip001_L_Finger22 {
              

              FrameTransformMatrix {
               0.972901,0.000000,0.231222,0.000000,0.000000,1.000000,0.000000,0.000000,-0.231222,-0.000000,0.972901,0.000000,5.425751,-0.000006,0.000000,1.000000;;
              }

              Frame Bip001_L_Finger2Nub {
               

               FrameTransformMatrix {
                1.000000,0.000000,0.000000,0.000000,0.000000,1.000000,0.000000,0.000000,0.000000,-0.000000,1.000000,0.000000,5.425751,0.000001,0.000000,1.000000;;
               }
              }
             }
            }
           }

           Frame Bip001_L_Finger3 {
            

            FrameTransformMatrix {
             0.895635,0.093934,-0.434758,0.000000,-0.084190,0.995578,0.041667,0.000000,0.436749,-0.000716,0.899583,0.000000,11.686180,1.606097,-0.362915,1.000000;;
            }

            Frame Bip001_L_Finger31 {
             

             FrameTransformMatrix {
              0.972901,0.000000,0.231222,0.000000,0.000000,1.000000,0.000000,0.000000,-0.231222,0.000000,0.972901,0.000000,4.316540,-0.000000,0.000000,1.000000;;
             }

             Frame Bip001_L_Finger32 {
              

              FrameTransformMatrix {
               0.972901,-0.000000,0.231222,0.000000,0.000000,1.000000,0.000000,0.000000,-0.231222,-0.000000,0.972901,0.000000,4.650650,0.000002,0.000015,1.000000;;
              }

              Frame Bip001_L_Finger3Nub {
               

               FrameTransformMatrix {
                1.000000,-0.000000,-0.000000,0.000000,0.000000,1.000000,0.000000,0.000000,0.000000,0.000000,1.000000,0.000000,4.650635,-0.000001,0.000000,1.000000;;
               }
              }
             }
            }
           }

           Frame Bip001_L_Finger4 {
            

            FrameTransformMatrix {
             0.995318,0.043504,-0.086311,0.000000,-0.043233,0.999053,0.005008,0.000000,0.086447,-0.001253,0.996256,0.000000,10.216774,4.386828,-0.631798,1.000000;;
            }

            Frame Bip001_L_Finger41 {
             

             FrameTransformMatrix {
              0.972901,0.000000,0.231222,0.000000,0.000000,1.000000,-0.000000,0.000000,-0.231222,0.000000,0.972901,0.000000,3.003716,-0.000000,0.000015,1.000000;;
             }

             Frame Bip001_L_Finger42 {
              

              FrameTransformMatrix {
               0.972901,-0.000000,0.231222,0.000000,0.000000,1.000000,-0.000000,0.000000,-0.231222,-0.000000,0.972901,0.000000,3.003716,-0.000000,0.000008,1.000000;;
              }

              Frame Bip001_L_Finger4Nub {
               

               FrameTransformMatrix {
                1.000000,0.000000,-0.000000,0.000000,0.000000,1.000000,0.000000,0.000000,-0.000000,-0.000000,1.000000,0.000000,3.003708,0.000000,0.000000,1.000000;;
               }
              }
             }
            }
           }
          }
         }
        }
       }

       Frame Bip001_R_Clavicle {
        

        FrameTransformMatrix {
         0.232808,-0.881901,0.409939,0.000000,-0.946919,-0.109470,0.302260,0.000000,-0.221687,-0.458548,-0.860574,0.000000,0.000000,-4.340600,0.007416,1.000000;;
        }

        Frame Bip001_R_UpperArm {
         

         FrameTransformMatrix {
          0.534449,0.815525,0.221998,0.000000,-0.844972,0.521653,0.117899,0.000000,-0.019657,-0.250594,0.967893,0.000000,16.122222,0.000000,-0.000000,1.000000;;
         }

         Frame Bip001_R_Forearm {
          

          FrameTransformMatrix {
           0.697059,0.000000,-0.717014,0.000000,-0.000000,1.000000,0.000000,0.000000,0.717014,-0.000000,0.697059,0.000000,44.136819,0.000000,0.000000,1.000000;;
          }

          Frame Bip001_R_Hand {
           

           FrameTransformMatrix {
            0.902897,0.376426,0.207559,0.000000,0.237024,-0.033158,-0.970938,0.000000,-0.358604,0.925853,-0.119160,0.000000,37.683366,-0.000015,-0.000010,1.000000;;
           }

           Frame Bip001_R_Finger0 {
            

            FrameTransformMatrix {
             0.049495,0.567669,0.821767,0.000000,-0.435575,-0.728143,0.529228,0.000000,0.898791,-0.384136,0.211224,0.000000,4.289879,5.456850,2.394806,1.000000;;
            }

            Frame Bip001_R_Finger01 {
             

             FrameTransformMatrix {
              0.446311,-0.000000,0.894878,0.000000,0.000000,1.000000,0.000000,0.000000,-0.894878,0.000000,0.446311,0.000000,3.875538,0.000006,0.000000,1.000000;;
             }

             Frame Bip001_R_Finger02 {
              

              FrameTransformMatrix {
               0.691782,-0.000000,0.722107,0.000000,0.000000,1.000000,0.000000,0.000000,-0.722107,0.000000,0.691782,0.000000,3.875534,-0.000006,0.000000,1.000000;;
              }

              Frame Bip001_R_Finger0Nub {
               

               FrameTransformMatrix {
                -1.000000,0.000000,-0.000000,0.000000,0.000000,1.000000,-0.000000,0.000000,0.000000,-0.000000,-1.000000,0.000000,3.875534,0.000000,0.000008,1.000000;;
               }
              }
             }
            }
           }

           Frame Bip001_R_Finger1 {
            

            FrameTransformMatrix {
             0.645763,0.000608,0.763538,0.000000,0.000000,1.000000,-0.000796,0.000000,-0.763538,0.000514,0.645763,0.000000,11.734268,5.461195,-0.417755,1.000000;;
            }

            Frame Bip001_R_Finger11 {
             

             FrameTransformMatrix {
              0.253790,-0.000000,0.967260,0.000000,0.000000,1.000000,-0.000000,0.000000,-0.967259,0.000000,0.253789,0.000000,4.650650,-0.000002,0.000000,1.000000;;
             }

             Frame Bip001_R_Finger12 {
              

              FrameTransformMatrix {
               0.655587,-0.000000,0.755120,0.000000,0.000000,1.000000,0.000000,0.000000,-0.755120,-0.000000,0.655587,0.000000,4.650638,0.000000,-0.000015,1.000000;;
              }

              Frame Bip001_R_Finger1Nub {
               

               FrameTransformMatrix {
                -1.000000,0.000000,-0.000000,0.000000,0.000000,1.000000,-0.000000,0.000000,0.000000,-0.000000,-1.000000,0.000000,4.650642,0.000002,0.000000,1.000000;;
               }
              }
             }
            }
           }

           Frame Bip001_R_Finger2 {
            

            FrameTransformMatrix {
             0.920469,-0.042132,0.388537,0.000000,0.054546,0.998291,-0.020970,0.000000,-0.386990,0.040495,0.921194,0.000000,11.686767,1.501308,-0.364784,1.000000;;
            }

            Frame Bip001_R_Finger21 {
             

             FrameTransformMatrix {
              0.668493,0.000000,0.743719,0.000000,0.000000,1.000000,-0.000000,0.000000,-0.743719,0.000000,0.668493,0.000000,4.698425,-0.000002,-0.000004,1.000000;;
             }

             Frame Bip001_R_Finger22 {
              

              FrameTransformMatrix {
               0.614985,0.000000,0.788539,0.000000,0.000000,1.000000,0.000000,0.000000,-0.788539,0.000000,0.614985,0.000000,5.425751,0.000002,-0.000008,1.000000;;
              }

              Frame Bip001_R_Finger2Nub {
               

               FrameTransformMatrix {
                -1.000000,0.000000,0.000000,0.000000,-0.000000,1.000000,-0.000000,0.000000,-0.000000,0.000000,-1.000000,0.000000,5.425751,0.000004,0.000000,1.000000;;
               }
              }
             }
            }
           }

           Frame Bip001_R_Finger3 {
            

            FrameTransformMatrix {
             0.920610,-0.061713,0.385577,0.000000,0.084190,0.995578,-0.041667,0.000000,-0.381301,0.070821,0.921734,0.000000,11.686188,-1.606100,-0.362915,1.000000;;
            }

            Frame Bip001_R_Finger31 {
             

             FrameTransformMatrix {
              0.617540,-0.000000,0.786540,0.000000,-0.000000,1.000000,0.000000,0.000000,-0.786539,0.000000,0.617540,0.000000,4.316551,0.000002,0.000004,1.000000;;
             }

             Frame Bip001_R_Finger32 {
              

              FrameTransformMatrix {
               0.644614,-0.000000,0.764509,0.000000,0.000000,1.000000,0.000000,0.000000,-0.764509,0.000000,0.644614,0.000000,4.650642,-0.000002,0.000000,1.000000;;
              }

              Frame Bip001_R_Finger3Nub {
               

               FrameTransformMatrix {
                -1.000000,-0.000000,0.000000,0.000000,-0.000000,1.000000,-0.000000,0.000000,0.000000,-0.000000,-1.000000,0.000000,4.650642,-0.000002,0.000015,1.000000;;
               }
              }
             }
            }
           }

           Frame Bip001_R_Finger4 {
            

            FrameTransformMatrix {
             0.837526,-0.033509,0.545369,0.000000,0.043233,0.999053,-0.005008,0.000000,-0.544685,0.027772,0.838181,0.000000,10.216782,-4.386831,-0.631805,1.000000;;
            }

            Frame Bip001_R_Finger41 {
             

             FrameTransformMatrix {
              0.664307,0.000000,0.747460,0.000000,0.000000,1.000000,0.000000,0.000000,-0.747460,-0.000000,0.664307,0.000000,3.003708,0.000004,-0.000004,1.000000;;
             }

             Frame Bip001_R_Finger42 {
              

              FrameTransformMatrix {
               0.815423,0.000000,0.578866,0.000000,-0.000000,1.000000,0.000000,0.000000,-0.578866,0.000000,0.815423,0.000000,3.003716,-0.000004,-0.000008,1.000000;;
              }

              Frame Bip001_R_Finger4Nub {
               

               FrameTransformMatrix {
                -1.000000,-0.000000,-0.000000,0.000000,0.000000,1.000000,0.000000,0.000000,-0.000000,-0.000000,-1.000000,0.000000,3.003712,0.000000,0.000000,1.000000;;
               }
              }
             }
            }
           }
          }
         }
        }
       }

       Frame Bip001_Head {
        

        FrameTransformMatrix {
         0.995652,0.074926,-0.055342,0.000000,-0.080876,0.990121,-0.114543,0.000000,0.046213,0.118521,0.991876,0.000000,15.765366,-0.911514,-0.005146,1.000000;;
        }

        Frame Bip001_HeadNub {
         

         FrameTransformMatrix {
          1.000000,-0.000000,0.000000,0.000000,-0.000000,1.000000,0.000000,0.000000,0.000000,-0.000000,1.000000,0.000000,29.144013,0.000000,0.000004,1.000000;;
         }
        }
       }
      }
     }
    }
   }

   Frame Bip001_L_Thigh {
    

    FrameTransformMatrix {
     -0.757524,0.142278,0.637114,0.000000,0.071784,-0.951887,0.297923,0.000000,0.648849,0.271418,0.710864,0.000000,-15.161606,11.591101,-1.117419,1.000000;;
    }

    Frame Bip001_L_Calf {
     

     FrameTransformMatrix {
      0.689393,0.000000,-0.724388,0.000000,0.000000,1.000000,-0.000000,0.000000,0.724388,0.000000,0.689393,0.000000,54.040717,0.000000,-0.000008,1.000000;;
     }

     Frame Bip001_L_Foot {
      

      FrameTransformMatrix {
       0.991841,-0.018404,0.126142,0.000000,0.004680,0.994114,0.108236,0.000000,-0.127392,-0.106763,0.986090,0.000000,58.826861,-0.000001,-0.000004,1.000000;;
      }

      Frame Bip001_L_Toe0 {
       

       FrameTransformMatrix {
        0.000000,0.000000,1.000000,0.000000,0.000000,1.000000,-0.000000,0.000000,-1.000000,0.000000,0.000000,0.000000,14.261974,0.000001,18.354530,1.000000;;
       }

       Frame Bip001_L_Toe01 {
        

        FrameTransformMatrix {
         1.000000,-0.000000,0.000000,0.000000,-0.000000,1.000000,0.000000,0.000000,0.000000,0.000000,1.000000,0.000000,1.860256,-0.000003,-0.000000,1.000000;;
        }

        Frame Bip001_L_Toe02 {
         

         FrameTransformMatrix {
          1.000000,-0.000000,0.000000,0.000000,-0.000000,1.000000,0.000000,0.000000,0.000000,0.000000,1.000000,0.000000,1.860256,0.000004,0.000000,1.000000;;
         }

         Frame Bip001_L_Toe0Nub {
          

          FrameTransformMatrix {
           -1.000000,0.000000,0.000000,0.000000,-0.000000,1.000000,-0.000000,0.000000,0.000000,-0.000000,-1.000000,0.000000,1.860256,-0.000001,0.000000,1.000000;;
          }
         }
        }
       }
      }
     }
    }
   }

   Frame Bip001_R_Thigh {
    

    FrameTransformMatrix {
     -0.954476,-0.265922,0.135137,0.000000,0.207906,-0.917942,-0.337873,0.000000,0.213895,-0.294395,0.931440,0.000000,-13.314636,-12.933128,2.101339,1.000000;;
    }

    Frame Bip001_R_Calf {
     

     FrameTransformMatrix {
      0.732089,0.000000,-0.681210,0.000000,-0.000000,1.000000,-0.000000,0.000000,0.681210,-0.000000,0.732089,0.000000,53.736070,0.000000,0.000000,1.000000;;
     }

     Frame Bip001_R_Foot {
      

      FrameTransformMatrix {
       0.826404,-0.176057,0.534846,0.000000,0.260160,0.961783,-0.085387,0.000000,-0.499373,0.209710,0.840624,0.000000,59.151949,0.000002,-0.000004,1.000000;;
      }

      Frame Bip001_R_Toe0 {
       

       FrameTransformMatrix {
        0.000000,0.000000,1.000000,0.000000,-0.000000,1.000000,-0.000000,0.000000,-1.000000,-0.000000,-0.000000,0.000000,14.261973,0.000004,18.354526,1.000000;;
       }

       Frame Bip001_R_Toe01 {
        

        FrameTransformMatrix {
         1.000000,0.000000,0.000000,0.000000,-0.000000,1.000000,-0.000000,0.000000,-0.000000,0.000000,1.000000,0.000000,1.860257,0.000000,0.000000,1.000000;;
        }

        Frame Bip001_R_Toe02 {
         

         FrameTransformMatrix {
          1.000000,0.000000,0.000000,0.000000,-0.000000,1.000000,-0.000000,0.000000,-0.000000,0.000000,1.000000,0.000000,1.860257,-0.000004,0.000000,1.000000;;
         }

         Frame Bip001_R_Toe0Nub {
          

          FrameTransformMatrix {
           1.000000,0.000000,0.000000,0.000000,-0.000000,1.000000,-0.000000,0.000000,-0.000000,0.000000,1.000000,0.000000,1.860256,0.000000,-0.000000,1.000000;;
          }
         }
        }
       }
      }
     }
    }
   }
  }
 }
}

Frame Box001 {
 

 FrameTransformMatrix {
  0.667112,0.000000,0.000000,0.000000,0.000000,0.696682,0.000000,0.000000,0.000000,0.000000,0.492662,0.000000,0.000000,0.000000,0.000000,1.000000;;
 }

 Mesh Box001 {
  24;
  11.294274;20.395582;-174.144192;,
  14.449656;19.554952;-170.164493;,
  11.481672;19.205762;-170.117555;,
  14.262256;20.744774;-174.191130;,
  11.078438;22.148523;-173.089984;,
  14.233821;21.307891;-169.110272;,
  14.046422;22.497714;-173.136922;,
  11.265838;20.958702;-169.063334;,
  11.294274;20.395582;-174.144192;,
  14.046422;22.497714;-173.136922;,
  14.262256;20.744774;-174.191130;,
  11.078438;22.148523;-173.089984;,
  14.262256;20.744774;-174.191130;,
  14.233821;21.307891;-169.110272;,
  14.449656;19.554952;-170.164493;,
  14.046422;22.497714;-173.136922;,
  14.449656;19.554952;-170.164493;,
  11.265838;20.958702;-169.063334;,
  11.481672;19.205762;-170.117555;,
  14.233821;21.307891;-169.110272;,
  11.481672;19.205762;-170.117555;,
  11.078438;22.148523;-173.089984;,
  11.294274;20.395582;-174.144192;,
  11.265838;20.958702;-169.063334;;
  12;
  3;0,1,2;,
  3;1,0,3;,
  3;4,5,6;,
  3;5,4,7;,
  3;8,9,10;,
  3;9,8,11;,
  3;12,13,14;,
  3;13,12,15;,
  3;16,17,18;,
  3;17,16,19;,
  3;20,21,22;,
  3;21,20,23;;

  MeshMaterialList {
   1;
   12;
   0,
   0,
   0,
   0,
   0,
   0,
   0,
   0,
   0,
   0,
   0,
   0;

   Material  {
    0.529412;0.231373;0.031373;1.000000;;
    0.000000;
    0.000000;0.000000;0.000000;;
    0.000000;0.000000;0.000000;;
   }
  }

  DeclData {
   2;
   2;0;3;0;,
   1;0;5;0;;
   120;
   1037836857,
   3212032943,
   3197278703,
   1065353216,
   1065353216,
   1037836857,
   3212032943,
   3197278703,
   0,
   0,
   1037836857,
   3212032943,
   3197278703,
   1065353216,
   0,
   1037836857,
   3212032943,
   3197278703,
   0,
   1065353216,
   3185320426,
   1064549296,
   1049795055,
   0,
   1065353216,
   3185320426,
   1064549296,
   1049795055,
   1065353216,
   0,
   3185320425,
   1064549296,
   1049795055,
   1065353216,
   1065353216,
   3185320425,
   1064549296,
   1049795055,
   0,
   0,
   3180727865,
   1057087926,
   3210464891,
   0,
   1065353216,
   3180727876,
   1057087928,
   3210464890,
   1065353216,
   0,
   3180727895,
   1057087930,
   3210464888,
   1065353216,
   1065353216,
   3180727846,
   1057087923,
   3210464893,
   0,
   0,
   1065216175,
   1040339458,
   3154912930,
   0,
   1065353216,
   1065216175,
   1040339458,
   3154912930,
   1065353216,
   0,
   1065216175,
   1040339459,
   3154912931,
   1065353216,
   1065353216,
   1065216175,
   1040339459,
   3154912931,
   0,
   0,
   1033244218,
   3204571576,
   1062981242,
   0,
   1065353216,
   1033244227,
   3204571574,
   1062981243,
   1065353216,
   0,
   1033244241,
   3204571571,
   1062981244,
   1065353216,
   1065353216,
   1033244205,
   3204571578,
   1062981241,
   0,
   0,
   3212699824,
   3187823098,
   1007429320,
   0,
   1065353216,
   3212699824,
   3187823098,
   1007429320,
   1065353216,
   0,
   3212699824,
   3187823098,
   1007429319,
   1065353216,
   1065353216,
   3212699824,
   3187823098,
   1007429319,
   0,
   0;
  }

  XSkinMeshHeader {
   1;
   1;
   1;
  }

  SkinWeights {
   "Bip001_L_Toe0Nub";
   24;
   0,
   1,
   2,
   3,
   4,
   5,
   6,
   7,
   8,
   9,
   10,
   11,
   12,
   13,
   14,
   15,
   16,
   17,
   18,
   19,
   20,
   21,
   22,
   23;
   1.000000,
   1.000000,
   1.000000,
   1.000000,
   1.000000,
   1.000000,
   1.000000,
   1.000000,
   1.000000,
   1.000000,
   1.000000,
   1.000000,
   1.000000,
   1.000000,
   1.000000,
   1.000000,
   1.000000,
   1.000000,
   1.000000,
   1.000000,
   1.000000,
   1.000000,
   1.000000,
   1.000000;
   -0.182852,-0.641549,0.004261,0.000000,-0.004624,-0.003309,-0.696659,0.000000,0.473783,-0.135052,-0.002503,0.000000,53.369843,8.095062,0.295709,1.000000;;
  }
 }
}

AnimTicksPerSecond  {
 4800;
}

AnimationSet Anim1 {
 

 Animation {
  
  { Bip001 }

  AnimationKey S {
   1;
   2;
   0;3;1.000000,1.000000,1.000000;;,
   5600;3;1.000000,1.000000,1.000000;;;
  }

  AnimationKey R {
   0;
   36;
   0;4;0.706502,0.001745,-0.707708,-0.000906;;,
   160;4;0.704905,-0.001349,-0.709299,-0.001441;;,
   320;4;0.706502,0.001745,-0.707708,-0.000906;;,
   480;4;0.714681,0.017414,-0.699231,0.001599;;,
   640;4;0.724777,0.037329,-0.687955,0.004703;;,
   800;4;0.734433,0.057985,-0.676150,0.008207;;,
   960;4;0.741626,0.075889,-0.666401,0.011914;;,
   1120;4;0.736434,0.078819,-0.671665,0.017838;;,
   1280;4;0.731325,0.078802,-0.676971,0.025790;;,
   1440;4;0.724686,0.083030,-0.683096,0.036279;;,
   1600;4;0.720962,0.088467,-0.685944,0.043217;;,
   1760;4;0.717552,0.091755,-0.688765,0.047997;;,
   1920;4;0.714289,0.095507,-0.691196,0.054018;;,
   2080;4;0.712658,0.102938,-0.691157,0.061846;;,
   2240;4;0.708835,0.109215,-0.693499,0.068446;;,
   2400;4;0.700070,0.109936,-0.701836,0.072408;;,
   2560;4;0.688741,0.110670,-0.712696,0.073841;;,
   2720;4;0.675807,0.105993,-0.725937,0.071169;;,
   2880;4;0.662155,0.099500,-0.739921,0.064550;;,
   3040;4;0.647310,0.091094,-0.754582,0.057432;;,
   3200;4;0.631190,0.078196,-0.769912,0.052156;;,
   3360;4;0.615266,0.062951,-0.784481,0.045544;;,
   3520;4;0.601270,0.052080,-0.796470,0.037384;;,
   3680;4;0.584304,0.039052,-0.810005,0.030898;;,
   3840;4;0.593358,0.035326,-0.803675,0.028019;;,
   4000;4;0.602946,0.031817,-0.796748,0.025221;;,
   4160;4;0.612965,0.028493,-0.789276,0.022492;;,
   4320;4;0.623312,0.025323,-0.781312,0.019821;;,
   4480;4;0.633887,0.022276,-0.772914,0.017196;;,
   4640;4;0.644592,0.019320,-0.764143,0.014604;;,
   4800;4;0.655333,0.016424,-0.755066,0.012034;;,
   4960;4;0.666017,0.013557,-0.745753,0.009473;;,
   5120;4;0.676558,0.010686,-0.736279,0.006911;;,
   5280;4;0.686872,0.007782,-0.726724,0.004335;;,
   5440;4;0.696878,0.004812,-0.717171,0.001733;;,
   5600;4;0.706502,0.001745,-0.707708,-0.000906;;;
  }

  AnimationKey T {
   2;
   36;
   0;3;0.001852,115.115712,1.152993;;,
   160;3;0.288279,115.111590,-0.207131;;,
   320;3;0.001852,115.115712,1.152993;;,
   480;3;-1.429276,115.210509,7.884422;;,
   640;3;-3.241638,115.360243,16.383219;;,
   800;3;-5.150813,115.412442,25.427651;;,
   960;3;-6.872382,115.214656,33.795965;;,
   1120;3;-7.662949,113.247616,39.268064;;,
   1280;3;-8.454090,111.739200,44.709626;;,
   1440;3;-9.427225,110.745830,50.219222;;,
   1600;3;-10.641755,110.536563,55.541997;;,
   1760;3;-11.812427,110.900608,60.059923;;,
   1920;3;-12.915407,111.517965,63.632000;;,
   2080;3;-14.021637,112.188070,66.358899;;,
   2240;3;-14.940045,112.882010,68.297869;;,
   2400;3;-15.762216,113.244877,69.451974;;,
   2560;3;-16.281266,113.258739,70.134253;;,
   2720;3;-16.436648,113.013990,70.197286;;,
   2880;3;-16.277734,112.775462,69.692723;;,
   3040;3;-15.745136,112.904550,68.685837;;,
   3200;3;-14.807634,113.555994,67.107558;;,
   3360;3;-13.649987,114.447782,64.763290;;,
   3520;3;-12.288902,115.435661,61.746771;;,
   3680;3;-10.878083,116.369203,58.184448;;,
   3840;3;-9.938829,116.331840,53.508733;;,
   4000;3;-9.010906,116.271181,48.806403;;,
   4160;3;-8.092656,116.190554,44.081101;;,
   4320;3;-7.182487,116.093312,39.336701;;,
   4480;3;-6.278802,115.982771,34.577165;;,
   4640;3;-5.379944,115.862221,29.806067;;,
   4800;3;-4.484317,115.735040,25.027334;;,
   4960;3;-3.590328,115.604506,20.244904;;,
   5120;3;-2.696317,115.473984,15.462362;;,
   5280;3;-1.800691,115.346803,10.683633;;,
   5440;3;-0.901853,115.226253,5.912644;;,
   5600;3;0.001852,115.115712,1.152993;;;
  }
 }

 Animation {
  
  { Bip001_Pelvis }

  AnimationKey S {
   1;
   2;
   0;3;1.000000,1.000000,1.000000;;,
   5600;3;1.000000,1.000000,1.000000;;;
  }

  AnimationKey R {
   0;
   35;
   0;4;-0.494101,0.505831,0.494100,0.505831;;,
   160;4;-0.493864,0.506062,0.493863,0.506063;;,
   320;4;-0.494101,0.505831,0.494100,0.505831;;,
   480;4;-0.495308,0.504649,0.495307,0.504649;;,
   640;4;-0.496841,0.503139,0.496841,0.503140;;,
   800;4;-0.498419,0.501576,0.498418,0.501577;;,
   960;4;-0.499761,0.500239,0.499761,0.500239;;,
   1280;4;-0.499794,0.500206,0.499794,0.500206;;,
   1440;4;-0.499993,0.500007,0.499993,0.500007;;,
   1600;4;-0.500083,0.499917,0.500083,0.499917;;,
   1760;4;-0.500311,0.499688,0.500311,0.499689;;,
   1920;4;-0.500632,0.499367,0.500632,0.499368;;,
   2080;4;-0.500846,0.499153,0.500845,0.499153;;,
   2240;4;-0.501012,0.498986,0.501012,0.498986;;,
   2400;4;-0.501474,0.498521,0.501474,0.498522;;,
   2560;4;-0.501765,0.498229,0.501764,0.498229;;,
   2720;4;-0.502494,0.497493,0.502494,0.497494;;,
   2880;4;-0.503477,0.496498,0.503476,0.496499;;,
   3040;4;-0.504575,0.495383,0.504574,0.495384;;,
   3200;4;-0.505745,0.494188,0.505745,0.494189;;,
   3360;4;-0.506860,0.493045,0.506859,0.493046;;,
   3520;4;-0.508122,0.491744,0.508121,0.491745;;,
   3680;4;-0.508083,0.491784,0.508082,0.491785;;,
   3840;4;-0.507736,0.492142,0.507736,0.492143;;,
   4000;4;-0.508248,0.491613,0.508248,0.491614;;,
   4160;4;-0.506993,0.492908,0.506992,0.492909;;,
   4320;4;-0.505674,0.494261,0.505674,0.494261;;,
   4480;4;-0.504303,0.495659,0.504303,0.495660;;,
   4640;4;-0.502890,0.497093,0.502890,0.497094;;,
   4800;4;-0.501445,0.498551,0.501444,0.498552;;,
   4960;4;-0.499977,0.500023,0.499977,0.500023;;,
   5120;4;-0.498499,0.501497,0.498498,0.501498;;,
   5280;4;-0.497019,0.502963,0.497018,0.502964;;,
   5440;4;-0.495550,0.504411,0.495549,0.504412;;,
   5600;4;-0.494101,0.505831,0.494100,0.505831;;;
  }

  AnimationKey T {
   2;
   2;
   0;3;0.000000,0.000000,0.000000;;,
   5600;3;0.000000,0.000000,0.000000;;;
  }
 }

 Animation {
  
  { Bip001_Spine }

  AnimationKey S {
   1;
   2;
   0;3;1.000000,1.000000,1.000000;;,
   5600;3;1.000000,1.000000,1.000000;;;
  }

  AnimationKey R {
   0;
   36;
   0;4;0.997054,-0.065660,0.015989,0.036289;;,
   160;4;0.996562,-0.065279,0.035042,0.037089;;,
   320;4;0.997054,-0.065660,0.015989,0.036289;;,
   480;4;0.991193,-0.069529,-0.107967,0.032325;;,
   640;4;0.961758,-0.071383,-0.263112,0.026415;;,
   800;4;0.931607,-0.064775,-0.357139,0.019072;;,
   960;4;0.920320,-0.050734,-0.387708,0.010989;;,
   1120;4;0.912426,-0.034145,-0.407794,0.004275;;,
   1280;4;0.908449,-0.015896,-0.417683,-0.002916;;,
   1440;4;0.908646,0.002195,-0.417444,-0.009929;;,
   1600;4;0.913069,0.018255,-0.407083,-0.015975;;,
   1760;4;0.921535,0.030603,-0.386534,-0.020711;;,
   1920;4;0.933575,0.037332,-0.355664,-0.023394;;,
   2080;4;0.948417,0.039873,-0.313572,-0.024248;;,
   2240;4;0.964263,0.041050,-0.260607,-0.024412;;,
   2400;4;0.978914,0.040947,-0.198617,-0.024537;;,
   2560;4;0.990482,0.039309,-0.129762,-0.023725;;,
   2720;4;0.997479,0.036331,-0.056367,-0.023218;;,
   2880;4;0.999052,0.031940,0.018982,-0.022708;;,
   3040;4;0.995020,0.026235,0.093613,-0.021986;;,
   3200;4;0.985894,0.019435,0.164898,-0.021054;;,
   3360;4;0.972832,0.011891,0.230358,-0.019767;;,
   3520;4;0.957512,0.003874,0.287762,-0.018673;;,
   3680;4;0.942040,-0.003265,0.335144,-0.015153;;,
   3840;4;0.928595,-0.009542,0.370797,-0.011392;;,
   4000;4;0.919323,-0.015468,0.393077,-0.009785;;,
   4160;4;0.916934,-0.019501,0.398527,-0.005273;;,
   4320;4;0.921900,-0.023753,0.386699,-0.000763;;,
   4480;4;0.932357,-0.028246,0.360414,0.003774;;,
   4640;4;0.946007,-0.032995,0.322356,0.008363;;,
   4800;4;0.960523,-0.037998,0.275285,0.013008;;,
   4960;4;0.973888,-0.043234,0.222172,0.017691;;,
   5120;4;0.984631,-0.048667,0.166231,0.022383;;,
   5280;4;0.991984,-0.054249,0.110875,0.027054;;,
   5440;4;0.995917,-0.059930,0.059622,0.031687;;,
   5600;4;0.997054,-0.065660,0.015989,0.036289;;;
  }

  AnimationKey T {
   2;
   36;
   0;3;14.258507,-0.332911,-0.012715;;,
   160;3;14.258675,-0.346310,-0.012692;;,
   320;3;14.258507,-0.332911,-0.012715;;,
   480;3;14.256813,-0.264596,-0.012408;;,
   640;3;14.254395,-0.177710,-0.010921;;,
   800;3;14.253166,-0.088348,-0.009449;;,
   960;3;14.252816,-0.012320,-0.008900;;,
   1120;3;14.252419,-0.010904,-0.008533;;,
   1280;3;14.252227,-0.007025,-0.008343;;,
   1440;3;14.252235,-0.000564,-0.008362;;,
   1600;3;14.252434,0.004141,-0.008568;;,
   1760;3;14.252838,0.016822,-0.008972;;,
   1920;3;14.253418,0.034972,-0.009544;;,
   2080;3;14.254288,0.047117,-0.010269;;,
   2240;3;14.255432,0.056609,-0.011055;;,
   2400;3;14.256752,0.083064,-0.011772;;,
   2560;3;14.258339,0.099771,-0.012360;;,
   2720;3;14.259834,0.141674,-0.012703;;,
   2880;3;14.261093,0.198231,-0.012787;;,
   3040;3;14.261971,0.261547,-0.012589;;,
   3200;3;14.262360,0.329231,-0.012123;;,
   3360;3;14.262283,0.393803,-0.011467;;,
   3520;3;14.261421,0.467119,-0.010719;;,
   3680;3;14.262498,0.465027,-0.009953;;,
   3840;3;14.263878,0.445065,-0.009304;;,
   4000;3;14.263344,0.474876,-0.008862;;,
   4160;3;14.265694,0.402194,-0.008755;;,
   4320;3;14.267403,0.326090,-0.008984;;,
   4480;3;14.268470,0.247180,-0.009483;;,
   4640;3;14.268853,0.166067,-0.010139;;,
   4800;3;14.268539,0.083360,-0.010851;;,
   4960;3;14.267555,-0.000330,-0.011522;;,
   5120;3;14.265946,-0.084405,-0.012064;;,
   5280;3;14.263818,-0.168259,-0.012444;;,
   5440;3;14.261307,-0.251294,-0.012649;;,
   5600;3;14.258507,-0.332911,-0.012715;;;
  }
 }

 Animation {
  
  { Bip001_Spine1 }

  AnimationKey S {
   1;
   2;
   0;3;1.000000,1.000000,1.000000;;,
   5600;3;1.000000,1.000000,1.000000;;;
  }

  AnimationKey R {
   0;
   36;
   0;4;0.999975,-0.000000,-0.007058,-0.000000;;,
   160;4;0.999956,-0.000000,-0.009387,-0.000000;;,
   320;4;0.999975,-0.000000,-0.007058,-0.000000;;,
   480;4;0.999961,-0.000000,0.008866,-0.000000;;,
   640;4;0.999582,0.000000,0.028927,-0.000000;;,
   800;4;0.999219,0.000000,0.039515,-0.000000;;,
   960;4;0.999243,0.000000,0.038903,-0.000000;;,
   1120;4;0.999383,0.000000,0.035134,-0.000000;;,
   1280;4;0.999572,-0.000000,0.029272,-0.000000;;,
   1440;4;0.999750,0.000000,0.022378,-0.000000;;,
   1600;4;0.999880,0.000000,0.015519,-0.000000;;,
   1760;4;0.999952,0.000000,0.009757,-0.000000;;,
   1920;4;0.999981,0.000000,0.006158,-0.000000;;,
   2080;4;0.999991,-0.000000,0.004191,-0.000000;;,
   2240;4;0.999997,-0.000000,0.002583,-0.000000;;,
   2400;4;0.999999,0.000000,0.001292,-0.000000;;,
   2560;4;1.000000,0.000000,0.000274,-0.000000;;,
   2720;4;1.000000,0.000000,-0.000514,-0.000000;;,
   2880;4;0.999999,0.000000,-0.001114,-0.000000;;,
   3040;4;0.999999,0.000000,-0.001571,-0.000000;;,
   3200;4;0.999998,0.000000,-0.001928,-0.000000;;,
   3360;4;0.999998,0.000000,-0.002227,-0.000000;;,
   3520;4;0.999997,0.000000,-0.002512,-0.000000;;,
   3680;4;0.999996,0.000000,-0.002826,-0.000000;;,
   3840;4;0.999995,0.000000,-0.003213,-0.000000;;,
   4000;4;0.999993,-0.000000,-0.003716,-0.000000;;,
   4160;4;0.999991,-0.000000,-0.004245,-0.000000;;,
   4320;4;0.999989,-0.000000,-0.004692,-0.000000;;,
   4480;4;0.999987,0.000000,-0.005072,-0.000000;;,
   4640;4;0.999985,0.000000,-0.005399,-0.000000;;,
   4800;4;0.999984,0.000000,-0.005687,-0.000000;;,
   4960;4;0.999982,0.000000,-0.005952,-0.000000;;,
   5120;4;0.999981,-0.000000,-0.006207,-0.000000;;,
   5280;4;0.999979,0.000000,-0.006467,-0.000000;;,
   5440;4;0.999977,0.000000,-0.006745,-0.000000;;,
   5600;4;0.999975,-0.000000,-0.007058,-0.000000;;;
  }

  AnimationKey T {
   2;
   17;
   0;3;16.122040,0.000000,-0.012836;;,
   320;3;16.121963,0.000000,-0.012836;;,
   480;3;16.122451,0.000000,-0.012833;;,
   640;3;16.122955,0.000001,-0.012814;;,
   800;3;16.123238,0.000000,-0.012802;;,
   960;3;16.123214,0.000000,-0.012802;;,
   1120;3;16.123107,0.000000,-0.012806;;,
   1280;3;16.122978,0.000000,-0.012798;;,
   1440;3;16.122795,-0.000002,-0.012821;;,
   1600;3;16.122605,-0.000002,-0.012825;;,
   1760;3;16.122482,-0.000001,-0.012829;;,
   1920;3;16.122376,-0.000000,-0.012840;;,
   2400;3;16.122330,-0.000001,-0.012840;;,
   2560;3;16.122222,0.000001,-0.012848;;,
   4160;3;16.122216,0.000004,-0.012840;;,
   4320;3;16.122109,0.000000,-0.012840;;,
   5600;3;16.122093,0.000002,-0.012833;;;
  }
 }

 Animation {
  
  { Bip001_Spine2 }

  AnimationKey S {
   1;
   2;
   0;3;1.000000,1.000000,1.000000;;,
   5600;3;1.000000,1.000000,1.000000;;;
  }

  AnimationKey R {
   0;
   36;
   0;4;0.999989,-0.000000,-0.004682,-0.000000;;,
   160;4;0.999977,0.000000,-0.006849,-0.000000;;,
   320;4;0.999989,-0.000000,-0.004682,-0.000000;;,
   480;4;0.999948,0.000000,0.010183,-0.000000;;,
   640;4;0.999582,0.000000,0.028897,-0.000000;;,
   800;4;0.999253,-0.000000,0.038643,-0.000000;;,
   960;4;0.999286,-0.000000,0.037782,-0.000000;;,
   1120;4;0.999425,0.000000,0.033895,-0.000000;;,
   1280;4;0.999608,-0.000000,0.028017,-0.000000;;,
   1440;4;0.999776,0.000000,0.021181,-0.000000;;,
   1600;4;0.999896,0.000000,0.014424,-0.000000;;,
   1760;4;0.999961,0.000000,0.008780,-0.000000;;,
   1920;4;0.999986,0.000000,0.005286,-0.000000;;,
   2080;4;0.999994,0.000000,0.003412,-0.000000;;,
   2240;4;0.999998,0.000000,0.001911,-0.000000;;,
   2400;4;1.000000,-0.000000,0.000737,-0.000000;;,
   2560;4;1.000000,0.000000,-0.000155,-0.000000;;,
   2720;4;1.000000,-0.000000,-0.000808,-0.000000;;,
   2880;4;0.999999,0.000000,-0.001268,-0.000000;;,
   3040;4;0.999999,0.000000,-0.001580,-0.000000;;,
   3200;4;0.999998,-0.000000,-0.001788,-0.000000;;,
   3360;4;0.999998,0.000000,-0.001937,-0.000000;;,
   3520;4;0.999998,-0.000000,-0.002071,-0.000000;;,
   3680;4;0.999998,0.000000,-0.002235,-0.000000;;,
   3840;4;0.999997,-0.000000,-0.002474,-0.000000;;,
   4000;4;0.999996,0.000000,-0.002833,-0.000000;;,
   4160;4;0.999995,0.000000,-0.003219,-0.000000;;,
   4320;4;0.999994,0.000000,-0.003521,-0.000000;;,
   4480;4;0.999993,-0.000000,-0.003753,-0.000000;;,
   4640;4;0.999992,0.000000,-0.003930,-0.000000;;,
   4800;4;0.999992,-0.000000,-0.004068,-0.000000;;,
   4960;4;0.999991,0.000000,-0.004181,-0.000000;;,
   5120;4;0.999991,0.000000,-0.004284,-0.000000;;,
   5280;4;0.999990,0.000000,-0.004392,-0.000000;;,
   5440;4;0.999990,-0.000000,-0.004519,-0.000000;;,
   5600;4;0.999989,-0.000000,-0.004682,-0.000000;;;
  }

  AnimationKey T {
   2;
   15;
   0;3;16.122085,0.000000,-0.012837;;,
   320;3;16.122024,0.000000,-0.012836;;,
   480;3;16.122467,-0.000001,-0.012838;;,
   640;3;16.122941,0.000000,-0.012817;;,
   800;3;16.123230,-0.000002,-0.012802;;,
   960;3;16.123200,0.000003,-0.012802;;,
   1120;3;16.123077,-0.000001,-0.012802;;,
   1280;3;16.122925,-0.000002,-0.012825;;,
   1440;3;16.122773,0.000000,-0.012821;;,
   1600;3;16.122605,0.000000,-0.012829;;,
   1760;3;16.122467,0.000001,-0.012829;;,
