xof 0303txt 0032
template Frame {
 <3d82ab46-62da-11cf-ab39-0020af71e433>
 [...]
}

template Matrix4x4 {
 <f6f23f45-7686-11cf-8f52-0040333594a3>
 array FLOAT matrix[16];
}

template FrameTransformMatrix {
 <f6f23f41-7686-11cf-8f52-0040333594a3>
 Matrix4x4 frameMatrix;
}

template Vector {
 <3d82ab5e-62da-11cf-ab39-0020af71e433>
 FLOAT x;
 FLOAT y;
 FLOAT z;
}

template MeshFace {
 <3d82ab5f-62da-11cf-ab39-0020af71e433>
 DWORD nFaceVertexIndices;
 array DWORD faceVertexIndices[nFaceVertexIndices];
}

template Mesh {
 <3d82ab44-62da-11cf-ab39-0020af71e433>
 DWORD nVertices;
 array Vector vertices[nVertices];
 DWORD nFaces;
 array MeshFace faces[nFaces];
 [...]
}

template ColorRGBA {
 <35ff44e0-6c7c-11cf-8f52-0040333594a3>
 FLOAT red;
 FLOAT green;
 FLOAT blue;
 FLOAT alpha;
}

template ColorRGB {
 <d3e16e81-7835-11cf-8f52-0040333594a3>
 FLOAT red;
 FLOAT green;
 FLOAT blue;
}

template Material {
 <3d82ab4d-62da-11cf-ab39-0020af71e433>
 ColorRGBA faceColor;
 FLOAT power;
 ColorRGB specularColor;
 ColorRGB emissiveColor;
 [...]
}

template MeshMaterialList {
 <f6f23f42-7686-11cf-8f52-0040333594a3>
 DWORD nMaterials;
 DWORD nFaceIndexes;
 array DWORD faceIndexes[nFaceIndexes];
 [Material <3d82ab4d-62da-11cf-ab39-0020af71e433>]
}

template VertexElement {
 <f752461c-1e23-48f6-b9f8-8350850f336f>
 DWORD Type;
 DWORD Method;
 DWORD Usage;
 DWORD UsageIndex;
}

template DeclData {
 <bf22e553-292c-4781-9fea-62bd554bdd93>
 DWORD nElements;
 array VertexElement Elements[nElements];
 DWORD nDWords;
 array DWORD data[nDWords];
}

template XSkinMeshHeader {
 <3cf169ce-ff7c-44ab-93c0-f78f62d172e2>
 WORD nMaxSkinWeightsPerVertex;
 WORD nMaxSkinWeightsPerFace;
 WORD nBones;
}

template SkinWeights {
 <6f0d123b-bad2-4167-a0d0-80224f25fabb>
 STRING transformNodeName;
 DWORD nWeights;
 array DWORD vertexIndices[nWeights];
 array FLOAT weights[nWeights];
 Matrix4x4 matrixOffset;
}

template AnimTicksPerSecond {
 <9e415a43-7ba6-4a73-8743-b73d47e88476>
 DWORD AnimTicksPerSecond;
}

template Animation {
 <3d82ab4f-62da-11cf-ab39-0020af71e433>
 [...]
}

template AnimationSet {
 <3d82ab50-62da-11cf-ab39-0020af71e433>
 [Animation <3d82ab4f-62da-11cf-ab39-0020af71e433>]
}

template FloatKeys {
 <10dd46a9-775b-11cf-8f52-0040333594a3>
 DWORD nValues;
 array FLOAT values[nValues];
}

template TimedFloatKeys {
 <f406b180-7b3b-11cf-8f52-0040333594a3>
 DWORD time;
 FloatKeys tfkeys;
}

template AnimationKey {
 <10dd46a8-775b-11cf-8f52-0040333594a3>
 DWORD keyType;
 DWORD nKeys;
 array TimedFloatKeys keys[nKeys];
}


Frame Bip001 {
 

 FrameTransformMatrix {
  0.017625,0.140580,-0.989912,0.000000,-0.002503,0.990069,0.140558,0.000000,0.999842,-0.000000,0.017802,0.000000,0.110075,125.923430,-7.903718,1.000000;;
 }

 Frame Bip001_Pelvis {
  

  FrameTransformMatrix {
   -0.000000,0.999837,0.018070,0.000000,-0.000001,-0.018070,0.999837,0.000000,1.000000,-0.000000,0.000001,0.000000,0.000000,0.000000,0.000000,1.000000;;
  }

  Frame Bip001_Spine {
   

   FrameTransformMatrix {
    0.991701,-0.026890,0.125722,0.000000,0.042112,0.991877,-0.120033,0.000000,-0.121473,0.124331,0.984777,0.000000,14.261208,-0.259312,-0.012638,1.000000;;
   }

   Frame Bip001_Spine1 {
    

    FrameTransformMatrix {
     1.000000,0.000000,0.000000,0.000000,0.000000,1.000000,0.000000,0.000000,0.000000,0.000000,1.000000,0.000000,16.122208,0.000000,-0.012838,1.000000;;
    }

    Frame Bip001_Spine2 {
     

     FrameTransformMatrix {
      0.999638,0.000729,0.026916,0.000000,-0.000019,0.999652,-0.026385,0.000000,-0.026926,0.026375,0.999289,0.000000,16.122574,-0.000339,-0.012828,1.000000;;
     }

     Frame Bip001_Spine3 {
      

      FrameTransformMatrix {
       0.999637,0.000729,0.026916,0.000000,-0.000019,0.999652,-0.026385,0.000000,-0.026926,0.026375,0.999289,0.000000,16.122558,-0.000339,-0.012829,1.000000;;
      }

      Frame Bip001_Neck {
       

       FrameTransformMatrix {
        0.984128,0.031204,-0.174698,0.000000,-0.000233,0.984646,0.174561,0.000000,0.177462,-0.171750,0.969025,0.000000,16.120910,0.001272,-0.007176,1.000000;;
       }

       Frame Bip001_L_Clavicle {
        

        FrameTransformMatrix {
         -0.239327,0.856116,-0.458026,0.000000,0.957782,0.285563,0.033299,0.000000,0.159303,-0.430720,-0.888315,0.000000,0.135452,4.273953,-0.738102,1.000000;;
        }

        Frame Bip001_L_UpperArm {
         

         FrameTransformMatrix {
          0.611327,-0.791014,-0.024011,0.000000,0.555897,0.450818,-0.698385,0.000000,0.563257,0.413594,0.715320,0.000000,16.122222,0.000000,0.000001,1.000000;;
         }

         Frame Bip001_L_Forearm {
          

          FrameTransformMatrix {
           0.866562,0.000000,-0.499069,0.000000,0.000000,1.000000,0.000000,0.000000,0.499069,0.000000,0.866562,0.000000,44.136826,0.000008,0.000004,1.000000;;
          }

          Frame Bip001_L_Hand {
           

           FrameTransformMatrix {
            0.995658,0.020396,-0.090827,0.000000,0.093068,-0.239105,0.966523,0.000000,-0.002004,-0.970780,-0.239965,0.000000,37.683379,0.000000,0.000002,1.000000;;
           }

           Frame Bip001_L_Finger0 {
            

            FrameTransformMatrix {
             0.820473,-0.503828,0.270153,0.000000,0.512024,0.437437,-0.739243,0.000000,0.254276,0.744853,0.616877,0.000000,4.289879,-5.456856,2.394806,1.000000;;
            }

            Frame Bip001_L_Finger01 {
             

             FrameTransformMatrix {
              1.000000,-0.000000,0.000000,0.000000,0.000000,1.000000,0.000000,0.000000,0.000000,0.000000,1.000000,0.000000,3.875526,0.000000,-0.000008,1.000000;;
             }

             Frame Bip001_L_Finger02 {
              

              FrameTransformMatrix {
               1.000000,-0.000000,0.000000,0.000000,0.000000,1.000000,0.000000,0.000000,0.000000,0.000000,1.000000,0.000000,3.875549,0.000004,0.000015,1.000000;;
              }

              Frame Bip001_L_Finger0Nub {
               

               FrameTransformMatrix {
                1.000000,-0.000000,0.000000,0.000000,0.000000,1.000000,0.000000,0.000000,0.000000,0.000000,1.000000,0.000000,3.875530,0.000004,0.000000,1.000000;;
               }
              }
             }
            }
           }

           Frame Bip001_L_Finger1 {
            

            FrameTransformMatrix {
             0.922315,0.000308,-0.386438,0.000000,-0.000000,1.000000,0.000796,0.000000,0.386438,-0.000734,0.922315,0.000000,11.734268,-5.461197,-0.417755,1.000000;;
            }

            Frame Bip001_L_Finger11 {
             

             FrameTransformMatrix {
              1.000000,0.000000,-0.000000,0.000000,0.000000,1.000000,-0.000000,0.000000,0.000000,0.000000,1.000000,0.000000,4.650646,0.000000,0.000000,1.000000;;
             }

             Frame Bip001_L_Finger12 {
              

              FrameTransformMatrix {
               1.000000,0.000000,-0.000000,0.000000,0.000000,1.000000,-0.000000,0.000000,0.000000,0.000000,1.000000,0.000000,4.650650,0.000004,0.000008,1.000000;;
              }

              Frame Bip001_L_Finger1Nub {
               

               FrameTransformMatrix {
                1.000000,0.000000,-0.000000,0.000000,0.000000,1.000000,-0.000000,0.000000,0.000000,0.000000,1.000000,0.000000,4.650642,-0.000004,-0.000008,1.000000;;
               }
              }
             }
            }
           }

           Frame Bip001_L_Finger2 {
            

            FrameTransformMatrix {
             0.913055,0.058367,-0.403637,0.000000,-0.054546,0.998291,0.020970,0.000000,0.404172,0.002870,0.914679,0.000000,11.686767,-1.501316,-0.364780,1.000000;;
            }

            Frame Bip001_L_Finger21 {
             

             FrameTransformMatrix {
              1.000000,0.000000,0.000000,0.000000,-0.000000,1.000000,0.000000,0.000000,0.000000,0.000000,1.000000,0.000000,4.698429,0.000000,0.000000,1.000000;;
             }

             Frame Bip001_L_Finger22 {
              

              FrameTransformMatrix {
               1.000000,0.000000,0.000000,0.000000,-0.000000,1.000000,0.000000,0.000000,0.000000,0.000000,1.000000,0.000000,5.425754,0.000000,0.000000,1.000000;;
              }

              Frame Bip001_L_Finger2Nub {
               

               FrameTransformMatrix {
                1.000000,0.000000,0.000000,0.000000,-0.000000,1.000000,0.000000,0.000000,0.000000,0.000000,1.000000,0.000000,5.425751,0.000000,0.000000,1.000000;;
               }
              }
             }
            }
           }

           Frame Bip001_L_Finger3 {
            

            FrameTransformMatrix {
             0.895635,0.093934,-0.434758,0.000000,-0.084190,0.995578,0.041667,0.000000,0.436749,-0.000716,0.899583,0.000000,11.686195,1.606102,-0.362911,1.000000;;
            }

            Frame Bip001_L_Finger31 {
             

             FrameTransformMatrix {
              1.000000,-0.000000,0.000000,0.000000,-0.000000,1.000000,-0.000000,0.000000,0.000000,-0.000000,1.000000,0.000000,4.316547,0.000000,0.000008,1.000000;;
             }

             Frame Bip001_L_Finger32 {
              

              FrameTransformMatrix {
               1.000000,-0.000000,0.000000,0.000000,-0.000000,1.000000,-0.000000,0.000000,0.000000,-0.000000,1.000000,0.000000,4.650638,0.000000,0.000000,1.000000;;
              }

              Frame Bip001_L_Finger3Nub {
               

               FrameTransformMatrix {
                1.000000,-0.000000,0.000000,0.000000,-0.000000,1.000000,-0.000000,0.000000,0.000000,-0.000000,1.000000,0.000000,4.650646,0.000000,0.000000,1.000000;;
               }
              }
             }
            }
           }

           Frame Bip001_L_Finger4 {
            

            FrameTransformMatrix {
             0.995318,0.043504,-0.086311,0.000000,-0.043233,0.999053,0.005008,0.000000,0.086447,-0.001253,0.996256,0.000000,10.216782,4.386829,-0.631805,1.000000;;
            }

            Frame Bip001_L_Finger41 {
             

             FrameTransformMatrix {
              1.000000,0.000000,0.000000,0.000000,0.000000,1.000000,0.000000,0.000000,0.000000,-0.000000,1.000000,0.000000,3.003716,0.000000,-0.000008,1.000000;;
             }

             Frame Bip001_L_Finger42 {
              

              FrameTransformMatrix {
               1.000000,0.000000,0.000000,0.000000,0.000000,1.000000,0.000000,0.000000,0.000000,-0.000000,1.000000,0.000000,3.003708,0.000000,0.000000,1.000000;;
              }

              Frame Bip001_L_Finger4Nub {
               

               FrameTransformMatrix {
                1.000000,0.000000,0.000000,0.000000,0.000000,1.000000,0.000000,0.000000,0.000000,-0.000000,1.000000,0.000000,3.003708,-0.000004,0.000000,1.000000;;
               }
              }
             }
            }
           }
          }
         }
        }
       }

       Frame Bip001_R_Clavicle {
        

        FrameTransformMatrix {
         -0.303901,-0.947918,-0.095374,0.000000,-0.936203,0.315689,-0.154485,0.000000,0.176548,0.042342,-0.983381,0.000000,-0.135452,-4.273952,0.752914,1.000000;;
        }

        Frame Bip001_R_UpperArm {
         

         FrameTransformMatrix {
          0.551825,0.831596,0.062742,0.000000,-0.815525,0.522366,0.249105,0.000000,0.174380,-0.188630,0.966442,0.000000,16.122227,-0.000015,0.000001,1.000000;;
         }

         Frame Bip001_R_Forearm {
          

          FrameTransformMatrix {
           0.835591,-0.000000,-0.549352,0.000000,0.000000,1.000000,0.000000,0.000000,0.549352,-0.000000,0.835592,0.000000,44.136842,0.000000,0.000000,1.000000;;
          }

          Frame Bip001_R_Hand {
           

           FrameTransformMatrix {
            0.997234,-0.016785,-0.072402,0.000000,-0.074281,-0.192460,-0.978489,0.000000,0.002490,0.981161,-0.193175,0.000000,37.683366,0.000000,0.000008,1.000000;;
           }

           Frame Bip001_R_Finger0 {
            

            FrameTransformMatrix {
             0.820473,0.503828,0.270153,0.000000,-0.512024,0.437437,0.739243,0.000000,0.254276,-0.744853,0.616877,0.000000,4.289871,5.456864,2.394802,1.000000;;
            }

            Frame Bip001_R_Finger01 {
             

             FrameTransformMatrix {
              1.000000,-0.000000,0.000000,0.000000,0.000000,1.000000,0.000000,0.000000,0.000000,-0.000000,1.000000,0.000000,3.875530,0.000000,0.000000,1.000000;;
             }

             Frame Bip001_R_Finger02 {
              

              FrameTransformMatrix {
               1.000000,-0.000000,0.000000,0.000000,0.000000,1.000000,0.000000,0.000000,0.000000,-0.000000,1.000000,0.000000,3.875534,0.000000,0.000000,1.000000;;
              }

              Frame Bip001_R_Finger0Nub {
               

               FrameTransformMatrix {
                -1.000000,0.000000,-0.000000,0.000000,0.000000,1.000000,0.000000,0.000000,0.000000,0.000000,-1.000000,0.000000,3.875538,0.000000,0.000000,1.000000;;
               }
              }
             }
            }
           }

           Frame Bip001_R_Finger1 {
            

            FrameTransformMatrix {
             0.922315,-0.000308,-0.386438,0.000000,-0.000000,1.000000,-0.000796,0.000000,0.386438,0.000734,0.922315,0.000000,11.734268,5.461204,-0.417759,1.000000;;
            }

            Frame Bip001_R_Finger11 {
             

             FrameTransformMatrix {
              1.000000,0.000000,-0.000000,0.000000,0.000000,1.000000,0.000000,0.000000,-0.000000,0.000000,1.000000,0.000000,4.650635,0.000008,0.000000,1.000000;;
             }

             Frame Bip001_R_Finger12 {
              

              FrameTransformMatrix {
               1.000000,0.000000,-0.000000,0.000000,0.000000,1.000000,0.000000,0.000000,-0.000000,0.000000,1.000000,0.000000,4.650642,-0.000008,0.000000,1.000000;;
              }

              Frame Bip001_R_Finger1Nub {
               

               FrameTransformMatrix {
                -1.000000,-0.000000,0.000000,0.000000,0.000000,1.000000,-0.000000,0.000000,0.000000,0.000000,-1.000000,0.000000,4.650650,0.000000,0.000000,1.000000;;
               }
              }
             }
            }
           }

           Frame Bip001_R_Finger2 {
            

            FrameTransformMatrix {
             0.913055,-0.058367,-0.403637,0.000000,0.054546,0.998291,-0.020970,0.000000,0.404172,-0.002870,0.914679,0.000000,11.686760,1.501320,-0.364780,1.000000;;
            }

            Frame Bip001_R_Finger21 {
             

             FrameTransformMatrix {
              1.000000,0.000000,0.000000,0.000000,0.000000,1.000000,-0.000000,0.000000,-0.000000,0.000000,1.000000,0.000000,4.698429,-0.000008,0.000000,1.000000;;
             }

             Frame Bip001_R_Finger22 {
              

              FrameTransformMatrix {
               1.000000,0.000000,0.000000,0.000000,0.000000,1.000000,-0.000000,0.000000,-0.000000,0.000000,1.000000,0.000000,5.425754,0.000000,0.000000,1.000000;;
              }

              Frame Bip001_R_Finger2Nub {
               

               FrameTransformMatrix {
                -1.000000,0.000000,-0.000000,0.000000,0.000000,1.000000,-0.000000,0.000000,0.000000,0.000000,-1.000000,0.000000,5.425747,0.000000,0.000008,1.000000;;
               }
              }
             }
            }
           }

           Frame Bip001_R_Finger3 {
            

            FrameTransformMatrix {
             0.895635,-0.093934,-0.434758,0.000000,0.084190,0.995578,-0.041667,0.000000,0.436749,0.000716,0.899583,0.000000,11.686188,-1.606094,-0.362919,1.000000;;
            }

            Frame Bip001_R_Finger31 {
             

             FrameTransformMatrix {
              1.000000,0.000000,-0.000000,0.000000,0.000000,1.000000,0.000000,0.000000,-0.000000,0.000000,1.000000,0.000000,4.316540,0.000008,-0.000008,1.000000;;
             }

             Frame Bip001_R_Finger32 {
              

              FrameTransformMatrix {
               1.000000,0.000000,-0.000000,0.000000,0.000000,1.000000,0.000000,0.000000,-0.000000,0.000000,1.000000,0.000000,4.650646,-0.000008,0.000000,1.000000;;
              }

              Frame Bip001_R_Finger3Nub {
               

               FrameTransformMatrix {
                -1.000000,-0.000000,0.000000,0.000000,0.000000,1.000000,0.000000,0.000000,0.000000,0.000000,-1.000000,0.000000,4.650638,0.000000,0.000000,1.000000;;
               }
              }
             }
            }
           }

           Frame Bip001_R_Finger4 {
            

            FrameTransformMatrix {
             0.995318,-0.043504,-0.086311,0.000000,0.043233,0.999053,-0.005008,0.000000,0.086447,0.001253,0.996256,0.000000,10.216782,-4.386826,-0.631809,1.000000;;
            }

            Frame Bip001_R_Finger41 {
             

             FrameTransformMatrix {
              1.000000,0.000000,0.000000,0.000000,0.000000,1.000000,-0.000000,0.000000,0.000000,0.000000,1.000000,0.000000,3.003716,0.000008,-0.000004,1.000000;;
             }

             Frame Bip001_R_Finger42 {
              

              FrameTransformMatrix {
               1.000000,0.000000,0.000000,0.000000,0.000000,1.000000,-0.000000,0.000000,0.000000,0.000000,1.000000,0.000000,3.003708,-0.000008,0.000000,1.000000;;
              }

              Frame Bip001_R_Finger4Nub {
               

               FrameTransformMatrix {
                -1.000000,-0.000000,-0.000000,0.000000,-0.000000,1.000000,0.000000,0.000000,0.000000,-0.000000,-1.000000,0.000000,3.003708,0.000000,0.000004,1.000000;;
               }
              }
             }
            }
           }
          }
         }
        }
       }

       Frame Bip001_Head {
        

        FrameTransformMatrix {
         0.970188,0.008077,0.242219,0.000000,0.008347,0.997738,-0.066706,0.000000,-0.242210,0.066739,0.967926,0.000000,15.765366,-0.911514,-0.005146,1.000000;;
        }

        Frame Bip001_HeadNub {
         

         FrameTransformMatrix {
          1.000000,0.000000,-0.000000,0.000000,0.000000,1.000000,0.000000,0.000000,0.000000,0.000000,1.000000,0.000000,29.144013,0.000000,0.000002,1.000000;;
         }
        }
       }
      }
     }
    }
   }

   Frame Bip001_L_Thigh {
    

    FrameTransformMatrix {
     -0.989135,0.146567,0.011400,0.000000,-0.142035,-0.972790,0.183045,0.000000,0.037918,0.179437,0.983038,0.000000,-14.481736,11.956082,3.318978,1.000000;;
    }

    Frame Bip001_L_Calf {
     

     FrameTransformMatrix {
      0.966714,-0.000000,-0.255859,0.000000,0.000000,1.000000,-0.000000,0.000000,0.255859,0.000000,0.966714,0.000000,54.040723,-0.000002,0.000000,1.000000;;
     }

     Frame Bip001_L_Foot {
      

      FrameTransformMatrix {
       0.962737,-0.020202,0.269683,0.000000,0.020274,0.999791,0.002518,0.000000,-0.269678,0.003043,0.962946,0.000000,58.826874,0.000002,0.000001,1.000000;;
      }

      Frame Bip001_L_Toe0 {
       

       FrameTransformMatrix {
        0.000000,0.000000,1.000000,0.000000,-0.000000,1.000000,0.000000,0.000000,-1.000000,-0.000000,0.000000,0.000000,14.261971,0.000000,18.354526,1.000000;;
       }

       Frame Bip001_L_Toe01 {
        

        FrameTransformMatrix {
         1.000000,0.000000,0.000000,0.000000,0.000000,1.000000,-0.000000,0.000000,0.000000,0.000000,1.000000,0.000000,1.860256,0.000002,0.000000,1.000000;;
        }

        Frame Bip001_L_Toe02 {
         

         FrameTransformMatrix {
          1.000000,0.000000,0.000000,0.000000,0.000000,1.000000,-0.000000,0.000000,0.000000,0.000000,1.000000,0.000000,1.860258,-0.000002,0.000000,1.000000;;
         }

         Frame Bip001_L_Toe0Nub {
          

          FrameTransformMatrix {
           -1.000000,-0.000000,-0.000000,0.000000,-0.000000,1.000000,0.000000,0.000000,0.000000,0.000000,-1.000000,0.000000,1.860256,0.000000,0.000000,1.000000;;
          }
         }
        }
       }
      }
     }
    }
   }

   Frame Bip001_R_Thigh {
    

    FrameTransformMatrix {
     -0.988738,-0.148956,-0.014512,0.000000,0.143735,-0.918097,-0.369375,0.000000,0.041697,-0.367301,0.929167,0.000000,-13.814742,-12.645840,0.235110,1.000000;;
    }

    Frame Bip001_R_Calf {
     

     FrameTransformMatrix {
      0.979423,0.000000,-0.201817,0.000000,0.000000,1.000000,-0.000000,0.000000,0.201817,0.000000,0.979423,0.000000,53.736064,0.000000,-0.000002,1.000000;;
     }

     Frame Bip001_R_Foot {
      

      FrameTransformMatrix {
       0.959902,0.000125,0.280336,0.000000,-0.000127,1.000000,-0.000012,0.000000,-0.280336,-0.000024,0.959902,0.000000,59.151974,-0.000002,0.000005,1.000000;;
      }

      Frame Bip001_R_Toe0 {
       

       FrameTransformMatrix {
        0.000000,0.000000,1.000000,0.000000,-0.000000,1.000000,-0.000000,0.000000,-1.000000,-0.000000,0.000000,0.000000,14.261973,0.000000,18.354530,1.000000;;
       }

       Frame Bip001_R_Toe01 {
        

        FrameTransformMatrix {
         1.000000,0.000000,0.000000,0.000000,-0.000000,1.000000,-0.000000,0.000000,0.000000,0.000000,1.000000,0.000000,1.860256,0.000000,-0.000000,1.000000;;
        }

        Frame Bip001_R_Toe02 {
         

         FrameTransformMatrix {
          1.000000,0.000000,0.000000,0.000000,-0.000000,1.000000,-0.000000,0.000000,0.000000,0.000000,1.000000,0.000000,1.860256,-0.000004,0.000001,1.000000;;
         }

         Frame Bip001_R_Toe0Nub {
          

          FrameTransformMatrix {
           1.000000,0.000000,0.000000,0.000000,-0.000000,1.000000,-0.000000,0.000000,0.000000,0.000000,1.000000,0.000000,1.860258,0.000004,-0.000000,1.000000;;
          }
         }
        }
       }
      }
     }
    }
   }
  }
 }
}

Frame Box001 {
 

 FrameTransformMatrix {
  0.667112,0.000000,0.000000,0.000000,0.000000,0.696682,0.000000,0.000000,0.000000,0.000000,0.492662,0.000000,0.000000,0.000000,0.000000,1.000000;;
 }

 Mesh Box001 {
  24;
  29.399622;20.461472;-109.906893;,
  32.530928;20.110496;-105.749696;,
  29.671827;19.276570;-105.886234;,
  32.258723;21.295398;-109.770355;,
  28.837789;22.140914;-108.847398;,
  31.969098;21.789938;-104.690214;,
  31.696893;22.974840;-108.710874;,
  29.109994;20.956011;-104.826752;,
  29.399622;20.461472;-109.906893;,
  31.696893;22.974840;-108.710874;,
  32.258723;21.295398;-109.770355;,
  28.837789;22.140914;-108.847398;,
  32.258723;21.295398;-109.770355;,
  31.969098;21.789938;-104.690214;,
  32.530928;20.110496;-105.749696;,
  31.696893;22.974840;-108.710874;,
  32.530928;20.110496;-105.749696;,
  29.109994;20.956011;-104.826752;,
  29.671827;19.276570;-105.886234;,
  31.969098;21.789938;-104.690214;,
  29.671827;19.276570;-105.886234;,
  28.837789;22.140914;-108.847398;,
  29.399622;20.461472;-109.906893;,
  29.109994;20.956011;-104.826752;;
  12;
  3;0,1,2;,
  3;1,0,3;,
  3;4,5,6;,
  3;5,4,7;,
  3;8,9,10;,
  3;9,8,11;,
  3;12,13,14;,
  3;13,12,15;,
  3;16,17,18;,
  3;17,16,19;,
  3;20,21,22;,
  3;21,20,23;;

  MeshMaterialList {
   1;
   12;
   0,
   0,
   0,
   0,
   0,
   0,
   0,
   0,
   0,
   0,
   0,
   0;

   Material  {
    0.529412;0.231373;0.031373;1.000000;;
    0.000000;
    0.000000;0.000000;0.000000;;
    0.000000;0.000000;0.000000;;
   }
  }

  DeclData {
   2;
   2;0;3;0;,
   1;0;5;0;;
   120;
   1049608201,
   3211416019,
   3197359992,
   1065353216,
   1065353216,
   1049608201,
   3211416019,
   3197359992,
   0,
   0,
   1049608201,
   3211416018,
   3197359993,
   1065353216,
   0,
   1049608201,
   3211416018,
   3197359993,
   0,
   1065353216,
   3197091819,
   1063932373,
   1049876358,
   0,
   1065353216,
   3197091829,
   1063932370,
   1049876366,
   1065353216,
   0,
   3197091801,
   1063932378,
   1049876346,
   1065353216,
   1065353216,
   3197091848,
   1063932365,
   1049876378,
   0,
   0,
   3185166982,
   1057045816,
   3210431636,
   0,
   1065353216,
   3185166801,
   1057045800,
   3210431647,
   1065353216,
   0,
   3185166499,
   1057045776,
   3210431667,
   1065353216,
   1065353216,
   3185167284,
   1057045841,
   3210431616,
   0,
   0,
   1064558875,
   1050355851,
   1019953679,
   0,
   1065353216,
   1064558875,
   1050355851,
   1019953679,
   1065353216,
   0,
   1064558875,
   1050355851,
   1019953679,
   1065353216,
   1065353216,
   1064558875,
   1050355851,
   1019953679,
   0,
   0,
   1037682851,
   3204529423,
   1062948019,
   0,
   1065353216,
   1037682851,
   3204529423,
   1062948019,
   1065353216,
   0,
   1037682850,
   3204529423,
   1062948019,
   1065353216,
   1065353216,
   1037682850,
   3204529423,
   1062948019,
   0,
   0,
   3212042524,
   3197839497,
   3167437351,
   0,
   1065353216,
   3212042524,
   3197839495,
   3167437319,
   1065353216,
   0,
   3212042524,
   3197839494,
   3167437300,
   1065353216,
   1065353216,
   3212042524,
   3197839498,
   3167437370,
   0,
   0;
  }

  XSkinMeshHeader {
   1;
   1;
   1;
  }

  SkinWeights {
   "Bip001_L_Toe0Nub";
   24;
   0,
   1,
   2,
   3,
   4,
   5,
   6,
   7,
   8,
   9,
   10,
   11,
   12,
   13,
   14,
   15,
   16,
   17,
   18,
   19,
   20,
   21,
   22,
   23;
   1.000000,
   1.000000,
   1.000000,
   1.000000,
   1.000000,
   1.000000,
   1.000000,
   1.000000,
   1.000000,
   1.000000,
   1.000000,
   1.000000,
   1.000000,
   1.000000,
   1.000000,
   1.000000,
   1.000000,
   1.000000,
   1.000000,
   1.000000,
   1.000000,
   1.000000,
   1.000000,
   1.000000;
   -0.206535,-0.622964,0.119572,0.000000,-0.047775,-0.115706,-0.685343,0.000000,0.467237,-0.156099,-0.006217,0.000000,27.105933,27.826381,-3.604515,1.000000;;
  }
 }
}

AnimTicksPerSecond  {
 4800;
}

AnimationSet Anim1 {
 

 Animation {
  
  { Bip001 }

  AnimationKey S {
   1;
   2;
   0;3;1.000000,1.000000,1.000000;;,
   15520;3;1.000000,1.000000,1.000000;;;
  }

  AnimationKey R {
   0;
   98;
   0;4;0.711600,-0.049381,-0.699043,-0.050268;;,
   160;4;0.706592,-0.051890,-0.703791,-0.052096;;,
   320;4;0.701762,-0.054903,-0.708206,-0.054404;;,
   480;4;0.696181,-0.057041,-0.713428,-0.055662;;,
   640;4;0.689760,-0.056665,-0.719772,-0.054302;;,
   800;4;0.684515,-0.054369,-0.725154,-0.051322;;,
   960;4;0.682740,-0.051702,-0.727212,-0.048540;;,
   1120;4;0.683655,-0.049921,-0.726580,-0.046971;;,
   1280;4;0.684748,-0.049386,-0.725610,-0.046605;;,
   1440;4;0.684102,-0.049732,-0.726179,-0.046850;;,
   1600;4;0.683840,-0.049916,-0.726404,-0.046992;;,
   1760;4;0.687446,-0.049056,-0.723075,-0.046638;;,
   1920;4;0.696297,-0.047062,-0.714740,-0.045848;;,
   2080;4;0.708918,-0.045531,-0.702318,-0.045958;;,
   2240;4;0.723788,-0.045285,-0.686879,-0.047718;;,
   2400;4;0.742787,-0.044597,-0.666188,-0.049725;;,
   2560;4;0.767417,-0.041340,-0.637878,-0.049735;;,
   2720;4;0.793505,-0.037459,-0.605422,-0.049096;;,
   2880;4;0.818924,-0.033889,-0.570834,-0.048617;;,
   3040;4;0.842914,-0.030753,-0.534980,-0.048454;;,
   3200;4;0.862613,-0.029973,-0.502347,-0.051469;;,
   3360;4;0.875922,-0.033043,-0.477488,-0.060616;;,
   3520;4;0.880127,-0.040531,-0.466791,-0.076421;;,
   3680;4;0.870164,-0.053557,-0.480130,-0.097064;;,
   3840;4;0.838129,-0.073134,-0.527931,-0.116106;;,
   4000;4;0.780309,-0.095467,-0.605705,-0.122987;;,
   4160;4;0.709943,-0.109787,-0.686316,-0.113567;;,
   4320;4;0.639420,-0.112826,-0.754500,-0.095617;;,
   4480;4;0.570295,-0.113141,-0.809699,-0.079689;;,
   4640;4;0.502934,-0.117878,-0.853427,-0.069466;;,
   4800;4;0.443065,-0.121449,-0.886147,-0.060723;;,
   4960;4;0.401646,-0.118912,-0.906512,-0.052686;;,
   5120;4;0.379759,-0.114362,-0.916766,-0.047373;;,
   5280;4;0.370058,-0.111531,-0.921201,-0.044803;;,
   5440;4;0.368898,-0.110212,-0.921858,-0.044103;;,
   5600;4;0.374256,-0.109387,-0.919775,-0.044509;;,
   5760;4;0.380333,-0.105190,-0.917814,-0.043590;;,
   5920;4;0.382216,-0.098575,-0.917883,-0.041047;;,
   6080;4;0.379467,-0.094506,-0.919539,-0.039000;;,
   6240;4;0.373653,-0.092122,-0.922228,-0.037324;;,
   6400;4;0.364867,-0.088075,-0.926235,-0.034695;;,
   6560;4;0.355009,-0.083147,-0.930618,-0.031719;;,
   6720;4;0.347327,-0.079966,-0.933855,-0.029741;;,
   6880;4;0.344869,-0.078162,-0.934947,-0.028831;;,
   7040;4;0.346960,-0.076764,-0.934298,-0.028507;;,
   7200;4;0.350469,-0.076449,-0.933007,-0.028717;;,
   7360;4;0.352961,-0.077558,-0.931955,-0.029374;;,
   7520;4;0.352435,-0.079312,-0.931987,-0.029992;;,
   7680;4;0.348699,-0.080865,-0.933251,-0.030214;;,
   7840;4;0.347437,-0.084706,-0.933337,-0.031532;;,
   8000;4;0.362520,-0.094847,-0.926394,-0.037116;;,
   8160;4;0.409473,-0.112271,-0.903959,-0.050856;;,
   8320;4;0.494250,-0.130997,-0.856059,-0.075632;;,
   8480;4;0.599126,-0.137346,-0.781731,-0.105264;;,
   8640;4;0.694950,-0.129387,-0.695403,-0.129303;;,
   8800;4;0.766329,-0.116862,-0.614701,-0.145688;;,
   8960;4;0.820988,-0.101457,-0.540296,-0.154165;;,
   9120;4;0.869116,-0.080759,-0.463924,-0.151294;;,
   9280;4;0.903795,-0.063138,-0.398299,-0.143269;;,
   9440;4;0.917454,-0.056142,-0.368178,-0.139900;;,
   9600;4;0.915779,-0.057689,-0.371161,-0.142337;;,
   9760;4;0.908308,-0.062119,-0.387139,-0.145743;;,
   9920;4;0.902234,-0.065698,-0.399562,-0.148350;;,
   10080;4;0.899247,-0.068019,-0.404849,-0.151083;;,
   10240;4;0.898351,-0.069387,-0.405631,-0.153671;;,
   10400;4;0.898280,-0.069803,-0.405328,-0.154695;;,
   10560;4;0.899021,-0.069128,-0.404149,-0.153774;;,
   10720;4;0.901438,-0.067024,-0.400150,-0.150988;;,
   10880;4;0.904856,-0.064167,-0.394245,-0.147273;;,
   11040;4;0.907999,-0.061390,-0.388873,-0.143342;;,
   11200;4;0.910585,-0.058954,-0.384539,-0.139602;;,
   11360;4;0.912131,-0.056919,-0.382573,-0.135707;;,
   11520;4;0.912081,-0.055384,-0.384412,-0.131409;;,
   11680;4;0.910737,-0.054754,-0.388721,-0.128283;;,
   11840;4;0.908484,-0.054682,-0.394754,-0.125844;;,
   12000;4;0.905030,-0.055113,-0.403214,-0.123703;;,
   12160;4;0.899892,-0.056908,-0.414342,-0.123597;;,
   12320;4;0.893382,-0.059601,-0.427559,-0.124536;;,
   12480;4;0.885757,-0.061888,-0.443054,-0.123727;;,
   12640;4;0.877743,-0.063172,-0.459354,-0.120711;;,
   12800;4;0.870617,-0.063977,-0.473380,-0.117664;;,
   12960;4;0.865651,-0.064976,-0.482535,-0.116565;;,
   13120;4;0.863472,-0.066048,-0.486096,-0.117324;;,
   13280;4;0.863080,-0.066074,-0.486833,-0.117139;;,
   13440;4;0.863583,-0.065061,-0.486468,-0.115496;;,
   13600;4;0.863436,-0.063732,-0.487519,-0.112875;;,
   13760;4;0.859713,-0.063250,-0.494788,-0.109899;;,
   13920;4;0.852156,-0.064366,-0.507965,-0.107980;;,
   14080;4;0.844118,-0.064341,-0.522016,-0.104041;;,
   14240;4;0.838470,-0.062598,-0.532284,-0.098606;;,
   14400;4;0.835214,-0.061336,-0.538138,-0.095196;;,
   14560;4;0.831338,-0.060526,-0.544682,-0.092380;;,
   14720;4;0.825084,-0.059882,-0.554722,-0.089068;;,
   14880;4;0.816745,-0.060492,-0.567169,-0.087110;;,
   15040;4;0.808163,-0.061532,-0.579415,-0.085825;;,
   15200;4;0.800681,-0.061992,-0.589905,-0.084142;;,
   15360;4;0.794234,-0.062741,-0.598604,-0.083246;;,
   15520;4;0.789691,-0.063815,-0.604454,-0.083372;;;
  }

  AnimationKey T {
   2;
   98;
   0;3;0.110075,125.923430,-7.903718;;,
   160;3;0.212432,126.131418,-7.939167;;,
   320;3;0.348803,126.235405,-8.008642;;,
   480;3;0.519184,126.235405,-8.044146;;,
   640;3;0.723579,126.166067,-7.943657;;,
   800;3;0.927980,126.166067,-7.741187;;,
   960;3;1.132382,126.200742,-7.504735;;,
   1120;3;1.472805,126.166067,-7.268291;;,
   1280;3;1.881237,126.062067,-7.031857;;,
   1440;3;2.255664,125.992742,-6.659422;;,
   1600;3;2.562088,125.819418,-6.218982;;,
   1760;3;2.800507,125.507443,-5.710540;;,
   1920;3;2.834908,125.126131,-5.236096;;,
   2080;3;2.665298,124.675494,-4.863648;;,
   2240;3;2.257660,124.224845,-4.593202;;,
   2400;3;1.646005,123.774208,-4.390746;;,
   2560;3;0.694325,123.254259,-4.052254;;,
   2720;3;-0.529387,122.630285,-3.645742;;,
   2880;3;-1.923120,121.867648,-3.171197;;,
   3040;3;-3.486872,120.931725,-2.696628;;,
   3200;3;-4.914627,119.787776,-2.290030;;,
   3360;3;-5.934366,118.401190,-2.189420;;,
   3520;3;-6.274067,117.083930,-2.564799;;,
   3680;3;-5.593718,116.425280,-3.926210;;,
   3840;3;-3.791295,117.153267,-6.749678;;,
   4000;3;-1.444859,119.406464,-10.627166;;,
   4160;3;0.561544,122.387648,-14.334595;;,
   4320;3;1.445844,124.848819,-17.123898;;,
   4480;3;1.106031,126.131418,-18.757061;;,
   4640;3;0.290164,126.374067,-19.642109;;,
   4800;3;-0.355703,126.027418,-20.017038;;,
   4960;3;-0.865581,125.715443,-19.915813;;,
   5120;3;-1.239479,125.715443,-19.474429;;,
   5280;3;-1.511366,125.958093,-18.760902;;,
   5440;3;-1.613263,126.131418,-17.877261;;,
   5600;3;-1.511154,126.062067,-16.891520;;,
   5760;3;-1.239059,125.715443,-15.871699;;,
   5920;3;-0.796959,125.264794,-15.021816;;,
   6080;3;-0.388889,125.022157,-14.443893;;,
   6240;3;-0.048828,124.952794,-14.035934;;,
   6400;3;0.325209,124.883456,-13.627946;;,
   6560;3;0.801237,124.883456,-13.219935;;,
   6720;3;1.311247,124.918157,-12.811914;;,
   6880;3;1.855246,124.883456,-12.369888;;,
   7040;3;2.399219,124.779469,-11.927879;;,
   7200;3;2.977173,124.536845,-11.519899;;,
   7360;3;3.555109,124.155520,-11.077954;;,
   7520;3;4.235033,123.670221,-10.534047;;,
   7680;3;4.948938,123.046259,-9.820190;;,
   7840;3;5.696827,122.214298,-9.106411;;,
   8000;3;6.206672,121.382349,-8.732733;;,
   8160;3;6.002447,121.139686,-8.835190;;,
   8320;3;4.812122,122.075648,-9.481790;;,
   8480;3;3.009739,123.878208,-10.434536;;,
   8640;3;1.275328,125.715443,-11.285412;;,
   8800;3;-0.154437,126.894810,-11.561945;;,
   8960;3;-1.041553,127.069120,-11.161570;;,
   9120;3;-1.316000,126.446362,-10.316133;;,
   9280;3;-1.011453,125.754406,-9.467068;;,
   9440;3;-0.434934,125.374541,-8.617920;;,
   9600;3;0.277559,125.237453,-7.768681;;,
   9760;3;0.990022,125.308378,-7.055374;;,
   9920;3;1.498454,125.517926,-6.546010;;,
   10080;3;1.700850,125.554125,-6.104582;;,
   10240;3;1.563228,125.243635,-5.561078;;,
   10400;3;1.119593,124.655642,-4.847499;;,
   10560;3;0.369959,123.894259,-3.963866;;,
   10720;3;-0.719672,123.132621,-3.012169;;,
   10880;3;-2.115285,122.336102,-2.060426;;,
   11040;3;-3.782866,121.677478,-1.210647;;,
   11200;3;-5.654406,121.261491,-0.530847;;,
   11360;3;-7.525874,121.226842,-0.123041;;,
   11520;3;-9.159250,121.504154,0.182791;;,
   11680;3;-10.282499,121.920115,0.420635;;,
   11840;3;-10.997624,122.370752,0.692506;;,
   12000;3;-11.440614,122.890726,0.998388;;,
   12160;3;-11.713488,123.306701,1.406283;;,
   12320;3;-11.782204,123.549363,1.814183;;,
   12480;3;-11.612776,123.653350,2.222081;;,
   12640;3;-11.137198,123.653350,2.663982;;,
   12800;3;-10.423550,123.618701,3.071921;;,
   12960;3;-9.403849,123.445376,3.547920;;,
   13120;3;-8.146096,123.168051,4.193976;;,
   13280;3;-6.650303,122.821402,4.908080;;,
   13440;3;-4.984453,122.405440,5.520217;;,
   13600;3;-3.318589,121.954790,5.894370;;,
   13760;3;-2.026710,121.816128,6.234552;;,
   13920;3;-1.244845,122.093440,6.642778;;,
   14080;3;-0.734977,122.717402,7.017018;;,
   14240;3;-0.361089,123.514675,7.323280;;,
   14400;3;0.080832,124.346650,7.561559;;,
   14560;3;0.420764,125.005274,7.765843;;,
   14720;3;0.624708,125.351923,7.902134;;,
   14880;3;0.658665,125.525248,7.970438;;,
   15040;3;0.488622,125.490573,7.970743;;,
   15200;3;0.182591,125.317274,7.971042;;,
   15360;3;-0.157428,125.074611,7.835339;;,
   15520;3;-0.599430,124.935949,7.529616;;;
  }
 }

 Animation {
  
  { Bip001_Pelvis }

  AnimationKey S {
   1;
   2;
   0;3;1.000000,1.000000,1.000000;;,
   15520;3;1.000000,1.000000,1.000000;;;
  }

  AnimationKey R {
   0;
   98;
   0;4;-0.495462,0.504497,0.495462,0.504498;;,
   160;4;-0.497014,0.502969,0.497013,0.502969;;,
   320;4;-0.497724,0.502266,0.497723,0.502266;;,
   480;4;-0.498180,0.501813,0.498179,0.501814;;,
   640;4;-0.498432,0.501563,0.498431,0.501564;;,
   800;4;-0.498595,0.501401,0.498594,0.501402;;,
   960;4;-0.498428,0.501567,0.498428,0.501567;;,
   1120;4;-0.497587,0.502401,0.497586,0.502402;;,
   1280;4;-0.496540,0.503436,0.496540,0.503437;;,
   1440;4;-0.495691,0.504272,0.495691,0.504273;;,
   1600;4;-0.494708,0.505237,0.494707,0.505237;;,
   1760;4;-0.493116,0.506791,0.493115,0.506791;;,
   1920;4;-0.491274,0.508577,0.491273,0.508577;;,
   2080;4;-0.489822,0.509975,0.489821,0.509976;;,
   2240;4;-0.489488,0.510295,0.489488,0.510296;;,
   2400;4;-0.489696,0.510096,0.489695,0.510097;;,
   2560;4;-0.489467,0.510316,0.489466,0.510316;;,
   2720;4;-0.488952,0.510809,0.488951,0.510810;;,
   2880;4;-0.487594,0.512106,0.487593,0.512106;;,
   3040;4;-0.485101,0.514467,0.485101,0.514468;;,
   3200;4;-0.481857,0.517507,0.481856,0.517508;;,
   3360;4;-0.478449,0.520660,0.478448,0.520661;;,
   3520;4;-0.475788,0.523092,0.475788,0.523093;;,
   3680;4;-0.474954,0.523850,0.474953,0.523851;;,
   3840;4;-0.476127,0.522784,0.476126,0.522785;;,
   4000;4;-0.478310,0.520788,0.478309,0.520788;;,
   4160;4;-0.478860,0.520282,0.478859,0.520283;;,
   4320;4;-0.476162,0.522752,0.476161,0.522753;;,
   4480;4;-0.471998,0.526515,0.471997,0.526516;;,
   4640;4;-0.468376,0.529740,0.468375,0.529741;;,
   4800;4;-0.466084,0.531757,0.466084,0.531758;;,
   4960;4;-0.465697,0.532096,0.465697,0.532097;;,
   5120;4;-0.466210,0.531647,0.466209,0.531647;;,
   5280;4;-0.467613,0.530413,0.467613,0.530413;;,
   5440;4;-0.469385,0.528846,0.469384,0.528847;;,
   5600;4;-0.470468,0.527883,0.470467,0.527883;;,
   5760;4;-0.470143,0.528172,0.470142,0.528173;;,
   5920;4;-0.468428,0.529694,0.468427,0.529695;;,
   6080;4;-0.466528,0.531368,0.466527,0.531369;;,
   6240;4;-0.465127,0.532595,0.465126,0.532596;;,
   6400;4;-0.464386,0.533240,0.464386,0.533241;;,
   6560;4;-0.464257,0.533353,0.464257,0.533353;;,
   6720;4;-0.464163,0.533435,0.464162,0.533436;;,
   6880;4;-0.463604,0.533921,0.463603,0.533922;;,
   7040;4;-0.462508,0.534871,0.462507,0.534871;;,
   7200;4;-0.461111,0.536075,0.461111,0.536076;;,
   7360;4;-0.459695,0.537290,0.459694,0.537291;;,
   7520;4;-0.458381,0.538411,0.458381,0.538412;;,
   7680;4;-0.457487,0.539172,0.457486,0.539172;;,
   7840;4;-0.457563,0.539107,0.457562,0.539108;;,
   8000;4;-0.458787,0.538066,0.458786,0.538066;;,
   8160;4;-0.462155,0.535175,0.462155,0.535176;;,
   8320;4;-0.470524,0.527833,0.470523,0.527834;;,
   8480;4;-0.483862,0.515633,0.483862,0.515634;;,
   8640;4;-0.499297,0.500702,0.499296,0.500703;;,
   8800;4;-0.513812,0.485796,0.513811,0.485796;;,
   8960;4;-0.524704,0.474010,0.524704,0.474011;;,
   9120;4;-0.531662,0.466193,0.531661,0.466193;;,
   9280;4;-0.535042,0.462310,0.535041,0.462310;;,
   9440;4;-0.534903,0.462470,0.534902,0.462471;;,
   9600;4;-0.533036,0.464621,0.533035,0.464622;;,
   9760;4;-0.530189,0.467867,0.530189,0.467868;;,
   9920;4;-0.526157,0.472396,0.526157,0.472397;;,
   10080;4;-0.522080,0.476899,0.522079,0.476900;;,
   10240;4;-0.518240,0.481069,0.518239,0.481070;;,
   10400;4;-0.514020,0.485576,0.514019,0.485576;;,
   10560;4;-0.509199,0.490629,0.509198,0.490630;;,
   10720;4;-0.504024,0.495944,0.504023,0.495945;;,
   10880;4;-0.499449,0.500551,0.499448,0.500551;;,
   11040;4;-0.496367,0.503607,0.496366,0.503607;;,
   11200;4;-0.495568,0.504393,0.495567,0.504394;;,
   11360;4;-0.496759,0.503220,0.496758,0.503221;;,
   11520;4;-0.498802,0.501195,0.498801,0.501196;;,
   11680;4;-0.500333,0.499667,0.500332,0.499667;;,
   11840;4;-0.500115,0.499885,0.500115,0.499885;;,
   12000;4;-0.498741,0.501256,0.498741,0.501256;;,
   12160;4;-0.498107,0.501885,0.498107,0.501886;;,
   12320;4;-0.498467,0.501528,0.498467,0.501529;;,
   12480;4;-0.499183,0.500816,0.499182,0.500816;;,
   12640;4;-0.499893,0.500107,0.499892,0.500108;;,
   12800;4;-0.500826,0.499172,0.500826,0.499173;;,
   12960;4;-0.501985,0.498007,0.501985,0.498008;;,
   13120;4;-0.502786,0.497199,0.502785,0.497200;;,
   13280;4;-0.502231,0.497759,0.502231,0.497759;;,
   13440;4;-0.500020,0.499980,0.500019,0.499981;;,
   13600;4;-0.496519,0.503457,0.496518,0.503458;;,
   13760;4;-0.494339,0.505598,0.494338,0.505599;;,
   13920;4;-0.494815,0.505132,0.494814,0.505132;;,
   14080;4;-0.497190,0.502794,0.497190,0.502795;;,
   14240;4;-0.501102,0.498896,0.501101,0.498896;;,
   14400;4;-0.506399,0.493519,0.506398,0.493519;;,
   14560;4;-0.510896,0.488861,0.510896,0.488862;;,
   14720;4;-0.512920,0.486737,0.512920,0.486738;;,
