xof 0303txt 0032
template Frame {
 <3d82ab46-62da-11cf-ab39-0020af71e433>
 [...]
}

template Matrix4x4 {
 <f6f23f45-7686-11cf-8f52-0040333594a3>
 array FLOAT matrix[16];
}

template FrameTransformMatrix {
 <f6f23f41-7686-11cf-8f52-0040333594a3>
 Matrix4x4 frameMatrix;
}

template Vector {
 <3d82ab5e-62da-11cf-ab39-0020af71e433>
 FLOAT x;
 FLOAT y;
 FLOAT z;
}

template MeshFace {
 <3d82ab5f-62da-11cf-ab39-0020af71e433>
 DWORD nFaceVertexIndices;
 array DWORD faceVertexIndices[nFaceVertexIndices];
}

template Mesh {
 <3d82ab44-62da-11cf-ab39-0020af71e433>
 DWORD nVertices;
 array Vector vertices[nVertices];
 DWORD nFaces;
 array MeshFace faces[nFaces];
 [...]
}

template VertexElement {
 <f752461c-1e23-48f6-b9f8-8350850f336f>
 DWORD Type;
 DWORD Method;
 DWORD Usage;
 DWORD UsageIndex;
}

template DeclData {
 <bf22e553-292c-4781-9fea-62bd554bdd93>
 DWORD nElements;
 array VertexElement Elements[nElements];
 DWORD nDWords;
 array DWORD data[nDWords];
}

template XSkinMeshHeader {
 <3cf169ce-ff7c-44ab-93c0-f78f62d172e2>
 WORD nMaxSkinWeightsPerVertex;
 WORD nMaxSkinWeightsPerFace;
 WORD nBones;
}

template SkinWeights {
 <6f0d123b-bad2-4167-a0d0-80224f25fabb>
 STRING transformNodeName;
 DWORD nWeights;
 array DWORD vertexIndices[nWeights];
 array FLOAT weights[nWeights];
 Matrix4x4 matrixOffset;
}

template AnimTicksPerSecond {
 <9e415a43-7ba6-4a73-8743-b73d47e88476>
 DWORD AnimTicksPerSecond;
}

template Animation {
 <3d82ab4f-62da-11cf-ab39-0020af71e433>
 [...]
}

template AnimationSet {
 <3d82ab50-62da-11cf-ab39-0020af71e433>
 [Animation <3d82ab4f-62da-11cf-ab39-0020af71e433>]
}

template FloatKeys {
 <10dd46a9-775b-11cf-8f52-0040333594a3>
 DWORD nValues;
 array FLOAT values[nValues];
}

template TimedFloatKeys {
 <f406b180-7b3b-11cf-8f52-0040333594a3>
 DWORD time;
 FloatKeys tfkeys;
}

template AnimationKey {
 <10dd46a8-775b-11cf-8f52-0040333594a3>
 DWORD keyType;
 DWORD nKeys;
 array TimedFloatKeys keys[nKeys];
}


Frame Bip001 {
 

 FrameTransformMatrix {
  -0.012411,-0.084253,-0.996367,0.000000,-0.001049,0.996444,-0.084247,0.000000,0.999923,0.000000,-0.012455,0.000000,0.000000,123.733005,0.000000,1.000000;;
 }

 Frame Bip001_Pelvis {
  

  FrameTransformMatrix {
   0.000000,0.999943,0.010714,0.000000,-0.000001,-0.010714,0.999943,0.000000,1.000000,-0.000000,0.000001,0.000000,0.000000,0.000000,0.000000,1.000000;;
  }

  Frame Bip001_Spine {
   

   FrameTransformMatrix {
    1.000000,0.000001,0.000796,0.000000,-0.000001,1.000000,0.000910,0.000000,-0.000796,-0.000910,0.999999,0.000000,14.261170,-0.152792,-0.012835,1.000000;;
   }

   Frame Bip001_Spine1 {
    

    FrameTransformMatrix {
     0.999893,-0.014357,0.002695,0.000000,0.014341,0.999880,0.005792,0.000000,-0.002777,-0.005753,0.999980,0.000000,16.122222,0.000074,-0.012835,1.000000;;
    }

    Frame Bip001_Spine2 {
     

     FrameTransformMatrix {
      0.999547,-0.026334,-0.014561,0.000000,0.026444,0.999623,0.007367,0.000000,0.014361,-0.007749,0.999867,0.000000,16.122010,0.000099,-0.012836,1.000000;;
     }

     Frame Bip001_Spine3 {
      

      FrameTransformMatrix {
       0.998015,-0.036136,-0.051584,0.000000,0.036390,0.999330,0.004004,0.000000,0.051405,-0.005873,0.998661,0.000000,16.121566,0.000076,-0.012822,1.000000;;
      }

      Frame Bip001_Neck {
       

       FrameTransformMatrix {
        0.921791,0.032619,0.386313,0.000000,-0.017505,0.998940,-0.042579,0.000000,-0.387292,0.032486,0.921385,0.000000,16.125091,-0.000240,-0.006825,1.000000;;
       }

       Frame Bip001_L_Clavicle {
        

        FrameTransformMatrix {
         0.117491,0.992813,-0.022776,0.000000,0.914323,-0.117097,-0.387687,0.000000,-0.387568,0.024725,-0.921510,0.000000,0.141571,4.335997,0.148407,1.000000;;
        }

        Frame Bip001_L_UpperArm {
         

         FrameTransformMatrix {
          0.211990,-0.932135,0.293571,0.000000,0.925792,0.287759,0.245162,0.000000,-0.313002,0.219814,0.923965,0.000000,16.122227,0.000015,0.000001,1.000000;;
         }

         Frame Bip001_L_Forearm {
          

          FrameTransformMatrix {
           0.748724,-0.000000,-0.662881,0.000000,0.000000,1.000000,-0.000000,0.000000,0.662881,-0.000000,0.748725,0.000000,44.136826,0.000000,-0.000002,1.000000;;
          }

          Frame Bip001_L_Hand {
           

           FrameTransformMatrix {
            0.993257,0.092374,-0.070061,0.000000,0.038491,0.307279,0.950841,0.000000,0.109362,-0.947126,0.301651,0.000000,37.683389,0.000000,0.000000,1.000000;;
           }

           Frame Bip001_L_Finger0 {
            

            FrameTransformMatrix {
             0.820473,-0.503828,0.270153,0.000000,0.512024,0.437437,-0.739243,0.000000,0.254276,0.744853,0.616877,0.000000,4.289875,-5.456856,2.394798,1.000000;;
            }

            Frame Bip001_L_Finger01 {
             

             FrameTransformMatrix {
              1.000000,0.000000,-0.000000,0.000000,-0.000000,1.000000,-0.000000,0.000000,0.000000,-0.000000,1.000000,0.000000,3.875526,0.000000,0.000000,1.000000;;
             }

             Frame Bip001_L_Finger02 {
              

              FrameTransformMatrix {
               1.000000,0.000000,-0.000000,0.000000,-0.000000,1.000000,-0.000000,0.000000,0.000000,-0.000000,1.000000,0.000000,3.875542,0.000000,0.000008,1.000000;;
              }

              Frame Bip001_L_Finger0Nub {
               

               FrameTransformMatrix {
                1.000000,0.000000,-0.000000,0.000000,-0.000000,1.000000,-0.000000,0.000000,0.000000,-0.000000,1.000000,0.000000,3.875538,0.000004,-0.000008,1.000000;;
               }
              }
             }
            }
           }

           Frame Bip001_L_Finger1 {
            

            FrameTransformMatrix {
             0.922315,0.000308,-0.386438,0.000000,0.000000,1.000000,0.000796,0.000000,0.386438,-0.000734,0.922315,0.000000,11.734272,-5.461197,-0.417755,1.000000;;
            }

            Frame Bip001_L_Finger11 {
             

             FrameTransformMatrix {
              1.000000,0.000000,0.000000,0.000000,0.000000,1.000000,0.000000,0.000000,0.000000,0.000000,1.000000,0.000000,4.650642,0.000000,0.000000,1.000000;;
             }

             Frame Bip001_L_Finger12 {
              

              FrameTransformMatrix {
               1.000000,0.000000,0.000000,0.000000,0.000000,1.000000,0.000000,0.000000,0.000000,0.000000,1.000000,0.000000,4.650642,0.000000,0.000000,1.000000;;
              }

              Frame Bip001_L_Finger1Nub {
               

               FrameTransformMatrix {
                1.000000,0.000000,0.000000,0.000000,0.000000,1.000000,0.000000,0.000000,0.000000,0.000000,1.000000,0.000000,4.650642,0.000000,0.000000,1.000000;;
               }
              }
             }
            }
           }

           Frame Bip001_L_Finger2 {
            

            FrameTransformMatrix {
             0.913055,0.058367,-0.403637,0.000000,-0.054546,0.998291,0.020970,0.000000,0.404172,0.002870,0.914679,0.000000,11.686760,-1.501316,-0.364792,1.000000;;
            }

            Frame Bip001_L_Finger21 {
             

             FrameTransformMatrix {
              1.000000,0.000000,0.000000,0.000000,0.000000,1.000000,0.000000,0.000000,0.000000,0.000000,1.000000,0.000000,4.698437,-0.000004,0.000000,1.000000;;
             }

             Frame Bip001_L_Finger22 {
              

              FrameTransformMatrix {
               1.000000,0.000000,0.000000,0.000000,0.000000,1.000000,0.000000,0.000000,0.000000,0.000000,1.000000,0.000000,5.425751,-0.000004,0.000000,1.000000;;
              }

              Frame Bip001_L_Finger2Nub {
               

               FrameTransformMatrix {
                1.000000,0.000000,0.000000,0.000000,0.000000,1.000000,0.000000,0.000000,0.000000,0.000000,1.000000,0.000000,5.425743,0.000000,0.000000,1.000000;;
               }
              }
             }
            }
           }

           Frame Bip001_L_Finger3 {
            

            FrameTransformMatrix {
             0.895635,0.093934,-0.434757,0.000000,-0.084190,0.995578,0.041667,0.000000,0.436749,-0.000716,0.899583,0.000000,11.686195,1.606102,-0.362915,1.000000;;
            }

            Frame Bip001_L_Finger31 {
             

             FrameTransformMatrix {
              1.000000,0.000000,-0.000000,0.000000,-0.000000,1.000000,-0.000000,0.000000,0.000000,0.000000,1.000000,0.000000,4.316536,-0.000004,0.000000,1.000000;;
             }

             Frame Bip001_L_Finger32 {
              

              FrameTransformMatrix {
               1.000000,0.000000,-0.000000,0.000000,-0.000000,1.000000,-0.000000,0.000000,0.000000,0.000000,1.000000,0.000000,4.650646,0.000004,0.000000,1.000000;;
              }

              Frame Bip001_L_Finger3Nub {
               

               FrameTransformMatrix {
                1.000000,0.000000,-0.000000,0.000000,-0.000000,1.000000,-0.000000,0.000000,0.000000,0.000000,1.000000,0.000000,4.650650,0.000000,0.000000,1.000000;;
               }
              }
             }
            }
           }

           Frame Bip001_L_Finger4 {
            

            FrameTransformMatrix {
             0.995318,0.043504,-0.086311,0.000000,-0.043233,0.999052,0.005008,0.000000,0.086447,-0.001253,0.996256,0.000000,10.216786,4.386828,-0.631805,1.000000;;
            }

            Frame Bip001_L_Finger41 {
             

             FrameTransformMatrix {
              1.000000,0.000000,-0.000000,0.000000,0.000000,1.000000,0.000000,0.000000,0.000000,-0.000000,1.000000,0.000000,3.003712,0.000002,0.000000,1.000000;;
             }

             Frame Bip001_L_Finger42 {
              

              FrameTransformMatrix {
               1.000000,0.000000,-0.000000,0.000000,0.000000,1.000000,0.000000,0.000000,0.000000,-0.000000,1.000000,0.000000,3.003708,0.000002,0.000000,1.000000;;
              }

              Frame Bip001_L_Finger4Nub {
               

               FrameTransformMatrix {
                1.000000,0.000000,-0.000000,0.000000,0.000000,1.000000,0.000000,0.000000,0.000000,-0.000000,1.000000,0.000000,3.003708,0.000000,0.000000,1.000000;;
               }
              }
             }
            }
           }
          }
         }
        }
       }

       Frame Bip001_R_Clavicle {
        

        FrameTransformMatrix {
         0.114159,-0.923022,-0.367420,0.000000,-0.924115,-0.234415,0.301764,0.000000,-0.364663,0.305089,-0.879739,0.000000,-0.141586,-4.335998,-0.133591,1.000000;;
        }

        Frame Bip001_R_UpperArm {
         

         FrameTransformMatrix {
          0.193933,0.979282,-0.058282,0.000000,-0.980986,0.194041,-0.003844,0.000000,0.007545,0.057920,0.998293,0.000000,16.122227,0.000015,0.000000,1.000000;;
         }

         Frame Bip001_R_Forearm {
          

          FrameTransformMatrix {
           0.926213,0.000000,-0.377000,0.000000,0.000000,1.000000,-0.000000,0.000000,0.377000,-0.000000,0.926213,0.000000,44.136810,-0.000008,-0.000001,1.000000;;
          }

          Frame Bip001_R_Hand {
           

           FrameTransformMatrix {
            0.999848,-0.016433,0.005840,0.000000,0.017323,0.897138,-0.441411,0.000000,0.002014,0.441445,0.897286,0.000000,37.683379,0.000008,0.000004,1.000000;;
           }

           Frame Bip001_R_Finger0 {
            

            FrameTransformMatrix {
             0.820473,0.503828,0.270153,0.000000,-0.512024,0.437437,0.739243,0.000000,0.254277,-0.744853,0.616877,0.000000,4.289871,5.456856,2.394814,1.000000;;
            }

            Frame Bip001_R_Finger01 {
             

             FrameTransformMatrix {
              1.000000,-0.000000,0.000000,0.000000,-0.000000,1.000000,0.000000,0.000000,0.000000,0.000000,1.000000,0.000000,3.875534,-0.000004,0.000000,1.000000;;
             }

             Frame Bip001_R_Finger02 {
              

              FrameTransformMatrix {
               1.000000,-0.000000,0.000000,0.000000,-0.000000,1.000000,0.000000,0.000000,0.000000,0.000000,1.000000,0.000000,3.875534,0.000004,0.000000,1.000000;;
              }

              Frame Bip001_R_Finger0Nub {
               

               FrameTransformMatrix {
                -1.000000,-0.000000,-0.000000,0.000000,-0.000000,1.000000,-0.000000,0.000000,-0.000000,-0.000000,-1.000000,0.000000,3.875542,-0.000004,0.000004,1.000000;;
               }
              }
             }
            }
           }

           Frame Bip001_R_Finger1 {
            

            FrameTransformMatrix {
             0.922315,-0.000308,-0.386438,0.000000,0.000000,1.000000,-0.000796,0.000000,0.386438,0.000734,0.922315,0.000000,11.734276,5.461197,-0.417748,1.000000;;
            }

            Frame Bip001_R_Finger11 {
             

             FrameTransformMatrix {
              1.000000,0.000000,-0.000000,0.000000,0.000000,1.000000,0.000000,0.000000,0.000000,-0.000000,1.000000,0.000000,4.650642,0.000000,-0.000008,1.000000;;
             }

             Frame Bip001_R_Finger12 {
              

              FrameTransformMatrix {
               1.000000,0.000000,-0.000000,0.000000,0.000000,1.000000,0.000000,0.000000,0.000000,-0.000000,1.000000,0.000000,4.650646,0.000008,0.000008,1.000000;;
              }

              Frame Bip001_R_Finger1Nub {
               

               FrameTransformMatrix {
                -1.000000,-0.000000,-0.000000,0.000000,0.000000,1.000000,0.000000,0.000000,0.000000,0.000000,-1.000000,0.000000,4.650654,0.000000,0.000000,1.000000;;
               }
              }
             }
            }
           }

           Frame Bip001_R_Finger2 {
            

            FrameTransformMatrix {
             0.913055,-0.058367,-0.403637,0.000000,0.054546,0.998291,-0.020970,0.000000,0.404172,-0.002870,0.914679,0.000000,11.686767,1.501312,-0.364777,1.000000;;
            }

            Frame Bip001_R_Finger21 {
             

             FrameTransformMatrix {
              1.000000,-0.000000,0.000000,0.000000,0.000000,1.000000,-0.000000,0.000000,0.000000,0.000000,1.000000,0.000000,4.698429,0.000000,0.000000,1.000000;;
             }

             Frame Bip001_R_Finger22 {
              

              FrameTransformMatrix {
               1.000000,-0.000000,0.000000,0.000000,0.000000,1.000000,-0.000000,0.000000,0.000000,0.000000,1.000000,0.000000,5.425751,-0.000008,0.000000,1.000000;;
              }

              Frame Bip001_R_Finger2Nub {
               

               FrameTransformMatrix {
                -1.000000,0.000000,0.000000,0.000000,-0.000000,1.000000,0.000000,0.000000,-0.000000,-0.000000,-1.000000,0.000000,5.425754,0.000000,0.000000,1.000000;;
               }
              }
             }
            }
           }

           Frame Bip001_R_Finger3 {
            

            FrameTransformMatrix {
             0.895635,-0.093934,-0.434758,0.000000,0.084190,0.995578,-0.041667,0.000000,0.436749,0.000716,0.899583,0.000000,11.686195,-1.606102,-0.362907,1.000000;;
            }

            Frame Bip001_R_Finger31 {
             

             FrameTransformMatrix {
              1.000000,-0.000000,0.000000,0.000000,0.000000,1.000000,0.000000,0.000000,0.000000,0.000000,1.000000,0.000000,4.316547,-0.000008,0.000000,1.000000;;
             }

             Frame Bip001_R_Finger32 {
              

              FrameTransformMatrix {
               1.000000,-0.000000,0.000000,0.000000,0.000000,1.000000,0.000000,0.000000,0.000000,0.000000,1.000000,0.000000,4.650638,0.000008,0.000008,1.000000;;
              }

              Frame Bip001_R_Finger3Nub {
               

               FrameTransformMatrix {
                -1.000000,0.000000,-0.000000,0.000000,-0.000000,1.000000,0.000000,0.000000,-0.000000,-0.000000,-1.000000,0.000000,4.650646,-0.000008,-0.000008,1.000000;;
               }
              }
             }
            }
           }

           Frame Bip001_R_Finger4 {
            

            FrameTransformMatrix {
             0.995318,-0.043504,-0.086311,0.000000,0.043233,0.999053,-0.005008,0.000000,0.086447,0.001253,0.996256,0.000000,10.216790,-4.386833,-0.631805,1.000000;;
            }

            Frame Bip001_R_Finger41 {
             

             FrameTransformMatrix {
              1.000000,0.000000,-0.000000,0.000000,0.000000,1.000000,0.000000,0.000000,0.000000,0.000000,1.000000,0.000000,3.003708,0.000000,-0.000008,1.000000;;
             }

             Frame Bip001_R_Finger42 {
              

              FrameTransformMatrix {
               1.000000,0.000000,-0.000000,0.000000,0.000000,1.000000,0.000000,0.000000,0.000000,0.000000,1.000000,0.000000,3.003712,-0.000008,0.000008,1.000000;;
              }

              Frame Bip001_R_Finger4Nub {
               

               FrameTransformMatrix {
                -1.000000,0.000000,0.000000,0.000000,-0.000000,1.000000,0.000000,0.000000,0.000000,-0.000000,-1.000000,0.000000,3.003700,0.000000,-0.000008,1.000000;;
               }
              }
             }
            }
           }
          }
         }
        }
       }

       Frame Bip001_Head {
        

        FrameTransformMatrix {
         0.987502,-0.002079,0.157592,0.000000,0.004518,0.999876,-0.015119,0.000000,-0.157541,0.015642,0.987389,0.000000,15.765381,-0.911514,-0.005142,1.000000;;
        }

        Frame Bip001_HeadNub {
         

         FrameTransformMatrix {
          1.000000,0.000000,-0.000000,0.000000,-0.000000,1.000000,-0.000000,0.000000,-0.000000,0.000000,1.000000,0.000000,29.143997,-0.000001,0.000008,1.000000;;
         }
        }
       }
      }
     }
    }
   }

   Frame Bip001_L_Thigh {
    

    FrameTransformMatrix {
     -0.969053,0.065598,0.237976,0.000000,-0.051256,-0.996504,0.065970,0.000000,0.241471,0.051731,0.969028,0.000000,-14.261170,12.554527,0.012786,1.000000;;
    }

    Frame Bip001_L_Calf {
     

     FrameTransformMatrix {
      0.853799,-0.000000,-0.520603,0.000000,0.000000,1.000000,0.000000,0.000000,0.520603,0.000000,0.853799,0.000000,54.040717,0.000000,-0.000002,1.000000;;
     }

     Frame Bip001_L_Foot {
      

      FrameTransformMatrix {
       0.922015,-0.025975,0.386282,0.000000,0.017861,0.999538,0.024582,0.000000,-0.386743,-0.015766,0.922053,0.000000,58.826867,-0.000002,-0.000004,1.000000;;
      }

      Frame Bip001_L_Toe0 {
       

       FrameTransformMatrix {
        -0.409195,0.148934,0.900210,0.000000,0.032071,0.988327,-0.148935,0.000000,-0.911883,-0.032072,-0.409195,0.000000,14.261973,0.000004,18.354528,1.000000;;
       }

       Frame Bip001_L_Toe01 {
        

        FrameTransformMatrix {
         1.000000,-0.000000,0.000000,0.000000,-0.000000,1.000000,0.000000,0.000000,0.000000,-0.000000,1.000000,0.000000,1.860258,0.000000,0.000000,1.000000;;
        }

        Frame Bip001_L_Toe02 {
         

         FrameTransformMatrix {
          1.000000,-0.000000,0.000000,0.000000,-0.000000,1.000000,0.000000,0.000000,0.000000,-0.000000,1.000000,0.000000,1.860257,0.000000,-0.000000,1.000000;;
         }

         Frame Bip001_L_Toe0Nub {
          

          FrameTransformMatrix {
           -1.000000,0.000000,0.000000,0.000000,0.000000,1.000000,0.000000,0.000000,-0.000000,0.000000,-1.000000,0.000000,1.860255,0.000000,0.000000,1.000000;;
          }
         }
        }
       }
      }
     }
    }
   }

   Frame Bip001_R_Thigh {
    

    FrameTransformMatrix {
     -0.967521,-0.058347,0.245966,0.000000,0.031508,-0.993245,-0.111675,0.000000,0.250821,-0.100298,0.962824,0.000000,-14.261154,-12.248880,0.035328,1.000000;;
    }

    Frame Bip001_R_Calf {
     

     FrameTransformMatrix {
      0.848433,-0.000000,-0.529302,0.000000,0.000000,1.000000,0.000000,0.000000,0.529302,-0.000000,0.848433,0.000000,53.736064,0.000002,0.000000,1.000000;;
     }

     Frame Bip001_R_Foot {
      

      FrameTransformMatrix {
       0.928600,0.032339,0.369671,0.000000,-0.017044,0.998861,-0.044568,0.000000,-0.370692,0.035085,0.928093,0.000000,59.151955,0.000000,0.000002,1.000000;;
      }

      Frame Bip001_R_Toe0 {
       

       FrameTransformMatrix {
        0.349114,0.127068,0.928425,0.000000,-0.023004,0.991627,-0.127068,0.000000,-0.936798,0.023004,0.349114,0.000000,14.261974,0.000002,18.354530,1.000000;;
       }

       Frame Bip001_R_Toe01 {
        

        FrameTransformMatrix {
         1.000000,-0.000000,0.000000,0.000000,0.000000,1.000000,0.000000,0.000000,0.000000,-0.000000,1.000000,0.000000,1.860256,0.000000,-0.000000,1.000000;;
        }

        Frame Bip001_R_Toe02 {
         

         FrameTransformMatrix {
          1.000000,-0.000000,0.000000,0.000000,0.000000,1.000000,0.000000,0.000000,0.000000,-0.000000,1.000000,0.000000,1.860257,-0.000002,0.000000,1.000000;;
         }

         Frame Bip001_R_Toe0Nub {
          

          FrameTransformMatrix {
           1.000000,-0.000000,0.000000,0.000000,0.000000,1.000000,0.000000,0.000000,0.000000,-0.000000,1.000000,0.000000,1.860256,0.000004,0.000000,1.000000;;
          }
         }
        }
       }
      }
     }
    }
   }
  }
 }
}

Frame Box001 {
 

 FrameTransformMatrix {
  0.667112,0.000000,0.000000,0.000000,0.000000,0.696682,0.000000,0.000000,0.000000,0.000000,0.492662,0.000000,0.000000,0.000000,0.000000,1.000000;;
 }

 Mesh Box001 {
  24;
  -15.628002;37.991901;-61.522106;,
  -11.537736;36.843165;-60.041568;,
  -14.235912;35.928998;-58.867699;,
  -12.929825;38.906070;-62.695974;,
  -15.628800;39.281155;-59.517696;,
  -11.538534;38.132419;-58.037152;,
  -12.930623;40.195325;-60.691565;,
  -14.236710;37.218250;-56.863283;,
  -15.628002;37.991901;-61.522106;,
  -12.930623;40.195325;-60.691565;,
  -12.929825;38.906070;-62.695974;,
  -15.628800;39.281155;-59.517696;,
  -12.929825;38.906070;-62.695974;,
  -11.538534;38.132419;-58.037152;,
  -11.537736;36.843165;-60.041568;,
  -12.930623;40.195325;-60.691565;,
  -11.537736;36.843165;-60.041568;,
  -14.236710;37.218250;-56.863283;,
  -14.235912;35.928998;-58.867699;,
  -11.538534;38.132419;-58.037152;,
  -14.235912;35.928998;-58.867699;,
  -15.628800;39.281155;-59.517696;,
  -15.628002;37.991901;-61.522106;,
  -14.236710;37.218250;-56.863283;;
  12;
  3;0,1,2;,
  3;1,0,3;,
  3;4,5,6;,
  3;5,4,7;,
  3;8,9,10;,
  3;9,8,11;,
  3;12,13,14;,
  3;13,12,15;,
  3;16,17,18;,
  3;17,16,19;,
  3;20,21,22;,
  3;21,20,23;;

  DeclData {
   2;
   2;0;3;0;,
   1;0;5;0;;
   120;
   971708405,
   3209304821,
   3206357236,
   1065353216,
   1065353216,
   971708405,
   3209304821,
   3206357236,
   0,
   0,
   971708404,
   3209304820,
   3206357236,
   1065353216,
   0,
   971708404,
   3209304820,
   3206357236,
   0,
   1065353216,
   3119203068,
   1061821179,
   1058873581,
   0,
   1065353216,
   3119203068,
   1061821179,
   1058873581,
   1065353216,
   0,
   3119203069,
   1061821179,
   1058873580,
   1065353216,
   1065353216,
   3119203069,
   1061821179,
   1058873580,
   0,
   0,
   3203159416,
   1061091822,
   3203777773,
   0,
   1065353216,
   3203159416,
   1061091822,
   3203777773,
   1065353216,
   0,
   3203159417,
   1061091822,
   3203777773,
   1065353216,
   1065353216,
   3203159417,
   1061091822,
   3203777773,
   0,
   0,
   1063937346,
   1051539764,
   3193861834,
   0,
   1065353216,
   1063937345,
   1051539769,
   3193861833,
   1065353216,
   0,
   1063937344,
   1051539775,
   3193861831,
   1065353216,
   1065353216,
   1063937346,
   1051539760,
   3193861839,
   0,
   0,
   1055675765,
   3208575478,
   1056294105,
   0,
   1065353216,
   1055675765,
   3208575478,
   1056294105,
   1065353216,
   0,
   1055675766,
   3208575477,
   1056294106,
   1065353216,
   1065353216,
   1055675766,
   3208575477,
   1056294106,
   0,
   0,
   3211420994,
   3199023415,
   1046378183,
   0,
   1065353216,
   3211420993,
   3199023415,
   1046378190,
   1065353216,
   0,
   3211420993,
   3199023413,
   1046378198,
   1065353216,
   1065353216,
   3211420994,
   3199023417,
   1046378176,
   0,
   0;
  }

  XSkinMeshHeader {
   1;
   1;
   1;
  }

  SkinWeights {
   "Bip001_L_Toe0Nub";
   24;
   0,
   1,
   2,
   3,
   4,
   5,
   6,
   7,
   8,
   9,
   10,
   11,
   12,
   13,
   14,
   15,
   16,
   17,
   18,
   19,
   20,
   21,
   22,
   23;
   1.000000,
   1.000000,
   1.000000,
   1.000000,
   1.000000,
   1.000000,
   1.000000,
   1.000000,
   1.000000,
   1.000000,
   1.000000,
   1.000000,
   1.000000,
   1.000000,
   1.000000,
   1.000000,
   1.000000,
   1.000000,
   1.000000,
   1.000000,
   1.000000,
   1.000000,
   1.000000,
   1.000000;
   0.079948,-0.661084,0.040180,0.000000,-0.282379,-0.072606,-0.632737,0.000000,0.446492,0.041595,-0.204035,0.000000,8.150494,19.286413,-1.314833,1.000000;;
  }
 }
}

AnimTicksPerSecond  {
 4800;
}

AnimationSet Anim1 {
 

 Animation {
  
  { Bip001 }

  AnimationKey S {
   1;
   2;
   0;3;1.000000,1.000000,1.000000;;,
   5920;3;1.000000,1.000000,1.000000;;;
  }

  AnimationKey R {
   0;
   38;
   0;4;0.702065,0.030000,-0.710864,0.029628;;,
   160;4;0.703446,0.034281,-0.709106,0.034008;;,
   320;4;0.704231,0.039896,-0.707737,0.039698;;,
   480;4;0.704389,0.046704,-0.706745,0.046548;;,
   640;4;0.700276,0.056101,-0.709508,0.055371;;,
   800;4;0.692535,0.069337,-0.714882,0.067319;;,
   960;4;0.687018,0.087088,-0.716354,0.085198;;,
   1120;4;0.684405,0.109941,-0.712569,0.108387;;,
   1280;4;0.681909,0.137220,-0.705600,0.135277;;,
   1440;4;0.678367,0.170694,-0.694093,0.170051;;,
   1600;4;0.662559,0.209417,-0.683514,0.223535;;,
   1760;4;0.639658,0.232154,-0.686797,0.255446;;,
   1920;4;0.649666,0.199957,-0.699157,0.221656;;,
   2080;4;0.678797,0.152405,-0.701246,0.155761;;,
   2240;4;0.695345,0.114455,-0.700344,0.113638;;,
   2400;4;0.679631,0.088056,-0.723436,0.083597;;,
   2560;4;0.677668,0.057408,-0.731190,0.053206;;,
   2720;4;0.682931,0.018581,-0.730039,0.017382;;,
   2880;4;0.682304,-0.005341,-0.730955,-0.011751;;,
   3040;4;0.692655,-0.025913,-0.719799,-0.038052;;,
   3200;4;0.709549,-0.037579,-0.702757,-0.035508;;,
   3360;4;0.723990,-0.063932,-0.685585,-0.041538;;,
   3520;4;0.723174,-0.130319,-0.672692,-0.086727;;,
   3680;4;0.709714,-0.141217,-0.682661,-0.101673;;,
   3840;4;0.723135,-0.149001,-0.667078,-0.099405;;,
   4000;4;0.718693,-0.129844,-0.676476,-0.094872;;,
   4160;4;0.721057,-0.110519,-0.679028,-0.082366;;,
   4320;4;0.729262,-0.087122,-0.675796,-0.062345;;,
   4480;4;0.729176,-0.069353,-0.679750,-0.037850;;,
   4640;4;0.728993,-0.036674,-0.682857,-0.030502;;,
   4800;4;0.720560,-0.017960,-0.692909,-0.018677;;,
   4960;4;0.706805,-0.005618,-0.707364,-0.005614;;,
   5120;4;0.705503,0.001102,-0.708705,0.001097;;,
   5280;4;0.707859,0.002476,-0.706345,0.002481;;,
   5440;4;0.710295,0.002120,-0.703898,0.002139;;,
   5600;4;0.710787,0.000802,-0.703406,0.000810;;,
   5760;4;0.715901,-0.001030,-0.698200,-0.001056;;,
   5920;4;0.723314,-0.003625,-0.690499,-0.003798;;;
  }

  AnimationKey T {
   2;
   38;
   0;3;0.000000,123.733005,0.000000;;,
   160;3;0.000000,123.705267,0.000000;;,
   320;3;0.000000,123.651392,0.000000;;,
   480;3;0.000000,123.427968,0.000000;;,
   640;3;0.000000,123.010355,0.000000;;,
   800;3;0.000000,122.404429,0.000000;;,
   960;3;0.000000,121.834035,0.000000;;,
   1120;3;0.000000,121.468672,0.000000;;,
   1280;3;0.000000,121.036326,0.000000;;,
   1440;3;0.000000,119.310566,0.000000;;,
   1600;3;0.000000,115.159296,0.000000;;,
   1760;3;0.000000,108.642931,0.000000;;,
   1920;3;0.000000,103.157504,0.000000;;,
   2080;3;0.000000,103.091757,0.000000;;,
   2240;3;0.000000,110.924749,0.000000;;,
   2400;3;0.000000,124.985792,0.000000;;,
   2560;3;0.000000,139.331149,0.000000;;,
   2720;3;0.000000,150.009766,0.000000;;,
   2880;3;0.000000,155.517094,0.000000;;,
   3040;3;0.000000,154.842931,0.000000;;,
   3200;3;0.000000,147.380621,0.000000;;,
   3360;3;0.000000,133.361050,0.000000;;,
   3520;3;0.000000,112.805491,0.000000;;,
   3680;3;0.000000,99.081414,0.000000;;,
   3840;3;0.000000,95.733568,0.000000;;,
   4000;3;0.000000,99.124461,0.000000;;,
   4160;3;0.000000,106.120704,0.000000;;,
   4320;3;0.000000,113.409485,0.000000;;,
   4480;3;0.000000,119.138483,0.000000;;,
   4640;3;0.000000,122.195674,0.000000;;,
   4800;3;0.000000,122.876032,0.000000;;,
   4960;3;0.000000,123.029926,0.000000;;,
   5120;3;0.000000,123.102925,0.000000;;,
   5280;3;0.000000,123.175616,0.000000;;,
   5440;3;0.000000,123.065165,0.000000;;,
   5600;3;0.000000,122.967014,0.000000;;,
   5760;3;0.000000,123.033818,0.000000;;,
   5920;3;0.000000,123.054285,0.000000;;;
  }
 }

 Animation {
  
  { Bip001_Pelvis }

  AnimationKey S {
   1;
   2;
   0;3;1.000000,1.000000,1.000000;;,
   5920;3;1.000000,1.000000,1.000000;;;
  }

  AnimationKey R {
   0;
   37;
   0;4;-0.497315,0.502671,0.497314,0.502672;;,
   320;4;-0.497241,0.502744,0.497240,0.502745;;,
   480;4;-0.496139,0.503831,0.496139,0.503832;;,
   640;4;-0.493163,0.506744,0.493163,0.506745;;,
   800;4;-0.492450,0.507438,0.492449,0.507438;;,
   960;4;-0.493796,0.506128,0.493795,0.506129;;,
   1120;4;-0.492873,0.507027,0.492872,0.507028;;,
   1280;4;-0.495043,0.504909,0.495042,0.504909;;,
   1440;4;-0.498354,0.501641,0.498353,0.501642;;,
   1600;4;-0.500001,0.499999,0.500000,0.500000;;,
   1760;4;-0.500001,0.499999,0.500000,0.500000;;,
   1920;4;-0.500001,0.499999,0.500000,0.500000;;,
   2080;4;-0.494817,0.505130,0.494816,0.505131;;,
   2240;4;-0.496253,0.503719,0.496252,0.503720;;,
   2400;4;-0.499680,0.500320,0.499679,0.500321;;,
   2560;4;-0.499341,0.500658,0.499340,0.500659;;,
   2720;4;-0.502133,0.497858,0.502132,0.497859;;,
   2880;4;-0.504881,0.495071,0.504881,0.495071;;,
   3040;4;-0.500001,0.499999,0.500000,0.500000;;,
   3200;4;-0.500001,0.499999,0.500000,0.500000;;,
   3360;4;-0.500001,0.499999,0.500000,0.500000;;,
   3520;4;-0.500001,0.499999,0.500000,0.500000;;,
   3680;4;-0.500001,0.499999,0.500000,0.500000;;,
   3840;4;-0.500001,0.499999,0.500000,0.500000;;,
   4000;4;-0.500001,0.499999,0.500000,0.500000;;,
   4160;4;-0.500001,0.499999,0.500000,0.500000;;,
   4320;4;-0.500001,0.499999,0.500000,0.500000;;,
   4480;4;-0.498991,0.501007,0.498991,0.501008;;,
   4640;4;-0.489323,0.510453,0.489323,0.510454;;,
   4800;4;-0.488819,0.510936,0.488819,0.510937;;,
   4960;4;-0.487275,0.512409,0.487275,0.512409;;,
   5120;4;-0.496414,0.503560,0.496414,0.503561;;,
   5280;4;-0.496657,0.503321,0.496656,0.503321;;,
   5440;4;-0.494917,0.505032,0.494916,0.505032;;,
   5600;4;-0.496381,0.503593,0.496380,0.503594;;,
   5760;4;-0.494807,0.505140,0.494806,0.505141;;,
   5920;4;-0.493039,0.506866,0.493038,0.506867;;;
  }

  AnimationKey T {
   2;
   2;
   0;3;0.000000,0.000000,0.000000;;,
   5920;3;0.000000,0.000000,0.000000;;;
  }
 }

 Animation {
  
  { Bip001_Spine }

  AnimationKey S {
   1;
   2;
   0;3;1.000000,1.000000,1.000000;;,
   5920;3;1.000000,1.000000,1.000000;;;
  }

  AnimationKey R {
   0;
   26;
   0;4;1.000000,-0.000455,0.000398,-0.000001;;,
   320;4;1.000000,-0.000536,0.000398,-0.000000;;,
   480;4;0.999999,-0.001023,0.000398,-0.000000;;,
   640;4;0.999998,-0.002163,0.000398,0.000000;;,
   800;4;0.999996,-0.002940,0.000398,0.000000;;,
   960;4;0.999995,-0.003076,0.000398,0.000001;;,
   1120;4;0.999990,-0.004536,0.000398,0.000001;;,
   1280;4;0.999992,-0.004032,0.000398,0.000001;;,
   1440;4;0.999998,-0.001742,0.000398,-0.000000;;,
   1600;4;1.000000,-0.000002,0.000398,-0.000001;;,
   1920;4;1.000000,-0.000002,0.000398,-0.000001;;,
   2080;4;0.999988,-0.004848,0.000398,0.000001;;,
   2240;4;0.999997,-0.002510,0.000398,0.000000;;,
   2400;4;1.000000,-0.000162,0.000398,-0.000001;;,
   2560;4;1.000000,-0.000210,0.000398,-0.000001;;,
   2720;4;1.000000,0.000216,0.000398,-0.000001;;,
   2880;4;1.000000,-0.000236,0.000398,-0.000001;;,
   3040;4;1.000000,-0.000002,0.000398,-0.000001;;,
   4320;4;1.000000,-0.000002,0.000398,-0.000001;;,
   4480;4;1.000000,0.000303,0.000398,-0.000001;;,
   4640;4;0.999998,0.002005,0.000398,-0.000001;;,
   4800;4;0.999999,0.001145,0.000398,-0.000001;;,
   4960;4;1.000000,0.000397,0.000398,-0.000001;;,
   5120;4;1.000000,-0.000024,0.000398,-0.000001;;,
   5760;4;1.000000,-0.000049,0.000398,-0.000001;;,
   5920;4;1.000000,0.000143,0.000398,-0.000001;;;
  }

  AnimationKey T {
   2;
   30;
   0;3;14.261170,-0.152792,-0.012835;;,
   160;3;14.261117,-0.156987,-0.012834;;,
   320;3;14.261131,-0.154968,-0.012834;;,
   480;3;14.260277,-0.219382,-0.012833;;,
   640;3;14.256706,-0.387316,-0.012831;;,
   800;3;14.255592,-0.427401,-0.012836;;,
   960;3;14.257659,-0.351672,-0.012833;;,
   1120;3;14.256272,-0.403609,-0.012833;;,
   1280;3;14.259202,-0.281314,-0.012833;;,
   1440;3;14.261680,-0.093747,-0.012836;;,
   1600;3;14.261978,0.000020,-0.012840;;,
   1920;3;14.261978,0.000021,-0.012833;;,
   2080;3;14.258949,-0.294067,-0.012836;;,
   2240;3;14.260384,-0.212912,-0.012833;;,
   2400;3;14.261963,-0.018296,-0.012831;;,
   2560;3;14.261947,-0.037582,-0.012833;;,
   2720;3;14.261445,0.121902,-0.012823;;,
   2880;3;14.259232,0.279806,-0.012835;;,
   3040;3;14.261994,0.000021,-0.012829;;,
   4320;3;14.261963,0.000020,-0.012831;;,
   4480;3;14.261864,-0.057520,-0.012842;;,
   4640;3;14.249229,-0.602647,-0.012827;;,
   4800;3;14.248032,-0.630749,-0.012852;;,
   4960;3;14.243950,-0.716706,-0.012845;;,
   5120;3;14.260498,-0.203834,-0.012841;;,
   5280;3;14.260696,-0.190092,-0.012855;;,
   5440;3;14.259064,-0.288513,-0.012830;;,
   5600;3;14.260491,-0.205741,-0.012835;;,
   5760;3;14.258934,-0.294760,-0.012840;;,
   5920;3;14.256515,-0.394395,-0.012836;;;
  }
 }

 Animation {
  
  { Bip001_Spine1 }

  AnimationKey S {
   1;
   2;
   0;3;1.000000,1.000000,1.000000;;,
   5920;3;1.000000,1.000000,1.000000;;;
  }

  AnimationKey R {
   0;
   38;
   0;4;0.999969,-0.002886,0.001368,0.007175;;,
   160;4;0.999967,-0.002214,0.002591,0.007399;;,
   320;4;0.999961,-0.002109,0.003982,0.007561;;,
   480;4;0.999945,-0.001772,0.006195,0.008337;;,
   640;4;0.999924,-0.000435,0.007483,0.009744;;,
   800;4;0.999906,0.001851,0.009420,0.009795;;,
   960;4;0.999897,0.002380,0.010973,0.008984;;,
   1120;4;0.999862,0.001857,0.013776,0.009066;;,
   1280;4;0.999833,0.000518,0.016454,0.007927;;,
   1440;4;0.999801,-0.000394,0.018372,0.007804;;,
   1600;4;0.999841,0.002019,0.015489,0.008607;;,
   1760;4;0.999892,0.007678,0.009517,0.008219;;,
   1920;4;0.999928,0.006246,0.006275,0.008126;;,
   2080;4;0.999971,0.001605,-0.000006,0.007472;;,
   2240;4;0.999892,0.001278,-0.011428,0.009144;;,
   2400;4;0.999673,0.007718,-0.023186,0.007606;;,
   2560;4;0.999679,0.004056,-0.022191,0.011577;;,
   2720;4;0.999859,0.006084,-0.009381,0.012554;;,
   2880;4;0.999908,0.005928,0.001406,0.012104;;,
   3040;4;0.999823,0.004149,0.011981,0.013899;;,
   3200;4;0.999759,0.003914,0.015706,0.014844;;,
   3360;4;0.999705,0.003300,0.017951,0.016015;;,
   3520;4;0.999558,0.004655,0.022498,0.018897;;,
   3680;4;0.999624,0.009725,0.019336,0.016845;;,
   3840;4;0.999721,0.009433,0.011944,0.018073;;,
   4000;4;0.999829,0.009800,0.009356,0.012600;;,
   4160;4;0.999907,0.007714,0.005816,0.009665;;,
   4320;4;0.999958,0.004515,0.002186,0.007702;;,
   4480;4;0.999965,0.004331,-0.000707,0.007167;;,
   4640;4;0.999967,0.004650,-0.003259,0.005850;;,
   4800;4;0.999947,0.006955,-0.005550,0.005105;;,
   4960;4;0.999904,0.009947,-0.007114,0.006554;;,
   5120;4;0.999940,0.008437,-0.006221,0.003301;;,
   5280;4;0.999956,0.007180,-0.005122,0.003190;;,
   5440;4;0.999956,0.006879,-0.004386,0.004629;;,
   5600;4;0.999955,0.007786,-0.002537,0.004766;;,
   5760;4;0.999952,0.008146,-0.001091,0.005432;;,
   5920;4;0.999949,0.007563,0.000768,0.006585;;;
  }

  AnimationKey T {
   2;
   26;
   0;3;16.122222,0.000074,-0.012835;;,
   320;3;16.122269,0.000057,-0.012835;;,
   480;3;16.122376,0.000044,-0.012835;;,
   960;3;16.122406,0.000009,-0.012836;;,
   1120;3;16.122558,-0.000051,-0.012833;;,
   1600;3;16.122650,-0.000016,-0.012833;;,
   1760;3;16.122459,-0.000200,-0.012833;;,
   1920;3;16.122376,-0.000161,-0.012833;;,
   2080;3;16.122222,-0.000041,-0.012836;;,
   2240;3;16.121933,-0.000030,-0.012829;;,
   2400;3;16.121643,-0.000193,-0.012827;;,
   2560;3;16.121627,-0.000097,-0.012823;;,
   2720;3;16.121963,-0.000154,-0.012843;;,
   2880;3;16.122222,-0.000153,-0.012838;;,
   3040;3;16.122514,-0.000111,-0.012823;;,
   3200;3;16.122619,-0.000106,-0.012837;;,
   3520;3;16.122680,-0.000092,-0.012838;;,
   3680;3;16.122704,-0.000258,-0.012806;;,
   3840;3;16.122520,-0.000247,-0.012836;;,
   4160;3;16.122451,-0.000256,-0.012827;;,
   4320;3;16.122253,-0.000114,-0.012852;;,
   4800;3;16.122178,-0.000110,-0.012836;;,
   4960;3;16.122024,-0.000254,-0.012831;;,
   5600;3;16.122054,-0.000216,-0.012845;;,
   5760;3;16.122192,-0.000209,-0.012841;;,
   5920;3;16.122238,-0.000194,-0.012833;;;
  }
 }

 Animation {
  
  { Bip001_Spine2 }

  AnimationKey S {
   1;
   2;
   0;3;1.000000,1.000000,1.000000;;,
   5920;3;1.000000,1.000000,1.000000;;;
  }

  AnimationKey R {
   0;
   38;
   0;4;0.999880,-0.003780,-0.007231,0.013196;;,
   160;4;0.999884,-0.002971,-0.006403,0.013470;;,
   320;4;0.999889,-0.002869,-0.005297,0.013630;;,
   480;4;0.999884,-0.002507,-0.003292,0.014652;;,
   640;4;0.999865,-0.000926,-0.003361,0.016070;;,
   800;4;0.999864,0.001858,-0.002789,0.016166;;,
   960;4;0.999878,0.002483,-0.002831,0.015195;;,
   1120;4;0.999884,0.001772,-0.000739,0.015091;;,
   1280;4;0.999901,0.000060,0.000034,0.014081;;,
   1440;4;0.999890,-0.001169,0.000093,0.014764;;,
   1600;4;0.999884,0.001844,-0.004788,0.014341;;,
   1760;4;0.999751,0.008894,-0.014670,0.014305;;,
   1920;4;0.999650,0.007107,-0.020768,0.014752;;,
   2080;4;0.999501,0.001487,-0.027543,0.015424;;,
   2240;4;0.999175,0.001320,-0.035918,0.018891;;,
   2400;4;0.998991,0.009629,-0.041822,0.013208;;,
   2560;4;0.998937,0.004964,-0.041416,0.019600;;,
   2720;4;0.999373,0.007220,-0.027768,0.020754;;,
   2880;4;0.999600,0.006805,-0.017166,0.021410;;,
   3040;4;0.999680,0.004246,-0.005600,0.024300;;,
   3200;4;0.999672,0.003840,-0.001138,0.025313;;,
   3360;4;0.999636,0.003056,0.003309,0.026609;;,
   3520;4;0.999522,0.004507,0.007727,0.029603;;,
   3680;4;0.999574,0.010989,0.003711,0.026786;;,
   3840;4;0.999558,0.010611,-0.008071,0.026566;;,
   4000;4;0.999670,0.011423,-0.010342,0.020539;;,
   4160;4;0.999718,0.009057,-0.013266,0.017503;;,
   4320;4;0.999741,0.005261,-0.015219,0.016104;;,
   4480;4;0.999748,0.005154,-0.016010,0.014854;;,
   4640;4;0.999770,0.005671,-0.016629,0.012292;;,
   4800;4;0.999725,0.008614,-0.018688,0.011262;;,
   4960;4;0.999620,0.012318,-0.021096,0.012777;;,
   5120;4;0.999702,0.010543,-0.019617,0.010019;;,
   5280;4;0.999759,0.008952,-0.017826,0.009122;;,
   5440;4;0.999766,0.008526,-0.016674,0.010795;;,
   5600;4;0.999801,0.009642,-0.013584,0.010960;;,
   5760;4;0.999824,0.010059,-0.011325,0.011044;;,
   5920;4;0.999849,0.009287,-0.008692,0.011848;;;
  }

  AnimationKey T {
   2;
   28;
   0;3;16.122010,0.000099,-0.012836;;,
   640;3;16.122054,0.000079,-0.012835;;,
   800;3;16.122147,-0.000046,-0.012835;;,
   1120;3;16.122117,-0.000063,-0.012836;;,
   1280;3;16.122222,-0.000001,-0.012836;;,
   1440;3;16.122222,0.000030,-0.012836;;,
   1600;3;16.122093,-0.000046,-0.012833;;,
   1760;3;16.121842,-0.000223,-0.012840;;,
   1920;3;16.121682,-0.000175,-0.012825;;,
   2080;3;16.121506,-0.000027,-0.012806;;,
   2240;3;16.121293,-0.000016,-0.012814;;,
   2400;3;16.121125,-0.000233,-0.012787;;,
   2560;3;16.121155,-0.000107,-0.012788;;,
   2720;3;16.121522,-0.000169,-0.012811;;,
   2880;3;16.121795,-0.000163,-0.012816;;,
   3040;3;16.122085,-0.000105,-0.012838;;,
   3200;3;16.122192,-0.000098,-0.012836;;,
   3360;3;16.122299,-0.000082,-0.012807;;,
   3520;3;16.122421,-0.000122,-0.012836;;,
   3680;3;16.122315,-0.000283,-0.012846;;,
   3840;3;16.121994,-0.000267,-0.012836;;,
   4160;3;16.121925,-0.000288,-0.012829;;,
   4320;3;16.121842,-0.000130,-0.012821;;,
   4800;3;16.121811,-0.000126,-0.012827;;,
   4960;3;16.121674,-0.000309,-0.012811;;,
   5440;3;16.121734,-0.000266,-0.012827;;,
   5600;3;16.121888,-0.000244,-0.012828;;,
   5920;3;16.121933,-0.000255,-0.012837;;;
  }
 }

 Animation {
  
  { Bip001_Spine3 }

  AnimationKey S {
   1;
   2;
   0;3;1.000000,1.000000,1.000000;;,
   5920;3;1.000000,1.000000,1.000000;;;
  }

