xof 0303txt 0032
template Frame {
 <3d82ab46-62da-11cf-ab39-0020af71e433>
 [...]
}

template Matrix4x4 {
 <f6f23f45-7686-11cf-8f52-0040333594a3>
 array FLOAT matrix[16];
}

template FrameTransformMatrix {
 <f6f23f41-7686-11cf-8f52-0040333594a3>
 Matrix4x4 frameMatrix;
}

template Vector {
 <3d82ab5e-62da-11cf-ab39-0020af71e433>
 FLOAT x;
 FLOAT y;
 FLOAT z;
}

template MeshFace {
 <3d82ab5f-62da-11cf-ab39-0020af71e433>
 DWORD nFaceVertexIndices;
 array DWORD faceVertexIndices[nFaceVertexIndices];
}

template Mesh {
 <3d82ab44-62da-11cf-ab39-0020af71e433>
 DWORD nVertices;
 array Vector vertices[nVertices];
 DWORD nFaces;
 array MeshFace faces[nFaces];
 [...]
}

template ColorRGBA {
 <35ff44e0-6c7c-11cf-8f52-0040333594a3>
 FLOAT red;
 FLOAT green;
 FLOAT blue;
 FLOAT alpha;
}

template ColorRGB {
 <d3e16e81-7835-11cf-8f52-0040333594a3>
 FLOAT red;
 FLOAT green;
 FLOAT blue;
}

template Material {
 <3d82ab4d-62da-11cf-ab39-0020af71e433>
 ColorRGBA faceColor;
 FLOAT power;
 ColorRGB specularColor;
 ColorRGB emissiveColor;
 [...]
}

template MeshMaterialList {
 <f6f23f42-7686-11cf-8f52-0040333594a3>
 DWORD nMaterials;
 DWORD nFaceIndexes;
 array DWORD faceIndexes[nFaceIndexes];
 [Material <3d82ab4d-62da-11cf-ab39-0020af71e433>]
}

template VertexElement {
 <f752461c-1e23-48f6-b9f8-8350850f336f>
 DWORD Type;
 DWORD Method;
 DWORD Usage;
 DWORD UsageIndex;
}

template DeclData {
 <bf22e553-292c-4781-9fea-62bd554bdd93>
 DWORD nElements;
 array VertexElement Elements[nElements];
 DWORD nDWords;
 array DWORD data[nDWords];
}

template XSkinMeshHeader {
 <3cf169ce-ff7c-44ab-93c0-f78f62d172e2>
 WORD nMaxSkinWeightsPerVertex;
 WORD nMaxSkinWeightsPerFace;
 WORD nBones;
}

template SkinWeights {
 <6f0d123b-bad2-4167-a0d0-80224f25fabb>
 STRING transformNodeName;
 DWORD nWeights;
 array DWORD vertexIndices[nWeights];
 array FLOAT weights[nWeights];
 Matrix4x4 matrixOffset;
}

template AnimTicksPerSecond {
 <9e415a43-7ba6-4a73-8743-b73d47e88476>
 DWORD AnimTicksPerSecond;
}

template Animation {
 <3d82ab4f-62da-11cf-ab39-0020af71e433>
 [...]
}

template AnimationSet {
 <3d82ab50-62da-11cf-ab39-0020af71e433>
 [Animation <3d82ab4f-62da-11cf-ab39-0020af71e433>]
}

template FloatKeys {
 <10dd46a9-775b-11cf-8f52-0040333594a3>
 DWORD nValues;
 array FLOAT values[nValues];
}

template TimedFloatKeys {
 <f406b180-7b3b-11cf-8f52-0040333594a3>
 DWORD time;
 FloatKeys tfkeys;
}

template AnimationKey {
 <10dd46a8-775b-11cf-8f52-0040333594a3>
 DWORD keyType;
 DWORD nKeys;
 array TimedFloatKeys keys[nKeys];
}


Frame Bip001 {
 

 FrameTransformMatrix {
  0.011756,0.000000,0.999931,0.000000,-0.000000,1.000000,-0.000000,0.000000,-0.999931,-0.000000,0.011756,0.000000,-0.000000,121.442701,-0.001545,1.000000;;
 }

 Frame Bip001_Pelvis {
  

  FrameTransformMatrix {
   0.000000,0.998049,-0.062430,0.000000,-0.000001,0.062430,0.998049,0.000000,1.000000,0.000000,0.000001,0.000000,0.000000,0.000000,0.000000,1.000000;;
  }

  Frame Bip001_Spine {
   

   FrameTransformMatrix {
    0.946006,-0.002780,0.324139,0.000000,-0.103750,0.944763,0.310901,0.000000,-0.307099,-0.327744,0.893462,0.000000,14.238114,0.894576,-0.011476,1.000000;;
   }

   Frame Bip001_Spine1 {
    

    FrameTransformMatrix {
     0.997733,0.065030,0.017316,0.000000,-0.066914,0.986042,0.152458,0.000000,-0.007160,-0.153271,0.988158,0.000000,16.122315,0.001968,-0.012684,1.000000;;
    }

    Frame Bip001_Spine2 {
     

     FrameTransformMatrix {
      0.997641,0.065549,0.020388,0.000000,-0.068621,0.960371,0.270146,0.000000,-0.001873,-0.270908,0.962604,0.000000,16.122238,0.003479,-0.012360,1.000000;;
     }

     Frame Bip001_Spine3 {
      

      FrameTransformMatrix {
       0.999957,0.001862,0.009120,0.000000,-0.004968,0.935325,0.353756,0.000000,-0.007871,-0.353786,0.935293,0.000000,16.122330,0.004539,-0.012009,1.000000;;
      }

      Frame Bip001_Neck {
       

       FrameTransformMatrix {
        0.914363,0.068046,0.399136,0.000000,-0.056589,0.997579,-0.040432,0.000000,-0.400921,0.014383,0.916000,0.000000,16.125198,-0.000111,-0.006784,1.000000;;
       }

       Frame Bip001_L_Clavicle {
        

        FrameTransformMatrix {
         -0.465278,0.739511,-0.486457,0.000000,0.818410,0.150031,-0.554703,0.000000,-0.337225,-0.656212,-0.675029,0.000000,0.295364,4.330086,0.069817,1.000000;;
        }

        Frame Bip001_L_UpperArm {
         

         FrameTransformMatrix {
          0.888141,-0.456697,0.051314,0.000000,0.391399,0.810185,0.436356,0.000000,-0.240857,-0.367462,0.898310,0.000000,16.122219,0.000000,-0.000004,1.000000;;
         }

         Frame Bip001_L_Forearm {
          

          FrameTransformMatrix {
           0.035788,0.000000,-0.999359,0.000000,0.000000,1.000000,0.000000,0.000000,0.999359,0.000000,0.035788,0.000000,44.136810,0.000000,0.000000,1.000000;;
          }

          Frame Bip001_L_Hand {
           

           FrameTransformMatrix {
            0.826351,0.488459,0.280272,0.000000,-0.083808,-0.385475,0.918905,0.000000,0.556884,-0.782827,-0.277600,0.000000,37.683366,0.000000,-0.000015,1.000000;;
           }

           Frame Bip001_L_Finger0 {
            

            FrameTransformMatrix {
             0.819792,-0.208733,0.533265,0.000000,0.571953,0.252143,-0.780573,0.000000,0.028472,0.944910,0.326090,0.000000,4.289871,-5.456864,2.394802,1.000000;;
            }

            Frame Bip001_L_Finger01 {
             

             FrameTransformMatrix {
              0.908863,0.000000,0.417094,0.000000,0.000000,1.000000,0.000000,0.000000,-0.417094,0.000000,0.908864,0.000000,3.875534,0.000008,-0.000015,1.000000;;
             }

             Frame Bip001_L_Finger02 {
              

              FrameTransformMatrix {
               0.979855,-0.000000,0.199710,0.000000,0.000000,1.000000,0.000000,0.000000,-0.199710,-0.000000,0.979855,0.000000,3.875549,-0.000004,0.000015,1.000000;;
              }

              Frame Bip001_L_Finger0Nub {
               

               FrameTransformMatrix {
                1.000000,0.000000,0.000000,0.000000,-0.000000,1.000000,0.000000,0.000000,0.000000,0.000000,1.000000,0.000000,3.875538,0.000004,0.000000,1.000000;;
               }
              }
             }
            }
           }

           Frame Bip001_L_Finger1 {
            

            FrameTransformMatrix {
             0.999481,-0.000026,0.032221,0.000000,-0.000000,1.000000,0.000796,0.000000,-0.032220,-0.000796,0.999481,0.000000,11.734268,-5.461197,-0.417759,1.000000;;
            }

            Frame Bip001_L_Finger11 {
             

             FrameTransformMatrix {
              0.361810,-0.000000,0.932252,0.000000,-0.000000,1.000000,0.000000,0.000000,-0.932252,-0.000000,0.361810,0.000000,4.650650,-0.000015,0.000000,1.000000;;
             }

             Frame Bip001_L_Finger12 {
              

              FrameTransformMatrix {
               0.300231,-0.000000,0.953867,0.000000,0.000000,1.000000,0.000000,0.000000,-0.953867,0.000000,0.300231,0.000000,4.650644,0.000000,0.000000,1.000000;;
              }

              Frame Bip001_L_Finger1Nub {
               

               FrameTransformMatrix {
                1.000000,0.000000,0.000000,0.000000,-0.000000,1.000000,0.000000,0.000000,-0.000000,0.000000,1.000000,0.000000,4.650642,0.000000,0.000000,1.000000;;
               }
              }
             }
            }
           }

           Frame Bip001_L_Finger2 {
            

            FrameTransformMatrix {
             0.998501,0.054439,0.005635,0.000000,-0.054546,0.998291,0.020970,0.000000,-0.004483,-0.021246,0.999764,0.000000,11.686767,-1.501328,-0.364788,1.000000;;
            }

            Frame Bip001_L_Finger21 {
             

             FrameTransformMatrix {
              0.348076,0.000000,0.937466,0.000000,0.000000,1.000000,0.000000,0.000000,-0.937466,-0.000000,0.348076,0.000000,4.698433,0.000000,0.000000,1.000000;;
             }

             Frame Bip001_L_Finger22 {
              

              FrameTransformMatrix {
               0.030602,-0.000000,0.999532,0.000000,0.000000,1.000000,-0.000000,0.000000,-0.999532,0.000000,0.030602,0.000000,5.425751,0.000000,-0.000015,1.000000;;
              }

              Frame Bip001_L_Finger2Nub {
               

               FrameTransformMatrix {
                1.000000,0.000000,0.000000,0.000000,-0.000000,1.000000,0.000000,0.000000,-0.000000,-0.000000,1.000000,0.000000,5.425751,0.000000,0.000000,1.000000;;
               }
              }
             }
            }
           }

           Frame Bip001_L_Finger3 {
            

            FrameTransformMatrix {
             0.995686,0.085688,-0.035586,0.000000,-0.084190,0.995578,0.041667,0.000000,0.038999,-0.038491,0.998498,0.000000,11.686195,1.606110,-0.362911,1.000000;;
            }

            Frame Bip001_L_Finger31 {
             

             FrameTransformMatrix {
              0.419784,-0.000000,0.907624,0.000000,-0.000000,1.000000,-0.000000,0.000000,-0.907624,-0.000000,0.419784,0.000000,4.316544,-0.000015,0.000000,1.000000;;
             }

             Frame Bip001_L_Finger32 {
              

              FrameTransformMatrix {
               0.000102,0.000000,1.000000,0.000000,-0.000000,1.000000,-0.000000,0.000000,-1.000000,0.000000,0.000102,0.000000,4.650638,0.000015,-0.000008,1.000000;;
              }

              Frame Bip001_L_Finger3Nub {
               

               FrameTransformMatrix {
                1.000000,-0.000000,0.000000,0.000000,0.000000,1.000000,-0.000000,0.000000,-0.000000,0.000000,1.000000,0.000000,4.650642,0.000000,-0.000004,1.000000;;
               }
              }
             }
            }
           }

           Frame Bip001_L_Finger4 {
            

            FrameTransformMatrix {
             0.964643,0.040438,0.260439,0.000000,-0.043233,0.999053,0.005008,0.000000,-0.259990,-0.016090,0.965477,0.000000,10.216782,4.386826,-0.631817,1.000000;;
            }

            Frame Bip001_L_Finger41 {
             

             FrameTransformMatrix {
              0.392584,-0.000000,0.919716,0.000000,0.000000,1.000000,0.000000,0.000000,-0.919716,-0.000000,0.392584,0.000000,3.003712,0.000000,0.000000,1.000000;;
             }

             Frame Bip001_L_Finger42 {
              

              FrameTransformMatrix {
               0.022317,0.000000,0.999751,0.000000,0.000000,1.000000,0.000000,0.000000,-0.999751,-0.000000,0.022317,0.000000,3.003708,-0.000015,0.000000,1.000000;;
              }

              Frame Bip001_L_Finger4Nub {
               

               FrameTransformMatrix {
                1.000000,0.000000,0.000000,0.000000,-0.000000,1.000000,0.000000,0.000000,-0.000000,0.000000,1.000000,0.000000,3.003716,0.000000,0.000000,1.000000;;
               }
              }
             }
            }
           }
          }
         }
        }
       }

       Frame Bip001_R_Clavicle {
        

        FrameTransformMatrix {
         -0.308141,-0.951315,0.006988,0.000000,-0.866331,0.283633,0.411125,0.000000,-0.393091,0.120631,-0.911552,0.000000,-0.295364,-4.330086,-0.055008,1.000000;;
        }

        Frame Bip001_R_UpperArm {
         

         FrameTransformMatrix {
          0.757383,-0.018768,-0.652701,0.000000,-0.489409,0.645402,-0.586460,0.000000,0.432262,0.763612,0.479631,0.000000,16.122222,-0.000015,0.000000,1.000000;;
         }

         Frame Bip001_R_Forearm {
          

          FrameTransformMatrix {
           -0.246085,-0.000000,-0.969248,0.000000,0.000000,1.000000,0.000000,0.000000,0.969248,-0.000000,-0.246085,0.000000,44.136813,-0.000015,0.000000,1.000000;;
          }

          Frame Bip001_R_Hand {
           

           FrameTransformMatrix {
            0.981935,-0.181986,0.051817,0.000000,-0.187579,-0.972189,0.140226,0.000000,0.024857,-0.147413,-0.988763,0.000000,37.683357,0.000015,-0.000008,1.000000;;
           }

           Frame Bip001_R_Finger0 {
            

            FrameTransformMatrix {
             0.819792,0.208733,0.533265,0.000000,-0.571953,0.252143,0.780572,0.000000,0.028472,-0.944910,0.326090,0.000000,4.289886,5.456864,2.394806,1.000000;;
            }

            Frame Bip001_R_Finger01 {
             

             FrameTransformMatrix {
              0.908864,-0.000000,0.417094,0.000000,0.000000,1.000000,0.000000,0.000000,-0.417094,0.000000,0.908863,0.000000,3.875534,0.000000,0.000000,1.000000;;
             }

             Frame Bip001_R_Finger02 {
              

              FrameTransformMatrix {
               0.979855,-0.000000,0.199710,0.000000,-0.000000,1.000000,0.000000,0.000000,-0.199710,0.000000,0.979855,0.000000,3.875542,-0.000015,0.000000,1.000000;;
              }

              Frame Bip001_R_Finger0Nub {
               

               FrameTransformMatrix {
                -1.000000,-0.000000,0.000000,0.000000,0.000000,1.000000,0.000000,0.000000,-0.000000,0.000000,-1.000000,0.000000,3.875534,0.000000,0.000000,1.000000;;
               }
              }
             }
            }
           }

           Frame Bip001_R_Finger1 {
            

            FrameTransformMatrix {
             0.999481,0.000026,0.032220,0.000000,0.000000,1.000000,-0.000796,0.000000,-0.032220,0.000796,0.999480,0.000000,11.734268,5.461182,-0.417755,1.000000;;
            }

            Frame Bip001_R_Finger11 {
             

             FrameTransformMatrix {
              0.361810,-0.000000,0.932252,0.000000,0.000000,1.000000,0.000000,0.000000,-0.932252,0.000000,0.361810,0.000000,4.650635,0.000000,0.000008,1.000000;;
             }

             Frame Bip001_R_Finger12 {
              

              FrameTransformMatrix {
               0.300231,0.000000,0.953867,0.000000,0.000000,1.000000,0.000000,0.000000,-0.953866,0.000000,0.300231,0.000000,4.650637,0.000000,0.000000,1.000000;;
              }

              Frame Bip001_R_Finger1Nub {
               

               FrameTransformMatrix {
                -1.000000,0.000000,0.000000,0.000000,0.000000,1.000000,-0.000000,0.000000,-0.000000,0.000000,-1.000000,0.000000,4.650665,0.000000,0.000000,1.000000;;
               }
              }
             }
            }
           }

           Frame Bip001_R_Finger2 {
            

            FrameTransformMatrix {
             0.998501,-0.054439,0.005635,0.000000,0.054546,0.998291,-0.020970,0.000000,-0.004483,0.021246,0.999764,0.000000,11.686767,1.501312,-0.364784,1.000000;;
            }

            Frame Bip001_R_Finger21 {
             

             FrameTransformMatrix {
              0.348076,-0.000000,0.937466,0.000000,0.000000,1.000000,0.000000,0.000000,-0.937466,0.000000,0.348076,0.000000,4.698440,0.000000,0.000004,1.000000;;
             }

             Frame Bip001_R_Finger22 {
              

              FrameTransformMatrix {
               0.030602,-0.000000,0.999532,0.000000,0.000000,1.000000,0.000000,0.000000,-0.999532,-0.000000,0.030602,0.000000,5.425749,-0.000015,0.000000,1.000000;;
              }

              Frame Bip001_R_Finger2Nub {
               

               FrameTransformMatrix {
                -1.000000,0.000000,0.000000,0.000000,0.000000,1.000000,-0.000000,0.000000,-0.000000,-0.000000,-1.000000,0.000000,5.425751,0.000000,-0.000004,1.000000;;
               }
              }
             }
            }
           }

           Frame Bip001_R_Finger3 {
            

            FrameTransformMatrix {
             0.995686,-0.085688,-0.035586,0.000000,0.084190,0.995578,-0.041667,0.000000,0.038999,0.038491,0.998498,0.000000,11.686203,-1.606110,-0.362923,1.000000;;
            }

            Frame Bip001_R_Finger31 {
             

             FrameTransformMatrix {
              0.419784,0.000000,0.907624,0.000000,-0.000000,1.000000,0.000000,0.000000,-0.907624,0.000000,0.419784,0.000000,4.316544,0.000000,-0.000004,1.000000;;
             }

             Frame Bip001_R_Finger32 {
              

              FrameTransformMatrix {
               0.000102,0.000000,1.000000,0.000000,-0.000000,1.000000,-0.000000,0.000000,-1.000000,0.000000,0.000102,0.000000,4.650642,0.000000,0.000000,1.000000;;
              }

              Frame Bip001_R_Finger3Nub {
               

               FrameTransformMatrix {
                -1.000000,0.000000,-0.000000,0.000000,0.000000,1.000000,0.000000,0.000000,0.000000,0.000000,-1.000000,0.000000,4.650635,0.000000,0.000000,1.000000;;
               }
              }
             }
            }
           }

           Frame Bip001_R_Finger4 {
            

            FrameTransformMatrix {
             0.964643,-0.040438,0.260439,0.000000,0.043233,0.999053,-0.005008,0.000000,-0.259990,0.016090,0.965477,0.000000,10.216782,-4.386826,-0.631805,1.000000;;
            }

            Frame Bip001_R_Finger41 {
             

             FrameTransformMatrix {
              0.392584,-0.000000,0.919716,0.000000,-0.000000,1.000000,-0.000000,0.000000,-0.919716,-0.000000,0.392584,0.000000,3.003723,-0.000015,0.000000,1.000000;;
             }

             Frame Bip001_R_Finger42 {
              

              FrameTransformMatrix {
               0.022317,0.000000,0.999751,0.000000,0.000000,1.000000,0.000000,0.000000,-0.999751,0.000000,0.022317,0.000000,3.003716,0.000015,0.000000,1.000000;;
              }

              Frame Bip001_R_Finger4Nub {
               

               FrameTransformMatrix {
                -1.000000,0.000000,-0.000000,0.000000,0.000000,1.000000,0.000000,0.000000,-0.000000,0.000000,-1.000000,0.000000,3.003708,-0.000015,0.000000,1.000000;;
               }
              }
             }
            }
           }
          }
         }
        }
       }

       Frame Bip001_Head {
        

        FrameTransformMatrix {
         0.864106,-0.279970,-0.418255,0.000000,-0.251698,0.479260,-0.840808,0.000000,0.435854,0.831821,0.343663,0.000000,15.765366,-0.911514,-0.005135,1.000000;;
        }

        Frame Bip001_HeadNub {
         

         FrameTransformMatrix {
          1.000000,0.000000,0.000000,0.000000,-0.000000,1.000000,-0.000000,0.000000,-0.000000,0.000000,1.000000,0.000000,29.144029,0.000000,0.000000,1.000000;;
         }
        }
       }
      }
     }
    }
   }

   Frame Bip001_L_Thigh {
    

    FrameTransformMatrix {
     -0.682390,0.153777,0.714631,0.000000,0.277214,-0.850156,0.447647,0.000000,0.676385,0.503576,0.537508,0.000000,-13.497597,12.352293,0.611382,1.000000;;
    }

    Frame Bip001_L_Calf {
     

     FrameTransformMatrix {
      0.880924,0.000000,-0.473257,0.000000,0.000000,1.000000,-0.000000,0.000000,0.473257,0.000000,0.880924,0.000000,54.040717,0.000000,0.000000,1.000000;;
     }

     Frame Bip001_L_Foot {
      

      FrameTransformMatrix {
       0.951173,-0.166204,0.260089,0.000000,0.234533,0.936982,-0.258956,0.000000,-0.200660,0.307312,0.930213,0.000000,58.826867,0.000000,0.000002,1.000000;;
      }

      Frame Bip001_L_Toe0 {
       

       FrameTransformMatrix {
        0.000000,0.000000,1.000000,0.000000,-0.000000,1.000000,0.000000,0.000000,-1.000000,-0.000000,-0.000000,0.000000,14.261973,0.000000,18.354526,1.000000;;
       }

       Frame Bip001_L_Toe01 {
        

        FrameTransformMatrix {
         1.000000,-0.000000,-0.000000,0.000000,0.000000,1.000000,0.000000,0.000000,-0.000000,0.000000,1.000000,0.000000,1.860256,-0.000000,-0.000001,1.000000;;
        }

        Frame Bip001_L_Toe02 {
         

         FrameTransformMatrix {
          1.000000,-0.000000,-0.000000,0.000000,0.000000,1.000000,0.000000,0.000000,-0.000000,0.000000,1.000000,0.000000,1.860260,0.000000,0.000000,1.000000;;
         }

         Frame Bip001_L_Toe0Nub {
          

          FrameTransformMatrix {
           -1.000000,-0.000000,-0.000000,0.000000,-0.000000,1.000000,0.000000,0.000000,0.000000,-0.000000,-1.000000,0.000000,1.860256,0.000000,0.000000,1.000000;;
          }
         }
        }
       }
      }
     }
    }
   }

   Frame Bip001_R_Thigh {
    

    FrameTransformMatrix {
     -0.960600,-0.055988,0.272238,0.000000,0.050886,-0.998372,-0.025770,0.000000,0.273238,-0.010902,0.961885,0.000000,-13.428619,-11.081066,8.740502,1.000000;;
    }

    Frame Bip001_R_Calf {
     

     FrameTransformMatrix {
      -0.398143,-0.000000,-0.917324,0.000000,0.000000,1.000000,-0.000000,0.000000,0.917324,0.000000,-0.398143,0.000000,53.736070,0.000002,0.000000,1.000000;;
     }

     Frame Bip001_R_Foot {
      

      FrameTransformMatrix {
       0.978806,-0.044684,-0.199858,0.000000,0.018254,0.991058,-0.132181,0.000000,0.203977,0.125732,0.970868,0.000000,59.151968,0.000000,-0.000004,1.000000;;
      }

      Frame Bip001_R_Toe0 {
       

       FrameTransformMatrix {
        -0.000000,0.000000,1.000000,0.000000,-0.000000,1.000000,0.000000,0.000000,-1.000000,-0.000000,-0.000000,0.000000,14.261971,0.000000,18.354530,1.000000;;
       }

       Frame Bip001_R_Toe01 {
        

        FrameTransformMatrix {
         1.000000,0.000000,0.000000,0.000000,0.000000,1.000000,0.000000,0.000000,-0.000000,0.000000,1.000000,0.000000,1.860245,0.000000,0.000000,1.000000;;
        }

        Frame Bip001_R_Toe02 {
         

         FrameTransformMatrix {
          1.000000,0.000000,0.000000,0.000000,0.000000,1.000000,0.000000,0.000000,-0.000000,0.000000,1.000000,0.000000,1.860260,0.000000,0.000000,1.000000;;
         }

         Frame Bip001_R_Toe0Nub {
          

          FrameTransformMatrix {
           1.000000,0.000000,0.000000,0.000000,0.000000,1.000000,0.000000,0.000000,-0.000000,0.000000,1.000000,0.000000,1.860260,0.000000,0.000000,1.000000;;
          }
         }
        }
       }
      }
     }
    }
   }
  }
 }
}

Frame Box001 {
 

 FrameTransformMatrix {
  0.667112,0.000000,0.000000,0.000000,0.000000,0.696682,0.000000,0.000000,0.000000,0.000000,0.492662,0.000000,0.000000,0.000000,0.000000,1.000000;;
 }

 Mesh Box001 {
  24;
  40.052048;36.618893;158.605261;,
  36.040854;35.682355;156.543360;,
  38.793587;34.965898;155.327885;,
  37.299315;37.335350;159.820736;,
  40.106224;38.165405;157.007309;,
  36.095027;37.228867;154.945421;,
  37.353491;38.881862;158.222797;,
  38.847760;36.512406;153.729933;,
  40.052048;36.618893;158.605261;,
  37.353491;38.881862;158.222797;,
  37.299315;37.335350;159.820736;,
  40.106224;38.165405;157.007309;,
  37.299315;37.335350;159.820736;,
  36.095027;37.228867;154.945421;,
  36.040854;35.682355;156.543360;,
  37.353491;38.881862;158.222797;,
  36.040854;35.682355;156.543360;,
  38.847760;36.512406;153.729933;,
  38.793587;34.965898;155.327885;,
  36.095027;37.228867;154.945421;,
  38.793587;34.965898;155.327885;,
  40.106224;38.165405;157.007309;,
  40.052048;36.618893;158.605261;,
  38.847760;36.512406;153.729933;;
  12;
  3;0,1,2;,
  3;1,0,3;,
  3;4,5,6;,
  3;5,4,7;,
  3;8,9,10;,
  3;9,8,11;,
  3;12,13,14;,
  3;13,12,15;,
  3;16,17,18;,
  3;17,16,19;,
  3;20,21,22;,
  3;21,20,23;;

  MeshMaterialList {
   1;
   12;
   0,
   0,
   0,
   0,
   0,
   0,
   0,
   0,
   0,
   0,
   0,
   0;

   Material  {
    0.529412;0.231373;0.031373;1.000000;;
    0.000000;
    0.000000;0.000000;0.000000;;
    0.000000;0.000000;0.000000;;
   }
  }

  DeclData {
   2;
   2;0;3;0;,
   1;0;5;0;;
   120;
   3169430341,
   3210958697,
   1055584054,
   1065353216,
   1065353216,
   3169430341,
   3210958697,
   1055584054,
   0,
   0,
   3169430342,
   3210958697,
   1055584054,
   1065353216,
   0,
   3169430342,
   3210958697,
   1055584054,
   0,
   1065353216,
   1021946829,
   1063475045,
   3203067716,
   0,
   1065353216,
   1021946881,
   1063475044,
   3203067721,
   1065353216,
   0,
   1021946688,
   1063475049,
   3203067701,
   1065353216,
   1065353216,
   1021947023,
   1063475040,
   3203067737,
   0,
   0,
   1055090217,
   1059250381,
   1059159432,
   0,
   1065353216,
   1055090217,
   1059250381,
   1059159432,
   1065353216,
   0,
   1055090217,
   1059250381,
   1059159432,
   1065353216,
   1065353216,
   1055090217,
   1059250381,
   1059159432,
   0,
   0,
   3211782830,
   1049113662,
   1046944454,
   0,
   1065353216,
   3211782833,
   1049113641,
   1046944457,
   1065353216,
   0,
   3211782836,
   1049113616,
   1046944462,
   1065353216,
   1065353216,
   3211782827,
   1049113686,
   1046944449,
   0,
   0,
   3202573876,
   3206734040,
   3206643064,
   0,
   1065353216,
   3202573870,
   3206734044,
   3206643062,
   1065353216,
   0,
   3202573860,
   3206734051,
   3206643059,
   1065353216,
   1065353216,
   3202573887,
   3206734033,
   3206643067,
   0,
   0,
   1064299183,
   3196597299,
   3194428102,
   0,
   1065353216,
   1064299184,
   3196597307,
   3194428076,
   1065353216,
   0,
   1064299184,
   3196597313,
   3194428054,
   1065353216,
   1065353216,
   1064299183,
   3196597292,
   3194428123,
   0,
   0;
  }

  XSkinMeshHeader {
   1;
   1;
   1;
  }

  SkinWeights {
   "Bip001_L_Toe0Nub";
   24;
   0,
   1,
   2,
   3,
   4,
   5,
   6,
   7,
   8,
   9,
   10,
   11,
   12,
   13,
   14,
   15,
   16,
   17,
   18,
   19,
   20,
   21,
   22,
   23;
   1.000000,
   1.000000,
   1.000000,
   1.000000,
   1.000000,
   1.000000,
   1.000000,
   1.000000,
   1.000000,
   1.000000,
   1.000000,
   1.000000,
   1.000000,
   1.000000,
   1.000000,
   1.000000,
   1.000000,
   1.000000,
   1.000000,
   1.000000,
   1.000000,
   1.000000,
   1.000000,
   1.000000;
   -0.045323,0.664075,-0.044592,0.000000,-0.150922,-0.055817,-0.677844,0.000000,-0.479797,-0.025432,0.108921,0.000000,52.144016,3.780462,-4.096510,1.000000;;
  }
 }
}

AnimTicksPerSecond  {
 4800;
}

AnimationSet Anim1 {
 

 Animation {
  
  { Bip001 }

  AnimationKey S {
   1;
   2;
   0;3;1.000000,1.000000,1.000000;;,
   4480;3;1.000000,1.000000,1.000000;;;
  }

  AnimationKey R {
   0;
   29;
   0;4;0.711251,0.000000,0.702938,-0.000000;;,
   160;4;0.705141,-0.007958,0.709020,0.001750;;,
   320;4;0.698196,-0.016592,0.715707,0.003132;;,
   480;4;0.691469,-0.024920,0.721962,0.004477;;,
   640;4;0.686083,-0.031968,0.726794,0.006200;;,
   800;4;0.683208,-0.036765,0.729245,0.008768;;,
   960;4;0.686620,-0.036935,0.725921,0.015063;;,
   1120;4;0.695086,-0.032416,0.717823,0.023138;;,
   1280;4;0.702381,-0.026031,0.710839,0.026294;;,
   1440;4;0.705869,-0.017153,0.707889,0.018636;;,
   1600;4;0.708134,-0.006673,0.706020,0.006108;;,
   1760;4;0.712680,-0.002234,0.701467,0.005063;;,
   1920;4;0.717650,0.001002,0.696375,0.006301;;,
   2080;4;0.722825,0.003109,0.690958,0.009616;;,
   2240;4;0.723673,0.003767,0.689913,0.017430;;,
   2400;4;0.724699,0.003294,0.688516,0.027322;;,
   2560;4;0.739159,0.002728,0.672775,0.031806;;,
   2720;4;0.766800,0.002431,0.641170,0.030218;;,
   2880;4;0.797374,0.002089,0.602871,0.027140;;,
   3040;4;0.828553,0.001718,0.559438,0.022948;;,
   3200;4;0.858338,0.001333,0.512766,0.018044;;,
   3360;4;0.885172,0.000951,0.465086,0.012855;;,
   3520;4;0.907993,0.000590,0.418912,0.007821;;,
   3680;4;0.926226,0.000267,0.376953,0.003388;;,
   3840;4;0.939693,0.000000,0.342020,0.000000;;,
   4000;4;0.945775,-0.000131,0.324820,-0.001529;;,
   4160;4;0.945115,-0.000117,0.326736,-0.001360;;,
   4320;4;0.941755,-0.000044,0.336299,-0.000510;;,
   4480;4;0.939693,0.000000,0.342020,0.000000;;;
  }

  AnimationKey T {
   2;
   29;
   0;3;-0.000000,121.442701,-0.001545;;,
   160;3;-0.000000,126.132915,18.595467;;,
   320;3;-0.000000,130.823155,37.329216;;,
   480;3;-0.000000,133.946624,56.158675;;,
   640;3;-0.000000,133.250458,75.042829;;,
   800;3;-0.000000,130.532083,93.940653;;,
   960;3;-0.000000,127.608448,112.811136;;,
   1120;3;-0.000000,125.040589,131.613248;;,
   1280;3;-0.000000,123.384947,150.305971;;,
   1440;3;-0.000000,121.840602,168.848269;;,
   1600;3;-0.000000,120.996800,187.199194;;,
   1760;3;-0.000000,115.678746,205.317606;;,
   1920;3;-0.000000,109.689459,223.162573;;,
   2080;3;-0.000000,106.383757,240.693043;;,
   2240;3;-0.000000,108.419059,255.718707;;,
   2400;3;-0.000000,113.137920,267.406566;;,
   2560;3;-0.000000,115.922726,277.751424;;,
   2720;3;-0.000000,115.837658,288.879642;;,
   2880;3;-0.000000,115.155443,298.664909;;,
   3040;3;-0.000000,114.071181,302.723226;;,
   3200;3;-0.000000,112.779968,299.863475;;,
   3360;3;-0.000000,111.476928,293.379558;;,
   3520;3;-0.000000,110.357158,285.615181;;,
   3680;3;-0.000000,109.615795,278.914022;;,
   3840;3;-0.000000,109.447936,275.619789;;,
   4000;3;-0.000000,110.500979,277.331942;;,
   4160;3;-0.000000,112.795610,282.646579;;,
   4320;3;-0.000000,115.586867,289.402189;;,
   4480;3;-0.000000,118.129818,295.437312;;;
  }
 }

 Animation {
  
  { Bip001_Pelvis }

  AnimationKey S {
   1;
   2;
   0;3;1.000000,1.000000,1.000000;;,
   4480;3;1.000000,1.000000,1.000000;;;
  }

  AnimationKey R {
   0;
   29;
   0;4;0.515371,-0.484141,-0.515371,-0.484141;;,
   160;4;0.511818,-0.487896,-0.511817,-0.487897;;,
   320;4;0.508126,-0.491740,-0.508125,-0.491741;;,
   480;4;0.504460,-0.495500,-0.504460,-0.495500;;,
   640;4;0.500992,-0.499006,-0.500992,-0.499006;;,
   800;4;0.497896,-0.502095,-0.497895,-0.502096;;,
   960;4;0.494853,-0.505095,-0.494852,-0.505096;;,
   1120;4;0.491648,-0.508215,-0.491648,-0.508215;;,
   1280;4;0.488624,-0.511123,-0.488624,-0.511123;;,
   1440;4;0.486129,-0.513496,-0.486129,-0.513497;;,
   1600;4;0.484517,-0.515018,-0.484516,-0.515018;;,
   1760;4;0.484142,-0.515370,-0.484141,-0.515371;;,
   1920;4;0.485338,-0.514244,-0.485337,-0.514245;;,
   2080;4;0.487884,-0.511829,-0.487883,-0.511830;;,
   2240;4;0.491301,-0.508550,-0.491301,-0.508551;;,
   2400;4;0.495116,-0.504837,-0.495115,-0.504838;;,
   2560;4;0.498864,-0.501133,-0.498863,-0.501134;;,
   2720;4;0.497422,-0.502565,-0.497421,-0.502566;;,
   2880;4;0.495416,-0.504542,-0.495416,-0.504543;;,
   3040;4;0.493133,-0.506774,-0.493132,-0.506775;;,
   3200;4;0.490863,-0.508974,-0.490862,-0.508974;;,
   3360;4;0.488899,-0.510860,-0.488899,-0.510860;;,
   3520;4;0.487542,-0.512155,-0.487542,-0.512155;;,
   3680;4;0.486880,-0.512785,-0.486879,-0.512785;;,
   3840;4;0.486694,-0.512961,-0.486693,-0.512962;;,
   4000;4;0.486827,-0.512835,-0.486826,-0.512836;;,
   4160;4;0.487118,-0.512558,-0.487118,-0.512559;;,
   4320;4;0.487410,-0.512281,-0.487409,-0.512281;;,
   4480;4;0.487542,-0.512155,-0.487542,-0.512155;;;
  }

  AnimationKey T {
   2;
   2;
   0;3;0.000000,0.000000,0.000000;;,
   4480;3;0.000000,0.000000,0.000000;;;
  }
 }

 Animation {
  
  { Bip001_Spine }

  AnimationKey S {
   1;
   2;
   0;3;1.000000,1.000000,1.000000;;,
   4480;3;1.000000,1.000000,1.000000;;;
  }

  AnimationKey R {
   0;
   29;
   0;4;0.972655,-0.164150,0.162246,-0.025952;;,
   160;4;0.977607,-0.156218,0.140634,-0.010175;;,
   320;4;0.981771,-0.151338,0.114790,0.006762;;,
   480;4;0.984902,-0.146733,0.088765,0.023639;;,
   640;4;0.987197,-0.139539,0.066577,0.039233;;,
   800;4;0.989169,-0.126815,0.052190,0.052339;;,
   960;4;0.991198,-0.105496,0.049624,0.062728;;,
   1120;4;0.993052,-0.070489,0.062240,0.070744;;,
   1280;4;0.993015,-0.022685,0.087018,0.076378;;,
   1440;4;0.989282,0.031802,0.118477,0.079199;;,
   1600;4;0.981507,0.086503,0.151435,0.078926;;,
   1760;4;0.971241,0.134830,0.181134,0.075517;;,
   1920;4;0.961709,0.170399,0.203207,0.069181;;,
   2080;4;0.956906,0.187434,0.213198,0.061209;;,
   2240;4;0.956404,0.191216,0.214461,0.052301;;,
   2400;4;0.957112,0.191067,0.213574,0.042605;;,
   2560;4;0.958838,0.187644,0.210554,0.032966;;,
   2720;4;0.961106,0.183493,0.203720,0.033218;;,
   2880;4;0.964059,0.176999,0.195111,0.034550;;,
   3040;4;0.967492,0.168412,0.185123,0.036421;;,
   3200;4;0.971209,0.158004,0.174136,0.038279;;,
   3360;4;0.975032,0.146083,0.162507,0.039560;;,
   3520;4;0.978811,0.132993,0.150558,0.039691;;,
   3680;4;0.982408,0.119177,0.138528,0.038494;;,
   3840;4;0.985694,0.105169,0.126584,0.036375;;,
   4000;4;0.988581,0.091475,0.114929,0.033633;;,
   4160;4;0.991019,0.078588,0.103787,0.030569;;,
   4320;4;0.992992,0.066988,0.093405,0.027494;;,
   4480;4;0.994515,0.057140,0.084045,0.024719;;;
  }

  AnimationKey T {
   2;
   29;
   0;3;14.238114,0.894576,-0.011476;;,
   160;3;14.249130,0.686070,-0.011711;;,
   320;3;14.257232,0.471084,-0.011917;;,
   480;3;14.262024,0.259228,-0.012093;;,
   640;3;14.263656,0.060120,-0.012230;;,
   800;3;14.262970,-0.116643,-0.012360;;,
   960;3;14.260406,-0.289554,-0.012497;;,
   1120;3;14.255845,-0.470807,-0.012596;;,
   1280;3;14.249786,-0.641194,-0.012650;;,
   1440;3;14.243530,-0.781392,-0.012466;;,
   1600;3;14.239098,-0.872101,-0.012070;;,
   1760;3;14.238411,-0.894043,-0.011520;;,
   1920;3;14.242859,-0.828776,-0.011047;;,
   2080;3;14.250549,-0.687785,-0.010757;;,
   2240;3;14.258507,-0.496935,-0.010727;;,
   2400;3;14.264328,-0.282232,-0.010712;;,
   2560;3;14.266869,-0.069546,-0.010773;;,
   2720;3;14.266106,-0.151432,-0.010925;;,
   2880;3;14.264290,-0.264870,-0.011078;;,
   3040;3;14.261123,-0.393410,-0.011169;;,
   3200;3;14.256805,-0.520630,-0.011444;;,
   3360;3;14.252144,-0.630081,-0.011642;;,
   3520;3;14.248336,-0.705353,-0.011810;;,
   3680;3;14.246208,-0.741837,-0.011978;;,
   3840;3;14.245406,-0.751770,-0.012146;;,
   4000;3;14.245530,-0.744034,-0.012283;;,
   4160;3;14.246117,-0.727493,-0.012390;;,
   4320;3;14.246651,-0.710983,-0.012497;;,
   4480;3;14.246811,-0.703354,-0.012573;;;
  }
 }

 Animation {
  
  { Bip001_Spine1 }

  AnimationKey S {
   1;
   2;
   0;3;1.000000,1.000000,1.000000;;,
   4480;3;1.000000,1.000000,1.000000;;;
  }

  AnimationKey R {
   0;
   29;
   0;4;0.996486,-0.076702,0.006140,-0.033102;;,
   160;4;0.997067,-0.071227,-0.004216,-0.027683;;,
   320;4;0.997394,-0.066874,-0.016537,-0.021436;;,
   480;4;0.997512,-0.062506,-0.028853,-0.015184;;,
   640;4;0.997557,-0.056994,-0.039202,-0.009753;;,
   800;4;0.997728,-0.049213,-0.045621,-0.005969;;,
   960;4;0.998199,-0.038041,-0.046151,-0.004659;;,
   1120;4;0.999001,-0.020884,-0.038982,-0.006441;;,
   1280;4;0.999619,0.002048,-0.025366,-0.010738;;,
   1440;4;0.999449,0.027661,-0.007950,-0.016564;;,
   1600;4;0.998283,0.052849,0.010593,-0.022933;;,
   1760;4;0.996420,0.074528,0.027579,-0.028865;;,
   1920;4;0.994596,0.089651,0.040334,-0.033388;;,
   2080;4;0.993749,0.095209,0.046199,-0.035542;;,
   2240;4;0.993826,0.093830,0.047035,-0.035966;;,
   2400;4;0.994174,0.090303,0.046569,-0.035975;;,
   2560;4;0.994741,0.084866,0.044945,-0.035612;;,
   2720;4;0.995462,0.077753,0.042305,-0.034924;;,
   2880;4;0.996270,0.069202,0.038792,-0.033955;;,
   3040;4;0.997096,0.059449,0.034549,-0.032750;;,
   3200;4;0.997877,0.048731,0.029721,-0.031354;;,
   3360;4;0.998560,0.037289,0.024452,-0.029812;;,
   3520;4;0.999103,0.025361,0.018888,-0.028172;;,
   3680;4;0.999476,0.013189,0.013175,-0.026480;;,
   3840;4;0.999665,0.001014,0.007459,-0.024783;;,
   4000;4;0.999671,-0.010920,0.001887,-0.023129;;,
   4160;4;0.999511,-0.022374,-0.003394,-0.021565;;,
   4320;4;0.999215,-0.033105,-0.008236,-0.020140;;,
   4480;4;0.998824,-0.042874,-0.012495,-0.018902;;;
  }

  AnimationKey T {
   2;
   28;
   0;3;16.122315,0.001968,-0.012684;;,
   160;3;16.122070,0.001819,-0.012714;;,
   320;3;16.121750,0.001705,-0.012714;;,
   480;3;16.121475,0.001590,-0.012718;;,
   640;3;16.121216,0.001451,-0.012726;;,
   800;3;16.121018,0.001251,-0.012726;;,
   960;3;16.121032,0.000971,-0.012756;;,
   1120;3;16.121230,0.000532,-0.012794;;,
   1280;3;16.121582,-0.000059,-0.012817;;,
   1440;3;16.122010,-0.000714,-0.012833;;,
   1600;3;16.122528,-0.001348,-0.012772;;,
   1760;3;16.122986,-0.001886,-0.012680;;,
   1920;3;16.123352,-0.002251,-0.012619;;,
   2080;3;16.123504,-0.002384,-0.012558;;,
   2400;3;16.123520,-0.002361,-0.012558;;,
   2560;3;16.123459,-0.002129,-0.012604;;,
   2720;3;16.123352,-0.001947,-0.012619;;,
   2880;3;16.123275,-0.001736,-0.012650;;,
   3040;3;16.123139,-0.001495,-0.012726;;,
   3200;3;16.123016,-0.001228,-0.012772;;,
   3360;3;16.122878,-0.000931,-0.012756;;,
   3520;3;16.122710,-0.000626,-0.012787;;,
   3680;3;16.122574,-0.000320,-0.012848;;,
   3840;3;16.122406,-0.000031,-0.012848;;,
   4000;3;16.122269,0.000290,-0.012833;;,
   4160;3;16.122117,0.000549,-0.012848;;,
   4320;3;16.121994,0.000839,-0.012817;;,
   4480;3;16.121872,0.001083,-0.012802;;;
  }
 }

 Animation {
  
  { Bip001_Spine2 }

  AnimationKey S {
   1;
   2;
   0;3;1.000000,1.000000,1.000000;;,
   4480;3;1.000000,1.000000,1.000000;;;
  }

  AnimationKey R {
   0;
   29;
   0;4;0.990027,-0.136626,0.005621,-0.033880;;,
   160;4;0.991382,-0.128384,-0.009309,-0.024364;;,
   320;4;0.992097,-0.121784,-0.027053,-0.013408;;,
   480;4;0.992338,-0.115124,-0.044784,-0.002446;;,
   640;4;0.992470,-0.106728,-0.059683,0.007089;;,
   800;4;0.992997,-0.094942,-0.068942,0.013763;;,
   960;4;0.994370,-0.078122,-0.069753,0.016146;;,
   1120;4;0.996759,-0.052571,-0.059464,0.013140;;,
   1280;4;0.999017,-0.018625,-0.039811,0.005723;;,
   1440;4;0.999697,0.019278,-0.014632,-0.004392;;,
   1600;4;0.998200,0.056658,0.012153,-0.015461;;,
   1760;4;0.995021,0.089063,0.036583,-0.025732;;,
   1920;4;0.991618,0.112149,0.054731,-0.033474;;,
   2080;4;0.989895,0.121681,0.062720,-0.036977;;,
   2240;4;0.989876,0.121409,0.063304,-0.037390;;,
   2400;4;0.990372,0.118116,0.061960,-0.037055;;,
   2560;4;0.991291,0.112135,0.058900,-0.036052;;,
   2720;4;0.992516,0.103794,0.054333,-0.034462;;,
   2880;4;0.993919,0.093424,0.048470,-0.032367;;,
   3040;4;0.995373,0.081353,0.041523,-0.029848;;,
   3200;4;0.996756,0.067915,0.033705,-0.026985;;,
   3360;4;0.997967,0.053445,0.025230,-0.023863;;,
   3520;4;0.998922,0.038283,0.016316,-0.020564;;,
   3680;4;0.999567,0.022770,0.007180,-0.017175;;,
   3840;4;0.999877,0.007249,-0.001958,-0.013779;;,
   4000;4;0.999855,-0.007935,-0.010880,-0.010463;;,
   4160;4;0.999534,-0.022439,-0.019366,-0.007314;;,
   4320;4;0.998975,-0.035921,-0.027198,-0.004418;;,
   4480;4;0.998259,-0.048041,-0.034161,-0.001861;;;
  }

  AnimationKey T {
   2;
   28;
   0;3;16.122238,0.003479,-0.012360;;,
   160;3;16.121888,0.003264,-0.012409;;,
   320;3;16.121475,0.003093,-0.012436;;,
   480;3;16.121032,0.002932,-0.012445;;,
   640;3;16.120698,0.002733,-0.012436;;,
   800;3;16.120499,0.002445,-0.012474;;,
   960;3;16.120453,0.002020,-0.012543;;,
   1120;3;16.120698,0.001366,-0.012665;;,
   1280;3;16.121200,0.000483,-0.012794;;,
   1440;3;16.121856,-0.000492,-0.012833;;,
   1600;3;16.122544,-0.001450,-0.012749;;,
   1760;3;16.123214,-0.002251,-0.012619;;,
   1920;3;16.123702,-0.002815,-0.012428;;,
   2080;3;16.123917,-0.003029,-0.012367;;,
   2400;3;16.123963,-0.003029,-0.012344;;,
   2560;3;16.123779,-0.002800,-0.012421;;,
   2720;3;16.123688,-0.002609,-0.012497;;,
   2880;3;16.123566,-0.002338,-0.012512;;,
   3040;3;16.123352,-0.002048,-0.012604;;,
   3200;3;16.123123,-0.001717,-0.012695;;,
   3360;3;16.122878,-0.001366,-0.012741;;,
   3520;3;16.122680,-0.000977,-0.012787;;,
   3680;3;16.122406,-0.000565,-0.012817;;,
   3840;3;16.122178,-0.000183,-0.012848;;,
   4000;3;16.121949,0.000214,-0.012817;;,
   4160;3;16.121720,0.000580,-0.012787;;,
   4320;3;16.121491,0.000885,-0.012817;;,
   4480;3;16.121307,0.001251,-0.012756;;;
  }
 }

 Animation {
  
  { Bip001_Spine3 }

  AnimationKey S {
   1;
   2;
   0;3;1.000000,1.000000,1.000000;;,
   4480;3;1.000000,1.000000,1.000000;;;
  }

  AnimationKey R {
   0;
   29;
   0;4;0.983689,-0.179819,0.004318,-0.001736;;,
   160;4;0.984997,-0.172004,-0.009888,0.009855;;,
   320;4;0.985513,-0.165889,-0.026641,0.023145;;,
   480;4;0.985541,-0.159688,-0.043382,0.036423;;,
   640;4;0.985588,-0.151658,-0.057556,0.047987;;,
   800;4;0.986300,-0.140080,-0.066621,0.056140;;,
   960;4;0.988271,-0.123243,-0.068038,0.059187;;,
   1120;4;0.991872,-0.097791,-0.059328,0.055742;;,
   1280;4;0.995947,-0.064205,-0.042041,0.046913;;,
   1440;4;0.998848,-0.026562,-0.019719,0.034771;;,
   1600;4;0.999702,0.010978,0.004019,0.021454;;,
   1760;4;0.998653,0.044235,0.025517,0.009150;;,
   1920;4;0.996762,0.069082,0.041143,0.000058;;,
   2080;4;0.995545,0.081473,0.047311,-0.003636;;,
   2240;4;0.995300,0.084830,0.046585,-0.003377;;,
   2400;4;0.995365,0.085461,0.044043,-0.002133;;,
   2560;4;0.995695,0.083667,0.039887,-0.000015;;,
   2720;4;0.996220,0.079746,0.034319,0.002868;;,
   2880;4;0.996858,0.073996,0.027539,0.006406;;,
