xof 0303txt 0032
template Frame {
 <3d82ab46-62da-11cf-ab39-0020af71e433>
 [...]
}

template Matrix4x4 {
 <f6f23f45-7686-11cf-8f52-0040333594a3>
 array FLOAT matrix[16];
}

template FrameTransformMatrix {
 <f6f23f41-7686-11cf-8f52-0040333594a3>
 Matrix4x4 frameMatrix;
}

template Vector {
 <3d82ab5e-62da-11cf-ab39-0020af71e433>
 FLOAT x;
 FLOAT y;
 FLOAT z;
}

template MeshFace {
 <3d82ab5f-62da-11cf-ab39-0020af71e433>
 DWORD nFaceVertexIndices;
 array DWORD faceVertexIndices[nFaceVertexIndices];
}

template Mesh {
 <3d82ab44-62da-11cf-ab39-0020af71e433>
 DWORD nVertices;
 array Vector vertices[nVertices];
 DWORD nFaces;
 array MeshFace faces[nFaces];
 [...]
}

template ColorRGBA {
 <35ff44e0-6c7c-11cf-8f52-0040333594a3>
 FLOAT red;
 FLOAT green;
 FLOAT blue;
 FLOAT alpha;
}

template ColorRGB {
 <d3e16e81-7835-11cf-8f52-0040333594a3>
 FLOAT red;
 FLOAT green;
 FLOAT blue;
}

template Material {
 <3d82ab4d-62da-11cf-ab39-0020af71e433>
 ColorRGBA faceColor;
 FLOAT power;
 ColorRGB specularColor;
 ColorRGB emissiveColor;
 [...]
}

template MeshMaterialList {
 <f6f23f42-7686-11cf-8f52-0040333594a3>
 DWORD nMaterials;
 DWORD nFaceIndexes;
 array DWORD faceIndexes[nFaceIndexes];
 [Material <3d82ab4d-62da-11cf-ab39-0020af71e433>]
}

template VertexElement {
 <f752461c-1e23-48f6-b9f8-8350850f336f>
 DWORD Type;
 DWORD Method;
 DWORD Usage;
 DWORD UsageIndex;
}

template DeclData {
 <bf22e553-292c-4781-9fea-62bd554bdd93>
 DWORD nElements;
 array VertexElement Elements[nElements];
 DWORD nDWords;
 array DWORD data[nDWords];
}

template XSkinMeshHeader {
 <3cf169ce-ff7c-44ab-93c0-f78f62d172e2>
 WORD nMaxSkinWeightsPerVertex;
 WORD nMaxSkinWeightsPerFace;
 WORD nBones;
}

template SkinWeights {
 <6f0d123b-bad2-4167-a0d0-80224f25fabb>
 STRING transformNodeName;
 DWORD nWeights;
 array DWORD vertexIndices[nWeights];
 array FLOAT weights[nWeights];
 Matrix4x4 matrixOffset;
}

template AnimTicksPerSecond {
 <9e415a43-7ba6-4a73-8743-b73d47e88476>
 DWORD AnimTicksPerSecond;
}

template Animation {
 <3d82ab4f-62da-11cf-ab39-0020af71e433>
 [...]
}

template AnimationSet {
 <3d82ab50-62da-11cf-ab39-0020af71e433>
 [Animation <3d82ab4f-62da-11cf-ab39-0020af71e433>]
}

template FloatKeys {
 <10dd46a9-775b-11cf-8f52-0040333594a3>
 DWORD nValues;
 array FLOAT values[nValues];
}

template TimedFloatKeys {
 <f406b180-7b3b-11cf-8f52-0040333594a3>
 DWORD time;
 FloatKeys tfkeys;
}

template AnimationKey {
 <10dd46a8-775b-11cf-8f52-0040333594a3>
 DWORD keyType;
 DWORD nKeys;
 array TimedFloatKeys keys[nKeys];
}


Frame Bip001 {
 

 FrameTransformMatrix {
  0.000000,0.000000,1.000000,0.000000,-0.000000,1.000000,-0.000000,0.000000,-1.000000,-0.000000,0.000000,0.000000,-0.000000,121.447450,-0.001545,1.000000;;
 }

 Frame Bip001_Pelvis {
  

  FrameTransformMatrix {
   0.000000,0.998049,-0.062430,0.000000,-0.000001,0.062430,0.998049,0.000000,1.000000,0.000000,0.000001,0.000000,0.000000,0.000000,0.000000,1.000000;;
  }

  Frame Bip001_Spine {
   

   FrameTransformMatrix {
    0.962264,-0.010172,0.271928,0.000000,0.011308,0.999933,-0.002611,0.000000,-0.271883,0.005587,0.962314,0.000000,14.237648,0.890296,-0.012360,1.000000;;
   }

   Frame Bip001_Spine1 {
    

    FrameTransformMatrix {
     0.998252,0.058924,-0.004554,0.000000,-0.058995,0.998103,-0.017592,0.000000,0.003509,0.017830,0.999835,0.000000,16.122162,-0.000231,-0.012833,1.000000;;
    }

    Frame Bip001_Spine2 {
     

     FrameTransformMatrix {
      0.998154,0.058779,-0.015316,0.000000,-0.058502,0.998126,0.017957,0.000000,0.016343,-0.017028,0.999722,0.000000,16.121994,0.000218,-0.012833,1.000000;;
     }

     Frame Bip001_Spine3 {
      

      FrameTransformMatrix {
       0.999479,0.001298,-0.032246,0.000000,0.002142,0.994318,0.106434,0.000000,0.032201,-0.106447,0.993797,0.000000,16.121826,0.001367,-0.012760,1.000000;;
      }

      Frame Bip001_Neck {
       

       FrameTransformMatrix {
        0.914363,0.068046,0.399136,0.000000,-0.056589,0.997579,-0.040432,0.000000,-0.400921,0.014383,0.916000,0.000000,16.125182,-0.000108,-0.006784,1.000000;;
       }

       Frame Bip001_L_Clavicle {
        

        FrameTransformMatrix {
         -0.314372,0.933880,-0.170405,0.000000,0.861018,0.204911,-0.465467,0.000000,-0.399772,-0.293052,-0.868506,0.000000,0.295364,4.330088,0.069824,1.000000;;
        }

        Frame Bip001_L_UpperArm {
         

         FrameTransformMatrix {
          0.556431,-0.692051,-0.459837,0.000000,0.759155,0.648392,-0.057201,0.000000,0.337740,-0.317259,0.886159,0.000000,16.122222,0.000000,-0.000002,1.000000;;
         }

         Frame Bip001_L_Forearm {
          

          FrameTransformMatrix {
           0.054641,0.000000,-0.998506,0.000000,0.000000,1.000000,0.000000,0.000000,0.998506,0.000000,0.054641,0.000000,44.136826,0.000008,0.000000,1.000000;;
          }

          Frame Bip001_L_Hand {
           

           FrameTransformMatrix {
            0.972403,0.101438,0.210101,0.000000,-0.218442,0.079544,0.972603,0.000000,0.081947,-0.991657,0.099507,0.000000,37.683373,0.000000,-0.000015,1.000000;;
           }

           Frame Bip001_L_Finger0 {
            

            FrameTransformMatrix {
             0.819792,-0.208733,0.533265,0.000000,0.571953,0.252143,-0.780572,0.000000,0.028472,0.944910,0.326090,0.000000,4.289879,-5.456848,2.394814,1.000000;;
            }

            Frame Bip001_L_Finger01 {
             

             FrameTransformMatrix {
              0.908864,-0.000000,0.417094,0.000000,0.000000,1.000000,0.000000,0.000000,-0.417094,-0.000000,0.908864,0.000000,3.875538,0.000000,0.000000,1.000000;;
             }

             Frame Bip001_L_Finger02 {
              

              FrameTransformMatrix {
               0.979855,0.000000,0.199710,0.000000,-0.000000,1.000000,-0.000000,0.000000,-0.199710,-0.000000,0.979855,0.000000,3.875534,0.000008,0.000000,1.000000;;
              }

              Frame Bip001_L_Finger0Nub {
               

               FrameTransformMatrix {
                1.000000,0.000000,0.000000,0.000000,-0.000000,1.000000,-0.000000,0.000000,0.000000,0.000000,1.000000,0.000000,3.875534,-0.000008,0.000000,1.000000;;
               }
              }
             }
            }
           }

           Frame Bip001_L_Finger1 {
            

            FrameTransformMatrix {
             0.999481,-0.000026,0.032221,0.000000,-0.000000,1.000000,0.000796,0.000000,-0.032221,-0.000796,0.999481,0.000000,11.734268,-5.461197,-0.417755,1.000000;;
            }

            Frame Bip001_L_Finger11 {
             

             FrameTransformMatrix {
              0.361810,-0.000000,0.932252,0.000000,-0.000000,1.000000,0.000000,0.000000,-0.932252,0.000000,0.361810,0.000000,4.650642,0.000000,-0.000008,1.000000;;
             }

             Frame Bip001_L_Finger12 {
              

              FrameTransformMatrix {
               0.300231,0.000000,0.953866,0.000000,-0.000000,1.000000,0.000000,0.000000,-0.953867,-0.000000,0.300231,0.000000,4.650642,0.000015,0.000000,1.000000;;
              }

              Frame Bip001_L_Finger1Nub {
               

               FrameTransformMatrix {
                1.000000,-0.000000,-0.000000,0.000000,0.000000,1.000000,-0.000000,0.000000,0.000000,-0.000000,1.000000,0.000000,4.650650,0.000000,0.000004,1.000000;;
               }
              }
             }
            }
           }

           Frame Bip001_L_Finger2 {
            

            FrameTransformMatrix {
             0.998501,0.054439,0.005635,0.000000,-0.054546,0.998291,0.020970,0.000000,-0.004484,-0.021246,0.999764,0.000000,11.686760,-1.501312,-0.364784,1.000000;;
            }

            Frame Bip001_L_Finger21 {
             

             FrameTransformMatrix {
              0.348076,0.000000,0.937466,0.000000,0.000000,1.000000,0.000000,0.000000,-0.937466,0.000000,0.348076,0.000000,4.698440,0.000000,0.000008,1.000000;;
             }

             Frame Bip001_L_Finger22 {
              

              FrameTransformMatrix {
               0.030602,0.000000,0.999532,0.000000,0.000000,1.000000,0.000000,0.000000,-0.999532,0.000000,0.030602,0.000000,5.425751,0.000000,0.000000,1.000000;;
              }

              Frame Bip001_L_Finger2Nub {
               

               FrameTransformMatrix {
                1.000000,0.000000,-0.000000,0.000000,-0.000000,1.000000,-0.000000,0.000000,-0.000000,-0.000000,1.000000,0.000000,5.425758,-0.000015,-0.000004,1.000000;;
               }
              }
             }
            }
           }

           Frame Bip001_L_Finger3 {
            

            FrameTransformMatrix {
             0.995686,0.085688,-0.035586,0.000000,-0.084190,0.995578,0.041667,0.000000,0.038999,-0.038491,0.998498,0.000000,11.686195,1.606094,-0.362915,1.000000;;
            }

            Frame Bip001_L_Finger31 {
             

             FrameTransformMatrix {
              0.419784,-0.000000,0.907624,0.000000,0.000000,1.000000,-0.000000,0.000000,-0.907624,0.000000,0.419784,0.000000,4.316536,-0.000015,0.000000,1.000000;;
             }

             Frame Bip001_L_Finger32 {
              

              FrameTransformMatrix {
               0.000102,-0.000000,1.000000,0.000000,0.000000,1.000000,0.000000,0.000000,-1.000000,0.000000,0.000102,0.000000,4.650642,0.000015,0.000000,1.000000;;
              }

              Frame Bip001_L_Finger3Nub {
               

               FrameTransformMatrix {
                1.000000,0.000000,-0.000000,0.000000,0.000000,1.000000,0.000000,0.000000,0.000000,-0.000000,1.000000,0.000000,4.650650,0.000000,-0.000004,1.000000;;
               }
              }
             }
            }
           }

           Frame Bip001_L_Finger4 {
            

            FrameTransformMatrix {
             0.964643,0.040438,0.260439,0.000000,-0.043233,0.999053,0.005008,0.000000,-0.259990,-0.016090,0.965477,0.000000,10.216782,4.386826,-0.631805,1.000000;;
            }

            Frame Bip001_L_Finger41 {
             

             FrameTransformMatrix {
              0.392584,0.000000,0.919716,0.000000,0.000000,1.000000,-0.000000,0.000000,-0.919716,-0.000000,0.392584,0.000000,3.003708,0.000000,0.000000,1.000000;;
             }

             Frame Bip001_L_Finger42 {
              

              FrameTransformMatrix {
               0.022317,-0.000000,0.999751,0.000000,0.000000,1.000000,0.000000,0.000000,-0.999751,0.000000,0.022317,0.000000,3.003716,0.000000,0.000000,1.000000;;
              }

              Frame Bip001_L_Finger4Nub {
               

               FrameTransformMatrix {
                1.000000,-0.000000,-0.000000,0.000000,0.000000,1.000000,0.000000,0.000000,0.000000,-0.000000,1.000000,0.000000,3.003708,0.000008,-0.000015,1.000000;;
               }
              }
             }
            }
           }
          }
         }
        }
       }

       Frame Bip001_R_Clavicle {
        

        FrameTransformMatrix {
         -0.308141,-0.951315,0.006987,0.000000,-0.866331,0.283633,0.411124,0.000000,-0.393091,0.120631,-0.911552,0.000000,-0.295364,-4.330090,-0.055016,1.000000;;
        }

        Frame Bip001_R_UpperArm {
         

         FrameTransformMatrix {
          0.597884,0.746055,-0.293150,0.000000,-0.754445,0.647306,0.108667,0.000000,0.270830,0.156195,0.949871,0.000000,16.122226,-0.000015,0.000004,1.000000;;
         }

         Frame Bip001_R_Forearm {
          

          FrameTransformMatrix {
           0.076158,0.000000,-0.997096,0.000000,0.000000,1.000000,-0.000000,0.000000,0.997096,0.000000,0.076158,0.000000,44.136810,0.000000,-0.000001,1.000000;;
          }

          Frame Bip001_R_Hand {
           

           FrameTransformMatrix {
            0.981416,-0.046531,0.186166,0.000000,0.188257,0.045507,-0.981065,0.000000,0.037178,0.997880,0.053421,0.000000,37.683373,0.000008,-0.000015,1.000000;;
           }

           Frame Bip001_R_Finger0 {
            

            FrameTransformMatrix {
             0.819792,0.208733,0.533265,0.000000,-0.571953,0.252143,0.780572,0.000000,0.028472,-0.944910,0.326090,0.000000,4.289875,5.456856,2.394814,1.000000;;
            }

            Frame Bip001_R_Finger01 {
             

             FrameTransformMatrix {
              0.908864,-0.000000,0.417094,0.000000,0.000000,1.000000,-0.000000,0.000000,-0.417094,-0.000000,0.908864,0.000000,3.875540,0.000000,0.000000,1.000000;;
             }

             Frame Bip001_R_Finger02 {
              

              FrameTransformMatrix {
               0.979855,0.000000,0.199710,0.000000,0.000000,1.000000,-0.000000,0.000000,-0.199710,0.000000,0.979855,0.000000,3.875534,0.000000,0.000000,1.000000;;
              }

              Frame Bip001_R_Finger0Nub {
               

               FrameTransformMatrix {
                -1.000000,-0.000000,0.000000,0.000000,-0.000000,1.000000,0.000000,0.000000,-0.000000,0.000000,-1.000000,0.000000,3.875526,0.000000,0.000000,1.000000;;
               }
              }
             }
            }
           }

           Frame Bip001_R_Finger1 {
            

            FrameTransformMatrix {
             0.999481,0.000026,0.032220,0.000000,0.000000,1.000000,-0.000796,0.000000,-0.032221,0.000796,0.999480,0.000000,11.734268,5.461204,-0.417763,1.000000;;
            }

            Frame Bip001_R_Finger11 {
             

             FrameTransformMatrix {
              0.361810,-0.000000,0.932252,0.000000,0.000000,1.000000,0.000000,0.000000,-0.932252,-0.000000,0.361810,0.000000,4.650646,-0.000008,0.000008,1.000000;;
             }

             Frame Bip001_R_Finger12 {
              

              FrameTransformMatrix {
               0.300231,-0.000000,0.953866,0.000000,-0.000000,1.000000,-0.000000,0.000000,-0.953867,0.000000,0.300231,0.000000,4.650650,0.000015,0.000008,1.000000;;
              }

              Frame Bip001_R_Finger1Nub {
               

               FrameTransformMatrix {
                -1.000000,-0.000000,0.000000,0.000000,-0.000000,1.000000,0.000000,0.000000,-0.000000,-0.000000,-1.000000,0.000000,4.650635,0.000000,0.000000,1.000000;;
               }
              }
             }
            }
           }

           Frame Bip001_R_Finger2 {
            

            FrameTransformMatrix {
             0.998501,-0.054439,0.005635,0.000000,0.054546,0.998291,-0.020970,0.000000,-0.004483,0.021246,0.999764,0.000000,11.686756,1.501320,-0.364777,1.000000;;
            }

            Frame Bip001_R_Finger21 {
             

             FrameTransformMatrix {
              0.348076,-0.000000,0.937466,0.000000,0.000000,1.000000,-0.000000,0.000000,-0.937466,0.000000,0.348076,0.000000,4.698437,0.000008,0.000000,1.000000;;
             }

             Frame Bip001_R_Finger22 {
              

              FrameTransformMatrix {
               0.030602,0.000000,0.999532,0.000000,0.000000,1.000000,0.000000,0.000000,-0.999532,0.000000,0.030602,0.000000,5.425751,-0.000015,0.000000,1.000000;;
              }

              Frame Bip001_R_Finger2Nub {
               

               FrameTransformMatrix {
                -1.000000,0.000000,-0.000000,0.000000,-0.000000,1.000000,-0.000000,0.000000,0.000000,-0.000000,-1.000000,0.000000,5.425743,0.000008,-0.000008,1.000000;;
               }
              }
             }
            }
           }

           Frame Bip001_R_Finger3 {
            

            FrameTransformMatrix {
             0.995686,-0.085688,-0.035586,0.000000,0.084190,0.995578,-0.041667,0.000000,0.038999,0.038491,0.998498,0.000000,11.686184,-1.606087,-0.362923,1.000000;;
            }

            Frame Bip001_R_Finger31 {
             

             FrameTransformMatrix {
              0.419784,0.000000,0.907624,0.000000,0.000000,1.000000,0.000000,0.000000,-0.907624,0.000000,0.419784,0.000000,4.316547,-0.000015,0.000015,1.000000;;
             }

             Frame Bip001_R_Finger32 {
              

              FrameTransformMatrix {
               0.000102,0.000000,1.000000,0.000000,0.000000,1.000000,-0.000000,0.000000,-1.000000,0.000000,0.000102,0.000000,4.650642,0.000008,0.000000,1.000000;;
              }

              Frame Bip001_R_Finger3Nub {
               

               FrameTransformMatrix {
                -1.000000,0.000000,-0.000000,0.000000,-0.000000,1.000000,0.000000,0.000000,0.000000,-0.000000,-1.000000,0.000000,4.650642,0.000000,0.000000,1.000000;;
               }
              }
             }
            }
           }

           Frame Bip001_R_Finger4 {
            

            FrameTransformMatrix {
             0.964643,-0.040438,0.260439,0.000000,0.043233,0.999052,-0.005008,0.000000,-0.259990,0.016090,0.965477,0.000000,10.216780,-4.386826,-0.631798,1.000000;;
            }

            Frame Bip001_R_Finger41 {
             

             FrameTransformMatrix {
              0.392584,0.000000,0.919716,0.000000,0.000000,1.000000,-0.000000,0.000000,-0.919716,0.000000,0.392584,0.000000,3.003708,0.000008,-0.000008,1.000000;;
             }

             Frame Bip001_R_Finger42 {
              

              FrameTransformMatrix {
               0.022317,-0.000000,0.999751,0.000000,-0.000000,1.000000,-0.000000,0.000000,-0.999751,-0.000000,0.022317,0.000000,3.003731,-0.000015,-0.000004,1.000000;;
              }

              Frame Bip001_R_Finger4Nub {
               

               FrameTransformMatrix {
                -1.000000,0.000000,-0.000000,0.000000,-0.000000,1.000000,-0.000000,0.000000,0.000000,-0.000000,-1.000000,0.000000,3.003708,0.000000,0.000000,1.000000;;
               }
              }
             }
            }
           }
          }
         }
        }
       }

       Frame Bip001_Head {
        

        FrameTransformMatrix {
         0.902396,-0.143571,-0.406286,0.000000,0.117512,0.989118,-0.088525,0.000000,0.414575,0.032141,0.909448,0.000000,15.765381,-0.911516,-0.005150,1.000000;;
        }

        Frame Bip001_HeadNub {
         

         FrameTransformMatrix {
          1.000000,0.000000,-0.000000,0.000000,0.000000,1.000000,-0.000000,0.000000,0.000000,0.000000,1.000000,0.000000,29.144013,0.000000,-0.000002,1.000000;;
         }
        }
       }
      }
     }
    }
   }

   Frame Bip001_L_Thigh {
    

    FrameTransformMatrix {
     -0.720354,-0.098207,0.686619,0.000000,0.275931,-0.948796,0.153782,0.000000,0.636359,0.300237,0.710567,0.000000,-13.814133,11.349607,3.947208,1.000000;;
    }

    Frame Bip001_L_Calf {
     

     FrameTransformMatrix {
      0.880924,0.000000,-0.473257,0.000000,0.000000,1.000000,0.000000,0.000000,0.473257,-0.000000,0.880924,0.000000,54.040717,0.000001,0.000000,1.000000;;
     }

     Frame Bip001_L_Foot {
      

      FrameTransformMatrix {
       0.951173,-0.166204,0.260090,0.000000,0.234534,0.936982,-0.258956,0.000000,-0.200660,0.307312,0.930212,0.000000,58.826867,0.000000,0.000000,1.000000;;
      }

      Frame Bip001_L_Toe0 {
       

       FrameTransformMatrix {
        0.000000,-0.000000,1.000000,0.000000,-0.000000,1.000000,0.000000,0.000000,-1.000000,-0.000000,-0.000000,0.000000,14.261974,-0.000000,18.354533,1.000000;;
       }

       Frame Bip001_L_Toe01 {
        

        FrameTransformMatrix {
         1.000000,-0.000000,-0.000000,0.000000,0.000000,1.000000,0.000000,0.000000,-0.000000,0.000000,1.000000,0.000000,1.860260,0.000000,0.000000,1.000000;;
        }

        Frame Bip001_L_Toe02 {
         

         FrameTransformMatrix {
          1.000000,-0.000000,-0.000000,0.000000,0.000000,1.000000,0.000000,0.000000,-0.000000,0.000000,1.000000,0.000000,1.860252,0.000000,0.000001,1.000000;;
         }

         Frame Bip001_L_Toe0Nub {
          

          FrameTransformMatrix {
           -1.000000,-0.000000,-0.000000,0.000000,-0.000000,1.000000,-0.000000,0.000000,0.000000,0.000000,-1.000000,0.000000,1.860256,0.000000,0.000000,1.000000;;
          }
         }
        }
       }
      }
     }
    }
   }

   Frame Bip001_R_Thigh {
    

    FrameTransformMatrix {
     -0.971142,-0.150372,0.185125,0.000000,0.076939,-0.932225,-0.353607,0.000000,0.225751,-0.329159,0.916892,0.000000,-13.561806,-13.452144,3.808582,1.000000;;
    }

    Frame Bip001_R_Calf {
     

     FrameTransformMatrix {
      -0.398143,0.000000,-0.917323,0.000000,0.000000,1.000000,0.000000,0.000000,0.917323,0.000000,-0.398143,0.000000,53.736070,-0.000002,-0.000000,1.000000;;
     }

     Frame Bip001_R_Foot {
      

      FrameTransformMatrix {
       0.978806,-0.044684,-0.199858,0.000000,0.018254,0.991058,-0.132181,0.000000,0.203977,0.125732,0.970868,0.000000,59.151955,0.000002,-0.000004,1.000000;;
      }

      Frame Bip001_R_Toe0 {
       

       FrameTransformMatrix {
        0.000000,0.000000,1.000000,0.000000,-0.000000,1.000000,-0.000000,0.000000,-1.000000,-0.000000,0.000000,0.000000,14.261978,0.000000,18.354530,1.000000;;
       }

       Frame Bip001_R_Toe01 {
        

        FrameTransformMatrix {
         1.000000,0.000000,0.000000,0.000000,-0.000000,1.000000,-0.000000,0.000000,0.000000,-0.000000,1.000000,0.000000,1.860252,-0.000004,0.000008,1.000000;;
        }

        Frame Bip001_R_Toe02 {
         

         FrameTransformMatrix {
          1.000000,0.000000,0.000000,0.000000,-0.000000,1.000000,-0.000000,0.000000,0.000000,-0.000000,1.000000,0.000000,1.860252,0.000004,0.000000,1.000000;;
         }

         Frame Bip001_R_Toe0Nub {
          

          FrameTransformMatrix {
           1.000000,0.000000,0.000000,0.000000,-0.000000,1.000000,-0.000000,0.000000,0.000000,-0.000000,1.000000,0.000000,1.860260,0.000000,0.000000,1.000000;;
          }
         }
        }
       }
      }
     }
    }
   }
  }
 }
}

Frame Box001 {
 

 FrameTransformMatrix {
  0.667112,0.000000,0.000000,0.000000,0.000000,0.696682,0.000000,0.000000,0.000000,0.000000,0.492662,0.000000,0.000000,0.000000,0.000000,1.000000;;
 }

 Mesh Box001 {
  24;
  38.672307;36.625683;159.231782;,
  34.679286;35.689146;157.106176;,
  37.442384;34.972688;155.934579;,
  35.909210;37.342141;160.403366;,
  38.740349;38.172195;157.634816;,
  34.747334;37.235658;155.509197;,
  35.977258;38.888653;158.806387;,
  37.510426;36.519197;154.337613;,
  38.672307;36.625683;159.231782;,
  35.977258;38.888653;158.806387;,
  35.909210;37.342141;160.403366;,
  38.740349;38.172195;157.634816;,
  35.909210;37.342141;160.403366;,
  34.747334;37.235658;155.509197;,
  34.679286;35.689146;157.106176;,
  35.977258;38.888653;158.806387;,
  34.679286;35.689146;157.106176;,
  37.510426;36.519197;154.337613;,
  37.442384;34.972688;155.934579;,
  34.747334;37.235658;155.509197;,
  37.442384;34.972688;155.934579;,
  38.740349;38.172195;157.634816;,
  38.672307;36.625683;159.231782;,
  37.510426;36.519197;154.337613;;
  12;
  3;0,1,2;,
  3;1,0,3;,
  3;4,5,6;,
  3;5,4,7;,
  3;8,9,10;,
  3;9,8,11;,
  3;12,13,14;,
  3;13,12,15;,
  3;16,17,18;,
  3;17,16,19;,
  3;20,21,22;,
  3;21,20,23;;

  MeshMaterialList {
   1;
   12;
   0,
   0,
   0,
   0,
   0,
   0,
   0,
   0,
   0,
   0,
   0,
   0;

   Material  {
    0.529412;0.231373;0.031373;1.000000;;
    0.000000;
    0.000000;0.000000;0.000000;;
    0.000000;0.000000;0.000000;;
   }
  }

  DeclData {
   2;
   2;0;3;0;,
   1;0;5;0;;
   120;
   3172121316,
   3210957119,
   1055572985,
   1065353216,
   1065353216,
   3172121316,
   3210957119,
   1055572985,
   0,
   0,
   3172121316,
   3210957119,
   1055572985,
   1065353216,
   0,
   3172121316,
   3210957119,
   1055572985,
   0,
   1065353216,
   1024637963,
   1063473457,
   3203056687,
   0,
   1065353216,
   1024637935,
   1063473458,
   3203056682,
   1065353216,
   0,
   1024638043,
   1063473452,
   3203056703,
   1065353216,
   1065353216,
   1024637855,
   1063473462,
   3203056666,
   0,
   0,
   1054781580,
   1059271926,
   1059244860,
   0,
   1065353216,
   1054781595,
   1059271932,
   1059244848,
   1065353216,
   0,
   1054781621,
   1059271945,
   1059244827,
   1065353216,
   1065353216,
   1054781553,
   1059271914,
   1059244881,
   0,
   0,
   3211818303,
   1049100293,
   1046375387,
   0,
   1065353216,
   3211818305,
   1049100273,
   1046375389,
   1065353216,
   0,
   3211818308,
   1049100249,
   1046375393,
   1065353216,
   1065353216,
   3211818299,
   1049100316,
   1046375383,
   0,
   0,
   3202265305,
   3206755542,
   3206728513,
   0,
   1065353216,
   3202265296,
   3206755548,
   3206728510,
   1065353216,
   0,
   3202265278,
   3206755559,
   3206728505,
   1065353216,
   1065353216,
   3202265324,
   3206755530,
   3206728519,
   0,
   0,
   1064334664,
   3196583854,
   3193859076,
   0,
   1065353216,
   1064334664,
   3196583851,
   3193859088,
   1065353216,
   0,
   1064334664,
   3196583850,
   3193859097,
   1065353216,
   1065353216,
   1064334664,
   3196583857,
   3193859069,
   0,
   0;
  }

  XSkinMeshHeader {
   1;
   1;
   1;
  }

  SkinWeights {
   "Bip001_L_Toe0Nub";
   24;
   0,
   1,
   2,
   3,
   4,
   5,
   6,
   7,
   8,
   9,
   10,
   11,
   12,
   13,
   14,
   15,
   16,
   17,
   18,
   19,
   20,
   21,
   22,
   23;
   1.000000,
   1.000000,
   1.000000,
   1.000000,
   1.000000,
   1.000000,
   1.000000,
   1.000000,
   1.000000,
   1.000000,
   1.000000,
   1.000000,
   1.000000,
   1.000000,
   1.000000,
   1.000000,
   1.000000,
   1.000000,
   1.000000,
   1.000000,
   1.000000,
   1.000000,
   1.000000,
   1.000000;
   -0.037682,0.664434,-0.046323,0.000000,-0.150922,-0.055817,-0.677844,0.000000,-0.480158,-0.019665,0.108526,0.000000,52.144992,3.780844,-4.091895,1.000000;;
  }
 }
}

AnimTicksPerSecond  {
 4800;
}

AnimationSet Anim1 {
 

 Animation {
  
  { Bip001 }

  AnimationKey S {
   1;
   2;
   0;3;1.000000,1.000000,1.000000;;,
   3520;3;1.000000,1.000000,1.000000;;;
  }

  AnimationKey R {
   0;
   23;
   0;4;0.707107,0.000000,0.707107,-0.000000;;,
   160;4;0.694956,-0.007932,0.719006,0.001864;;,
   320;4;0.681131,-0.016513,0.731967,0.003522;;,
   480;4;0.667738,-0.024762,0.743966,0.005281;;,
   640;4;0.657038,-0.031700,0.753154,0.007449;;,
   800;4;0.651395,-0.036356,0.757797,0.010333;;,
   960;4;0.658407,-0.036333,0.751604,0.016462;;,
   1120;4;0.675417,-0.031778,0.736360,0.024006;;,
   1280;4;0.689866,-0.025568,0.722991,0.026745;;,
   1440;4;0.696581,-0.016909,0.717031,0.018858;;,
   1600;4;0.700929,-0.006611,0.713173,0.006176;;,
   1760;4;0.707107,-0.000000,0.707107,-0.000000;;,
   1920;4;0.717433,0.002178,0.696617,0.003128;;,
   2080;4;0.729934,0.003009,0.683443,0.009647;;,
   2240;4;0.742621,0.002916,0.669469,0.017791;;,
   2400;4;0.753676,0.002322,0.656736,0.025790;;,
   2560;4;0.761450,0.001652,0.647437,0.031880;;,
   2720;4;0.764391,0.001334,0.643839,0.034301;;,
   2880;4;0.759700,0.001219,0.649516,0.031351;;,
   3040;4;0.747939,0.000936,0.663331,0.024074;;,
   3200;4;0.732617,0.000577,0.680479,0.014835;;,
   3360;4;0.717584,0.000234,0.696446,0.006015;;,
   3520;4;0.707107,0.000000,0.707107,-0.000000;;;
  }

  AnimationKey T {
   2;
   23;
   0;3;-0.000000,121.447450,-0.001545;;,
   160;3;-0.000000,126.137664,-0.001545;;,
   320;3;-0.000000,130.827891,-0.001545;;,
   480;3;-0.000000,133.951386,-0.001545;;,
   640;3;-0.000000,133.255206,-0.001545;;,
   800;3;-0.000000,130.536832,-0.001545;;,
   960;3;-0.000000,127.613184,-0.001545;;,
   1120;3;-0.000000,125.045338,-0.001545;;,
   1280;3;-0.000000,123.389696,-0.001545;;,
   1440;3;-0.000000,121.845350,-0.001545;;,
   1600;3;-0.000000,121.001536,-0.001545;;,
   1760;3;-0.000000,121.447450,-0.001545;;,
   1920;3;-0.000000,125.089114,-0.001545;;,
   2080;3;-0.000000,130.674445,-0.001545;;,
   2240;3;-0.000000,134.055450,-0.001545;;,
   2400;3;-0.000000,132.929357,-0.001545;;,
   2560;3;-0.000000,129.598912,-0.001545;;,
   2720;3;-0.000000,126.824666,-0.001545;;,
   2880;3;-0.000000,125.352384,-0.001545;;,
   3040;3;-0.000000,124.083955,-0.001545;;,
   3200;3;-0.000000,123.013914,-0.001545;;,
   3360;3;-0.000000,122.136896,-0.001545;;,
   3520;3;-0.000000,121.447450,-0.001545;;;
  }
 }

 Animation {
  
  { Bip001_Pelvis }

  AnimationKey S {
   1;
   2;
   0;3;1.000000,1.000000,1.000000;;,
   3520;3;1.000000,1.000000,1.000000;;;
  }

  AnimationKey R {
   0;
   23;
   0;4;0.515371,-0.484141,-0.515371,-0.484141;;,
   160;4;0.511818,-0.487896,-0.511817,-0.487897;;,
   320;4;0.508126,-0.491740,-0.508125,-0.491741;;,
   480;4;0.504460,-0.495499,-0.504460,-0.495500;;,
   640;4;0.500992,-0.499006,-0.500992,-0.499006;;,
   800;4;0.497896,-0.502095,-0.497895,-0.502096;;,
   960;4;0.494853,-0.505095,-0.494852,-0.505096;;,
   1120;4;0.491648,-0.508215,-0.491648,-0.508215;;,
   1280;4;0.488624,-0.511123,-0.488624,-0.511123;;,
   1440;4;0.486129,-0.513496,-0.486129,-0.513497;;,
   1600;4;0.484517,-0.515018,-0.484516,-0.515018;;,
   1760;4;0.484142,-0.515370,-0.484142,-0.515371;;,
   1920;4;0.485338,-0.514244,-0.485337,-0.514245;;,
   2080;4;0.487884,-0.511829,-0.487883,-0.511830;;,
   2240;4;0.491301,-0.508550,-0.491301,-0.508551;;,
   2400;4;0.495116,-0.504837,-0.495115,-0.504838;;,
   2560;4;0.498864,-0.501133,-0.498863,-0.501134;;,
   2720;4;0.502097,-0.497895,-0.502096,-0.497895;;,
   2880;4;0.505369,-0.494572,-0.505369,-0.494573;;,
   3040;4;0.509044,-0.490790,-0.509043,-0.490791;;,
   3200;4;0.512400,-0.487285,-0.512399,-0.487285;;,
   3360;4;0.514739,-0.484813,-0.514738,-0.484814;;,
   3520;4;0.515371,-0.484141,-0.515371,-0.484141;;;
  }

  AnimationKey T {
   2;
   2;
   0;3;0.000000,0.000000,0.000000;;,
   3520;3;0.000000,0.000000,0.000000;;;
  }
 }

 Animation {
  
  { Bip001_Spine }

  AnimationKey S {
   1;
   2;
   0;3;1.000000,1.000000,1.000000;;,
   3520;3;1.000000,1.000000,1.000000;;;
  }

  AnimationKey R {
   0;
   23;
   0;4;0.990519,0.002069,0.137254,0.005421;;,
   160;4;0.990431,0.003346,0.137234,0.014229;;,
   320;4;0.990254,0.004692,0.137200,0.023474;;,
   480;4;0.989998,0.006003,0.137154,0.032498;;,
   640;4;0.989697,0.007176,0.137102,0.040642;;,
   800;4;0.989403,0.008109,0.137052,0.047249;;,
   960;4;0.989103,0.008926,0.137001,0.053166;;,
   1120;4;0.989128,0.008625,0.136998,0.052747;;,
   1280;4;0.989677,0.006413,0.137081,0.041314;;,
   1440;4;0.990239,0.003290,0.137177,0.024461;;,
   1600;4;0.990512,0.000161,0.137237,0.007206;;,
   1760;4;0.990519,-0.002073,0.137254,-0.005423;;,
   1920;4;0.990422,-0.003605,0.137245,-0.014659;;,
   2080;4;0.990228,-0.005127,0.137214,-0.024388;;,
   2240;4;0.989958,-0.006490,0.137167,-0.033559;;,
   2400;4;0.989673,-0.007542,0.137114,-0.041124;;,
   2560;4;0.989458,-0.008134,0.137070,-0.046037;;,
   2720;4;0.989403,-0.008113,0.137052,-0.047251;;,
   2880;4;0.989609,-0.007102,0.137074,-0.042825;;,
   3040;4;0.989988,-0.005124,0.137129,-0.033048;;,
   3200;4;0.990335,-0.002633,0.137192,-0.020214;;,
   3360;4;0.990516,-0.000083,0.137237,-0.006623;;,
   3520;4;0.990519,0.002069,0.137254,0.005421;;;
  }

  AnimationKey T {
   2;
   23;
   0;3;14.237648,0.890296,-0.012360;;,
   160;3;14.249130,0.681977,-0.012360;;,
   320;3;14.257782,0.467087,-0.012360;;,
   480;3;14.263154,0.255304,-0.012361;;,
   640;3;14.265320,0.056324,-0.012362;;,
   800;3;14.264954,-0.120167,-0.012362;;,
   960;3;14.262435,-0.292573,-0.012362;;,
   1120;3;14.257598,-0.472896,-0.012362;;,
   1280;3;14.251022,-0.641911,-0.012363;;,
   1440;3;14.244088,-0.780514,-0.012362;;,
   1600;3;14.238938,-0.869643,-0.012362;;,
   1760;3;14.237648,-0.890257,-0.012362;;,
   1920;3;14.241646,-0.824065,-0.012362;;,
   2080;3;14.249085,-0.682630,-0.012362;;,
   2240;3;14.256942,-0.491669,-0.012362;;,
   2400;3;14.262726,-0.276969,-0.012362;;,
   2560;3;14.265320,-0.064383,-0.012362;;,
   2720;3;14.264931,0.120206,-0.012360;;,
   2880;3;14.262131,0.308269,-0.012362;;,
   3040;3;14.255944,0.520808,-0.012360;;,
   3200;3;14.247482,0.716279,-0.012361;;,
   3360;3;14.239914,0.853225,-0.012360;;,
   3520;3;14.237648,0.890296,-0.012360;;;
  }
 }

 Animation {
  
  { Bip001_Spine1 }

  AnimationKey S {
   1;
   2;
   0;3;1.000000,1.000000,1.000000;;,
   3520;3;1.000000,1.000000,1.000000;;;
  }

  AnimationKey R {
   0;
   23;
   0;4;0.999524,0.008860,-0.002017,-0.029494;;,
   160;4;0.999482,0.009241,-0.002016,-0.030763;;,
   320;4;0.999432,0.009675,-0.002016,-0.032207;;,
   480;4;0.999384,0.010082,-0.002016,-0.033563;;,
   640;4;0.999346,0.010384,-0.002016,-0.034570;;,
   800;4;0.999331,0.010503,-0.002016,-0.034964;;,
   960;4;0.999333,0.010488,-0.002016,-0.034913;;,
   1120;4;0.999524,0.008860,-0.002017,-0.029494;;,
   1280;4;0.999868,0.004639,-0.002019,-0.015444;;,
   1440;4;0.999995,-0.000646,-0.002019,0.002149;;,
   1600;4;0.999808,-0.005607,-0.002018,0.018667;;,
   1760;4;0.999524,-0.008860,-0.002016,0.029494;;,
   1920;4;0.999326,-0.010549,-0.002015,0.035118;;,
   2080;4;0.999168,-0.011721,-0.002014,0.039021;;,
   2240;4;0.999078,-0.012340,-0.002014,0.041080;;,
   2400;4;0.999074,-0.012368,-0.002014,0.041173;;,
   2560;4;0.999161,-0.011768,-0.002014,0.039175;;,
   2720;4;0.999331,-0.010503,-0.002015,0.034964;;,
   2880;4;0.999627,-0.007832,-0.002017,0.026074;;,
   3040;4;0.999918,-0.003649,-0.002019,0.012146;;,
   3200;4;0.999990,0.001137,-0.002019,-0.003784;;,
   3360;4;0.999808,0.005610,-0.002018,-0.018677;;,
   3520;4;0.999524,0.008860,-0.002017,-0.029494;;;
  }

  AnimationKey T {
   2;
   10;
   0;3;16.122162,-0.000231,-0.012833;;,
   1120;3;16.122178,-0.000239,-0.012833;;,
   1280;3;16.122178,-0.000119,-0.012840;;,
   1440;3;16.122162,0.000017,-0.012840;;,
   1600;3;16.122178,0.000144,-0.012840;;,
   2880;3;16.122162,0.000230,-0.012836;;,
   3040;3;16.122162,0.000094,-0.012836;;,
   3200;3;16.122147,-0.000030,-0.012833;;,
   3360;3;16.122147,-0.000145,-0.012836;;,
   3520;3;16.122162,-0.000231,-0.012833;;;
  }
 }

 Animation {
  
  { Bip001_Spine2 }

  AnimationKey S {
   1;
   2;
   0;3;1.000000,1.000000,1.000000;;,
   3520;3;1.000000,1.000000,1.000000;;;
  }

  AnimationKey R {
   0;
   23;
   0;4;0.999500,-0.008750,-0.007919,-0.029335;;,
   160;4;0.999492,-0.009944,-0.008048,-0.029191;;,
   320;4;0.999478,-0.011210,-0.008188,-0.029183;;,
   480;4;0.999464,-0.012438,-0.008327,-0.029107;;,
   640;4;0.999459,-0.013519,-0.008450,-0.028755;;,
   800;4;0.999471,-0.014343,-0.008540,-0.027924;;,
   960;4;0.999493,-0.014981,-0.008606,-0.026745;;,
   1120;4;0.999647,-0.013369,-0.008390,-0.021366;;,
   1280;4;0.999894,-0.008274,-0.007890,-0.008998;;,
   1440;4;0.999950,-0.001776,-0.007590,0.006300;;,
   1600;4;0.999752,0.004456,-0.007661,0.020437;;,
   1760;4;0.999500,0.008750,-0.007919,0.029335;;,
   1920;4;0.999345,0.011310,-0.008167,0.033390;;,
   2080;4;0.999237,0.013368,-0.008418,0.035714;;,
   2240;4;0.999193,0.014814,-0.008617,0.036319;;,
   2400;4;0.999221,0.015533,-0.008722,0.035216;;,
   2560;4;0.999318,0.015414,-0.008700,0.032414;;,
   2720;4;0.999471,0.014343,-0.008540,0.027924;;,
   2880;4;0.999710,0.011440,-0.008167,0.019549;;,
   3040;4;0.999924,0.006609,-0.007742,0.006904;;,
   3200;4;0.999945,0.000917,-0.007540,-0.007280;;,
   3360;4;0.999755,-0.004562,-0.007643,-0.020269;;,
   3520;4;0.999500,-0.008750,-0.007919,-0.029335;;;
  }

  AnimationKey T {
   2;
   15;
   0;3;16.121994,0.000218,-0.012833;;,
   640;3;16.122010,0.000249,-0.012833;;,
   800;3;16.122010,0.000361,-0.012833;;,
   1120;3;16.121994,0.000379,-0.012829;;,
   1280;3;16.122010,0.000211,-0.012836;;,
   1440;3;16.121994,0.000047,-0.012829;;,
   1600;3;16.122010,-0.000110,-0.012829;;,
   1760;3;16.121994,-0.000218,-0.012833;;,
   2240;3;16.121994,-0.000283,-0.012833;;,
   2400;3;16.121994,-0.000390,-0.012829;;,
   2880;3;16.121979,-0.000388,-0.012825;;,
   3040;3;16.122024,-0.000168,-0.012840;;,
   3200;3;16.122010,-0.000025,-0.012836;;,
   3360;3;16.122010,0.000113,-0.012840;;,
   3520;3;16.121994,0.000218,-0.012833;;;
  }
 }

 Animation {
  
  { Bip001_Spine3 }

  AnimationKey S {
   1;
   2;
   0;3;1.000000,1.000000,1.000000;;,
   3520;3;1.000000,1.000000,1.000000;;;
  }

  AnimationKey R {
   0;
   23;
   0;4;0.998448,-0.053303,-0.016137,0.000211;;,
   160;4;0.998170,-0.058058,-0.016348,0.004429;;,
   320;4;0.997826,-0.063192,-0.016564,0.008759;;,
   480;4;0.997450,-0.068132,-0.016776,0.013033;;,
   640;4;0.997092,-0.072307,-0.016977,0.017084;;,
   800;4;0.996809,-0.075147,-0.017160,0.020743;;,
   960;4;0.996587,-0.077020,-0.017330,0.024119;;,
   1120;4;0.997297,-0.067217,-0.017347,0.024061;;,
   1280;4;0.998908,-0.039034,-0.017097,0.019172;;,
   1440;4;0.999777,-0.003380,-0.016710,0.012456;;,
   1600;4;0.999387,0.030484,-0.016330,0.005466;;,
   1760;4;0.998448,0.053303,-0.016137,-0.000211;;,
   1920;4;0.997667,0.066145,-0.016183,-0.004853;;,
   2080;4;0.996935,0.075909,-0.016359,-0.009534;;,
   2240;4;0.996386,0.082144,-0.016604,-0.013860;;,
   2400;4;0.996137,0.084398,-0.016859,-0.017434;;,
   2560;4;0.996270,0.082218,-0.017065,-0.019861;;,
   2720;4;0.996809,0.075147,-0.017160,-0.020743;;,
   2880;4;0.997967,0.058283,-0.017079,-0.019301;;,
   3040;4;0.999256,0.031004,-0.016847,-0.015597;;,
   3200;4;0.999808,-0.000701,-0.016546,-0.010508;;,
   3360;4;0.999381,-0.030809,-0.016271,-0.004933;;,
   3520;4;0.998448,-0.053303,-0.016137,0.000211;;;
  }

  AnimationKey T {
   2;
   21;
   0;3;16.121826,0.001367,-0.012760;;,
   160;3;16.121811,0.001490,-0.012745;;,
   320;3;16.121811,0.001623,-0.012730;;,
   480;3;16.121795,0.001751,-0.012707;;,
   640;3;16.121811,0.001859,-0.012691;;,
   960;3;16.121826,0.001933,-0.012684;;,
   1120;3;16.121795,0.001732,-0.012703;;,
   1280;3;16.121795,0.001010,-0.012791;;,
   1440;3;16.121811,0.000093,-0.012836;;,
   1600;3;16.121781,-0.000780,-0.012802;;,
   1760;3;16.121826,-0.001367,-0.012760;;,
   1920;3;16.121826,-0.001696,-0.012730;;,
   2080;3;16.121811,-0.001946,-0.012676;;,
   2240;3;16.121811,-0.002109,-0.012650;;,
   2560;3;16.121826,-0.002168,-0.012646;;,
   2720;3;16.121811,-0.001933,-0.012684;;,
   2880;3;16.121811,-0.001503,-0.012749;;,
   3040;3;16.121795,-0.000803,-0.012798;;,
   3200;3;16.121811,0.000014,-0.012825;;,
   3360;3;16.121795,0.000789,-0.012806;;,
   3520;3;16.121826,0.001367,-0.012756;;;
  }
 }

 Animation {
  
  { Bip001_Neck }

  AnimationKey S {
   1;
   2;
   0;3;1.000000,1.000000,1.000000;;,
   3520;3;1.000000,1.000000,1.000000;;;
  }

  AnimationKey R {
   0;
   23;
   0;4;0.978256,0.014008,0.204460,-0.031851;;,
   160;4;0.980749,0.012372,0.192650,-0.029403;;,
   320;4;0.984048,0.009776,0.175815,-0.025352;;,
   480;4;0.990099,0.004492,0.139228,-0.017282;;,
   640;4;0.995161,-0.001652,0.097943,-0.007758;;,
   800;4;0.996610,-0.006172,0.082041,0.000472;;,
   960;4;0.995296,-0.008835,0.096217,0.007138;;,
   1120;4;0.992415,-0.011068,0.121671,0.013675;;,
   1280;4;0.987884,-0.012880,0.153375,0.019865;;,
   1440;4;0.982053,-0.014288,0.186326,0.025497;;,
   1600;4;0.975887,-0.015320,0.215608,0.030379;;,
   1760;4;0.970909,-0.016014,0.236430,0.034339;;,
   1920;4;0.972549,-0.014382,0.229809,0.033597;;,
   2080;4;0.978405,-0.010652,0.204470,0.028319;;,
   2240;4;0.984147,-0.006521,0.175854,0.022084;;,
   2400;4;0.989773,-0.001905,0.141852,0.014985;;,
   2560;4;0.993522,0.002486,0.113356,0.007601;;,
   2720;4;0.994828,0.005939,0.101403,0.000537;;,
   2880;4;0.993749,0.008650,0.111076,-0.007126;;,
   3040;4;0.990724,0.011096,0.134525,-0.015699;;,
   3200;4;0.986191,0.012986,0.163394,-0.023669;;,
   3360;4;0.981353,0.014044,0.189413,-0.029541;;,
   3520;4;0.978256,0.014008,0.204460,-0.031851;;;
  }

  AnimationKey T {
   2;
   23;
   0;3;16.125182,-0.000108,-0.006784;;,
   160;3;16.125030,-0.000096,-0.006857;;,
   320;3;16.124786,-0.000075,-0.006950;;,
   480;3;16.124253,-0.000029,-0.007118;;,
   640;3;16.123658,0.000036,-0.007271;;,
   800;3;16.123443,0.000092,-0.007309;;,
   960;3;16.123627,0.000120,-0.007267;;,
   1120;3;16.124008,0.000138,-0.007191;;,
   1280;3;16.124466,0.000144,-0.007057;;,
   1440;3;16.124939,0.000138,-0.006889;;,
   1600;3;16.125336,0.000125,-0.006714;;,
   1760;3;16.125642,0.000111,-0.006582;;,
   1920;3;16.125549,0.000093,-0.006619;;,
   2080;3;16.125214,0.000070,-0.006794;;,
   2240;3;16.124786,0.000040,-0.006954;;,
   2400;3;16.124298,-0.000003,-0.007113;;,
   2560;3;16.123886,-0.000051,-0.007217;;,
   2720;3;16.123718,-0.000088,-0.007259;;,
   2880;3;16.123840,-0.000116,-0.007221;;,
   3040;3;16.124222,-0.000132,-0.007141;;,
