xof 0303txt 0032
template Frame {
 <3d82ab46-62da-11cf-ab39-0020af71e433>
 [...]
}

template Matrix4x4 {
 <f6f23f45-7686-11cf-8f52-0040333594a3>
 array FLOAT matrix[16];
}

template FrameTransformMatrix {
 <f6f23f41-7686-11cf-8f52-0040333594a3>
 Matrix4x4 frameMatrix;
}

template Vector {
 <3d82ab5e-62da-11cf-ab39-0020af71e433>
 FLOAT x;
 FLOAT y;
 FLOAT z;
}

template MeshFace {
 <3d82ab5f-62da-11cf-ab39-0020af71e433>
 DWORD nFaceVertexIndices;
 array DWORD faceVertexIndices[nFaceVertexIndices];
}

template Mesh {
 <3d82ab44-62da-11cf-ab39-0020af71e433>
 DWORD nVertices;
 array Vector vertices[nVertices];
 DWORD nFaces;
 array MeshFace faces[nFaces];
 [...]
}

template ColorRGBA {
 <35ff44e0-6c7c-11cf-8f52-0040333594a3>
 FLOAT red;
 FLOAT green;
 FLOAT blue;
 FLOAT alpha;
}

template ColorRGB {
 <d3e16e81-7835-11cf-8f52-0040333594a3>
 FLOAT red;
 FLOAT green;
 FLOAT blue;
}

template Material {
 <3d82ab4d-62da-11cf-ab39-0020af71e433>
 ColorRGBA faceColor;
 FLOAT power;
 ColorRGB specularColor;
 ColorRGB emissiveColor;
 [...]
}

template MeshMaterialList {
 <f6f23f42-7686-11cf-8f52-0040333594a3>
 DWORD nMaterials;
 DWORD nFaceIndexes;
 array DWORD faceIndexes[nFaceIndexes];
 [Material <3d82ab4d-62da-11cf-ab39-0020af71e433>]
}

template VertexElement {
 <f752461c-1e23-48f6-b9f8-8350850f336f>
 DWORD Type;
 DWORD Method;
 DWORD Usage;
 DWORD UsageIndex;
}

template DeclData {
 <bf22e553-292c-4781-9fea-62bd554bdd93>
 DWORD nElements;
 array VertexElement Elements[nElements];
 DWORD nDWords;
 array DWORD data[nDWords];
}

template XSkinMeshHeader {
 <3cf169ce-ff7c-44ab-93c0-f78f62d172e2>
 WORD nMaxSkinWeightsPerVertex;
 WORD nMaxSkinWeightsPerFace;
 WORD nBones;
}

template SkinWeights {
 <6f0d123b-bad2-4167-a0d0-80224f25fabb>
 STRING transformNodeName;
 DWORD nWeights;
 array DWORD vertexIndices[nWeights];
 array FLOAT weights[nWeights];
 Matrix4x4 matrixOffset;
}

template AnimTicksPerSecond {
 <9e415a43-7ba6-4a73-8743-b73d47e88476>
 DWORD AnimTicksPerSecond;
}

template Animation {
 <3d82ab4f-62da-11cf-ab39-0020af71e433>
 [...]
}

template AnimationSet {
 <3d82ab50-62da-11cf-ab39-0020af71e433>
 [Animation <3d82ab4f-62da-11cf-ab39-0020af71e433>]
}

template FloatKeys {
 <10dd46a9-775b-11cf-8f52-0040333594a3>
 DWORD nValues;
 array FLOAT values[nValues];
}

template TimedFloatKeys {
 <f406b180-7b3b-11cf-8f52-0040333594a3>
 DWORD time;
 FloatKeys tfkeys;
}

template AnimationKey {
 <10dd46a8-775b-11cf-8f52-0040333594a3>
 DWORD keyType;
 DWORD nKeys;
 array TimedFloatKeys keys[nKeys];
}


Frame Bip001 {
 

 FrameTransformMatrix {
  0.011756,0.000000,0.999931,0.000000,-0.000000,1.000000,-0.000000,0.000000,-0.999931,-0.000000,0.011756,0.000000,-0.000000,121.442701,-0.001545,1.000000;;
 }

 Frame Bip001_Pelvis {
  

  FrameTransformMatrix {
   0.000000,0.998049,-0.062430,0.000000,-0.000001,0.062430,0.998049,0.000000,1.000000,0.000000,0.000001,0.000000,0.000000,0.000000,0.000000,1.000000;;
  }

  Frame Bip001_Spine {
   

   FrameTransformMatrix {
    0.946006,-0.002780,0.324139,0.000000,-0.103750,0.944763,0.310901,0.000000,-0.307099,-0.327744,0.893462,0.000000,14.238114,0.894576,-0.011476,1.000000;;
   }

   Frame Bip001_Spine1 {
    

    FrameTransformMatrix {
     0.997733,0.065030,0.017316,0.000000,-0.066914,0.986042,0.152458,0.000000,-0.007160,-0.153271,0.988158,0.000000,16.122315,0.001968,-0.012684,1.000000;;
    }

    Frame Bip001_Spine2 {
     

     FrameTransformMatrix {
      0.997641,0.065549,0.020388,0.000000,-0.068621,0.960371,0.270146,0.000000,-0.001873,-0.270908,0.962603,0.000000,16.122238,0.003477,-0.012363,1.000000;;
     }

     Frame Bip001_Spine3 {
      

      FrameTransformMatrix {
       0.999957,0.001862,0.009120,0.000000,-0.004968,0.935325,0.353756,0.000000,-0.007871,-0.353786,0.935293,0.000000,16.122315,0.004543,-0.012005,1.000000;;
      }

      Frame Bip001_Neck {
       

       FrameTransformMatrix {
        0.914363,0.068046,0.399136,0.000000,-0.056589,0.997578,-0.040432,0.000000,-0.400921,0.014383,0.916000,0.000000,16.125198,-0.000111,-0.006786,1.000000;;
       }

       Frame Bip001_L_Clavicle {
        

        FrameTransformMatrix {
         -0.314372,0.933880,-0.170405,0.000000,0.861018,0.204911,-0.465467,0.000000,-0.399772,-0.293052,-0.868506,0.000000,0.295364,4.330086,0.069824,1.000000;;
        }

        Frame Bip001_L_UpperArm {
         

         FrameTransformMatrix {
          0.193174,-0.416991,-0.888146,0.000000,-0.197245,0.870211,-0.451472,0.000000,0.961134,0.262395,0.085853,0.000000,16.122230,0.000000,-0.000004,1.000000;;
         }

         Frame Bip001_L_Forearm {
          

          FrameTransformMatrix {
           0.643092,-0.000000,-0.765789,0.000000,-0.000000,1.000000,-0.000000,0.000000,0.765789,0.000000,0.643092,0.000000,44.136810,0.000000,-0.000004,1.000000;;
          }

          Frame Bip001_L_Hand {
           

           FrameTransformMatrix {
            0.826351,0.488458,0.280272,0.000000,-0.533179,0.838801,0.110155,0.000000,-0.181286,-0.240462,0.953579,0.000000,37.683360,0.000000,0.000000,1.000000;;
           }

           Frame Bip001_L_Finger0 {
            

            FrameTransformMatrix {
             0.819792,-0.208733,0.533265,0.000000,0.571953,0.252143,-0.780572,0.000000,0.028472,0.944910,0.326090,0.000000,4.289875,-5.456856,2.394806,1.000000;;
            }

            Frame Bip001_L_Finger01 {
             

             FrameTransformMatrix {
              0.908864,0.000000,0.417094,0.000000,0.000000,1.000000,-0.000000,0.000000,-0.417094,-0.000000,0.908863,0.000000,3.875542,0.000000,-0.000008,1.000000;;
             }

             Frame Bip001_L_Finger02 {
              

              FrameTransformMatrix {
               0.979855,-0.000000,0.199710,0.000000,-0.000000,1.000000,-0.000000,0.000000,-0.199710,0.000000,0.979855,0.000000,3.875519,0.000015,0.000015,1.000000;;
              }

              Frame Bip001_L_Finger0Nub {
               

               FrameTransformMatrix {
                1.000000,-0.000000,0.000000,0.000000,-0.000000,1.000000,0.000000,0.000000,0.000000,0.000000,1.000000,0.000000,3.875538,0.000000,0.000000,1.000000;;
               }
              }
             }
            }
           }

           Frame Bip001_L_Finger1 {
            

            FrameTransformMatrix {
             0.999481,-0.000026,0.032220,0.000000,0.000000,1.000000,0.000796,0.000000,-0.032220,-0.000796,0.999480,0.000000,11.734268,-5.461197,-0.417755,1.000000;;
            }

            Frame Bip001_L_Finger11 {
             

             FrameTransformMatrix {
              0.361810,-0.000000,0.932252,0.000000,-0.000000,1.000000,0.000000,0.000000,-0.932252,0.000000,0.361810,0.000000,4.650650,-0.000008,-0.000008,1.000000;;
             }

             Frame Bip001_L_Finger12 {
              

              FrameTransformMatrix {
               0.300231,0.000000,0.953867,0.000000,0.000000,1.000000,-0.000000,0.000000,-0.953867,0.000000,0.300231,0.000000,4.650635,0.000000,0.000000,1.000000;;
              }

              Frame Bip001_L_Finger1Nub {
               

               FrameTransformMatrix {
                1.000000,0.000000,0.000000,0.000000,0.000000,1.000000,0.000000,0.000000,0.000000,0.000000,1.000000,0.000000,4.650642,0.000000,-0.000004,1.000000;;
               }
              }
             }
            }
           }

           Frame Bip001_L_Finger2 {
            

            FrameTransformMatrix {
             0.998501,0.054439,0.005635,0.000000,-0.054546,0.998291,0.020970,0.000000,-0.004483,-0.021246,0.999764,0.000000,11.686767,-1.501305,-0.364784,1.000000;;
            }

            Frame Bip001_L_Finger21 {
             

             FrameTransformMatrix {
              0.348076,0.000000,0.937466,0.000000,0.000000,1.000000,-0.000000,0.000000,-0.937466,0.000000,0.348076,0.000000,4.698433,0.000000,0.000008,1.000000;;
             }

             Frame Bip001_L_Finger22 {
              

              FrameTransformMatrix {
               0.030602,-0.000000,0.999532,0.000000,-0.000000,1.000000,0.000000,0.000000,-0.999532,0.000000,0.030602,0.000000,5.425736,0.000008,0.000000,1.000000;;
              }

              Frame Bip001_L_Finger2Nub {
               

               FrameTransformMatrix {
                1.000000,-0.000000,0.000000,0.000000,-0.000000,1.000000,-0.000000,0.000000,-0.000000,0.000000,1.000000,0.000000,5.425751,-0.000008,0.000000,1.000000;;
               }
              }
             }
            }
           }

           Frame Bip001_L_Finger3 {
            

            FrameTransformMatrix {
             0.995686,0.085688,-0.035586,0.000000,-0.084190,0.995578,0.041667,0.000000,0.038999,-0.038491,0.998498,0.000000,11.686195,1.606102,-0.362915,1.000000;;
            }

            Frame Bip001_L_Finger31 {
             

             FrameTransformMatrix {
              0.419784,0.000000,0.907624,0.000000,0.000000,1.000000,0.000000,0.000000,-0.907624,-0.000000,0.419784,0.000000,4.316544,0.000000,0.000008,1.000000;;
             }

             Frame Bip001_L_Finger32 {
              

              FrameTransformMatrix {
               0.000102,0.000000,1.000000,0.000000,0.000000,1.000000,-0.000000,0.000000,-1.000000,0.000000,0.000102,0.000000,4.650638,0.000008,0.000000,1.000000;;
              }

              Frame Bip001_L_Finger3Nub {
               

               FrameTransformMatrix {
                1.000000,-0.000000,-0.000000,0.000000,0.000000,1.000000,0.000000,0.000000,0.000000,-0.000000,1.000000,0.000000,4.650650,0.000000,0.000008,1.000000;;
               }
              }
             }
            }
           }

           Frame Bip001_L_Finger4 {
            

            FrameTransformMatrix {
             0.964643,0.040438,0.260439,0.000000,-0.043233,0.999052,0.005008,0.000000,-0.259990,-0.016090,0.965477,0.000000,10.216782,4.386826,-0.631805,1.000000;;
            }

            Frame Bip001_L_Finger41 {
             

             FrameTransformMatrix {
              0.392584,0.000000,0.919716,0.000000,0.000000,1.000000,-0.000000,0.000000,-0.919716,-0.000000,0.392584,0.000000,3.003716,0.000000,0.000008,1.000000;;
             }

             Frame Bip001_L_Finger42 {
              

              FrameTransformMatrix {
               0.022317,0.000000,0.999751,0.000000,0.000000,1.000000,-0.000000,0.000000,-0.999751,-0.000000,0.022317,0.000000,3.003708,0.000000,-0.000008,1.000000;;
              }

              Frame Bip001_L_Finger4Nub {
               

               FrameTransformMatrix {
                1.000000,0.000000,0.000000,0.000000,0.000000,1.000000,-0.000000,0.000000,0.000000,-0.000000,1.000000,0.000000,3.003708,-0.000015,-0.000008,1.000000;;
               }
              }
             }
            }
           }
          }
         }
        }
       }

       Frame Bip001_R_Clavicle {
        

        FrameTransformMatrix {
         -0.308141,-0.951315,0.006988,0.000000,-0.866331,0.283633,0.411124,0.000000,-0.393091,0.120631,-0.911552,0.000000,-0.295364,-4.330086,-0.055008,1.000000;;
        }

        Frame Bip001_R_UpperArm {
         

         FrameTransformMatrix {
          0.336697,0.873538,-0.351520,0.000000,-0.712647,0.480403,0.511221,0.000000,0.615442,0.078382,0.784275,0.000000,16.122221,-0.000015,0.000001,1.000000;;
         }

         Frame Bip001_R_Forearm {
          

          FrameTransformMatrix {
           0.655402,0.000000,-0.755280,0.000000,-0.000000,1.000000,-0.000000,0.000000,0.755280,0.000000,0.655402,0.000000,44.136803,-0.000008,-0.000003,1.000000;;
          }

          Frame Bip001_R_Hand {
           

           FrameTransformMatrix {
            0.981935,-0.181986,0.051817,0.000000,-0.072198,-0.107213,0.991611,0.000000,-0.174904,-0.977439,-0.118415,0.000000,37.683360,0.000000,-0.000008,1.000000;;
           }

           Frame Bip001_R_Finger0 {
            

            FrameTransformMatrix {
             0.819792,0.208733,0.533265,0.000000,-0.571953,0.252143,0.780572,0.000000,0.028472,-0.944910,0.326090,0.000000,4.289871,5.456852,2.394806,1.000000;;
            }

            Frame Bip001_R_Finger01 {
             

             FrameTransformMatrix {
              0.908864,-0.000000,0.417094,0.000000,0.000000,1.000000,-0.000000,0.000000,-0.417094,-0.000000,0.908863,0.000000,3.875540,0.000008,0.000008,1.000000;;
             }

             Frame Bip001_R_Finger02 {
              

              FrameTransformMatrix {
               0.979855,-0.000000,0.199710,0.000000,0.000000,1.000000,0.000000,0.000000,-0.199710,-0.000000,0.979855,0.000000,3.875534,-0.000008,-0.000015,1.000000;;
              }

              Frame Bip001_R_Finger0Nub {
               

               FrameTransformMatrix {
                -1.000000,0.000000,0.000000,0.000000,0.000000,1.000000,0.000000,0.000000,0.000000,0.000000,-1.000000,0.000000,3.875534,0.000000,0.000004,1.000000;;
               }
              }
             }
            }
           }

           Frame Bip001_R_Finger1 {
            

            FrameTransformMatrix {
             0.999481,0.000026,0.032220,0.000000,0.000000,1.000000,-0.000796,0.000000,-0.032221,0.000796,0.999480,0.000000,11.734261,5.461193,-0.417763,1.000000;;
            }

            Frame Bip001_R_Finger11 {
             

             FrameTransformMatrix {
              0.361810,0.000000,0.932252,0.000000,-0.000000,1.000000,0.000000,0.000000,-0.932252,0.000000,0.361810,0.000000,4.650638,0.000000,0.000008,1.000000;;
             }

             Frame Bip001_R_Finger12 {
              

              FrameTransformMatrix {
               0.300231,0.000000,0.953867,0.000000,0.000000,1.000000,0.000000,0.000000,-0.953867,0.000000,0.300231,0.000000,4.650642,0.000000,-0.000004,1.000000;;
              }

              Frame Bip001_R_Finger1Nub {
               

               FrameTransformMatrix {
                -1.000000,0.000000,-0.000000,0.000000,0.000000,1.000000,0.000000,0.000000,-0.000000,-0.000000,-1.000000,0.000000,4.650635,-0.000004,0.000008,1.000000;;
               }
              }
             }
            }
           }

           Frame Bip001_R_Finger2 {
            

            FrameTransformMatrix {
             0.998501,-0.054439,0.005635,0.000000,0.054546,0.998291,-0.020970,0.000000,-0.004484,0.021246,0.999764,0.000000,11.686767,1.501312,-0.364792,1.000000;;
            }

            Frame Bip001_R_Finger21 {
             

             FrameTransformMatrix {
              0.348076,0.000000,0.937466,0.000000,0.000000,1.000000,-0.000000,0.000000,-0.937466,0.000000,0.348076,0.000000,4.698429,-0.000008,0.000015,1.000000;;
             }

             Frame Bip001_R_Finger22 {
              

              FrameTransformMatrix {
               0.030602,-0.000000,0.999532,0.000000,-0.000000,1.000000,0.000000,0.000000,-0.999532,0.000000,0.030602,0.000000,5.425743,0.000000,-0.000008,1.000000;;
              }

              Frame Bip001_R_Finger2Nub {
               

               FrameTransformMatrix {
                -1.000000,-0.000000,-0.000000,0.000000,0.000000,1.000000,0.000000,0.000000,-0.000000,0.000000,-1.000000,0.000000,5.425758,0.000000,0.000000,1.000000;;
               }
              }
             }
            }
           }

           Frame Bip001_R_Finger3 {
            

            FrameTransformMatrix {
             0.995686,-0.085688,-0.035586,0.000000,0.084190,0.995578,-0.041667,0.000000,0.038999,0.038491,0.998498,0.000000,11.686199,-1.606094,-0.362915,1.000000;;
            }

            Frame Bip001_R_Finger31 {
             

             FrameTransformMatrix {
              0.419784,0.000000,0.907624,0.000000,0.000000,1.000000,0.000000,0.000000,-0.907624,-0.000000,0.419784,0.000000,4.316547,0.000000,0.000000,1.000000;;
             }

             Frame Bip001_R_Finger32 {
              

              FrameTransformMatrix {
               0.000102,0.000000,1.000000,0.000000,0.000000,1.000000,0.000000,0.000000,-1.000000,-0.000000,0.000102,0.000000,4.650642,0.000000,-0.000008,1.000000;;
              }

              Frame Bip001_R_Finger3Nub {
               

               FrameTransformMatrix {
                -1.000000,0.000000,0.000000,0.000000,0.000000,1.000000,-0.000000,0.000000,-0.000000,-0.000000,-1.000000,0.000000,4.650650,0.000000,-0.000008,1.000000;;
               }
              }
             }
            }
           }

           Frame Bip001_R_Finger4 {
            

            FrameTransformMatrix {
             0.964643,-0.040438,0.260439,0.000000,0.043233,0.999053,-0.005008,0.000000,-0.259990,0.016090,0.965477,0.000000,10.216790,-4.386826,-0.631805,1.000000;;
            }

            Frame Bip001_R_Finger41 {
             

             FrameTransformMatrix {
              0.392584,0.000000,0.919716,0.000000,0.000000,1.000000,0.000000,0.000000,-0.919716,0.000000,0.392584,0.000000,3.003708,0.000008,0.000000,1.000000;;
             }

             Frame Bip001_R_Finger42 {
              

              FrameTransformMatrix {
               0.022317,0.000000,0.999751,0.000000,0.000000,1.000000,0.000000,0.000000,-0.999751,-0.000000,0.022317,0.000000,3.003708,0.000000,0.000004,1.000000;;
              }

              Frame Bip001_R_Finger4Nub {
               

               FrameTransformMatrix {
                -1.000000,-0.000000,-0.000000,0.000000,0.000000,1.000000,0.000000,0.000000,0.000000,0.000000,-1.000000,0.000000,3.003708,0.000000,0.000000,1.000000;;
               }
              }
             }
            }
           }
          }
         }
        }
       }

       Frame Bip001_Head {
        

        FrameTransformMatrix {
         0.864106,-0.279970,-0.418255,0.000000,-0.251698,0.479260,-0.840808,0.000000,0.435854,0.831821,0.343663,0.000000,15.765366,-0.911514,-0.005142,1.000000;;
        }

        Frame Bip001_HeadNub {
         

         FrameTransformMatrix {
          1.000000,0.000000,0.000000,0.000000,-0.000000,1.000000,0.000000,0.000000,-0.000000,0.000000,1.000000,0.000000,29.144029,0.000001,0.000004,1.000000;;
         }
        }
       }
      }
     }
    }
   }

   Frame Bip001_L_Thigh {
    

    FrameTransformMatrix {
     -0.682390,0.153776,0.714631,0.000000,0.277214,-0.850156,0.447647,0.000000,0.676385,0.503576,0.537509,0.000000,-13.497597,12.352293,0.611382,1.000000;;
    }

    Frame Bip001_L_Calf {
     

     FrameTransformMatrix {
      0.880924,0.000000,-0.473257,0.000000,0.000000,1.000000,0.000000,0.000000,0.473257,-0.000000,0.880924,0.000000,54.040710,0.000000,0.000000,1.000000;;
     }

     Frame Bip001_L_Foot {
      

      FrameTransformMatrix {
       0.951173,-0.166204,0.260090,0.000000,0.234534,0.936982,-0.258956,0.000000,-0.200660,0.307312,0.930212,0.000000,58.826880,0.000000,0.000004,1.000000;;
      }

      Frame Bip001_L_Toe0 {
       

       FrameTransformMatrix {
        0.000000,0.000000,1.000000,0.000000,-0.000000,1.000000,0.000000,0.000000,-1.000000,-0.000000,-0.000000,0.000000,14.261971,0.000000,18.354526,1.000000;;
       }

       Frame Bip001_L_Toe01 {
        

        FrameTransformMatrix {
         1.000000,-0.000000,-0.000000,0.000000,0.000000,1.000000,0.000000,0.000000,-0.000000,0.000000,1.000000,0.000000,1.860260,-0.000000,-0.000000,1.000000;;
        }

        Frame Bip001_L_Toe02 {
         

         FrameTransformMatrix {
          1.000000,-0.000000,-0.000000,0.000000,0.000000,1.000000,0.000000,0.000000,-0.000000,0.000000,1.000000,0.000000,1.860256,0.000000,0.000000,1.000000;;
         }

         Frame Bip001_L_Toe0Nub {
          

          FrameTransformMatrix {
           -1.000000,-0.000000,-0.000000,0.000000,-0.000000,1.000000,0.000000,0.000000,0.000000,-0.000000,-1.000000,0.000000,1.860252,-0.000000,-0.000000,1.000000;;
          }
         }
        }
       }
      }
     }
    }
   }

   Frame Bip001_R_Thigh {
    

    FrameTransformMatrix {
     -0.960600,-0.055987,0.272238,0.000000,0.050886,-0.998372,-0.025770,0.000000,0.273238,-0.010902,0.961885,0.000000,-13.428619,-11.081066,8.740502,1.000000;;
    }

    Frame Bip001_R_Calf {
     

     FrameTransformMatrix {
      -0.398143,-0.000000,-0.917323,0.000000,0.000000,1.000000,-0.000000,0.000000,0.917323,0.000000,-0.398143,0.000000,53.736051,0.000000,-0.000000,1.000000;;
     }

     Frame Bip001_R_Foot {
      

      FrameTransformMatrix {
       0.978806,-0.044684,-0.199858,0.000000,0.018254,0.991058,-0.132181,0.000000,0.203977,0.125732,0.970868,0.000000,59.151962,0.000002,-0.000008,1.000000;;
      }

      Frame Bip001_R_Toe0 {
       

       FrameTransformMatrix {
        -0.000000,0.000000,1.000000,0.000000,-0.000000,1.000000,0.000000,0.000000,-1.000000,-0.000000,0.000000,0.000000,14.261978,0.000000,18.354530,1.000000;;
       }

       Frame Bip001_R_Toe01 {
        

        FrameTransformMatrix {
         1.000000,0.000000,0.000000,0.000000,0.000000,1.000000,-0.000000,0.000000,0.000000,0.000000,1.000000,0.000000,1.860252,-0.000004,0.000015,1.000000;;
        }

        Frame Bip001_R_Toe02 {
         

         FrameTransformMatrix {
          1.000000,0.000000,0.000000,0.000000,0.000000,1.000000,-0.000000,0.000000,0.000000,0.000000,1.000000,0.000000,1.860252,0.000000,-0.000008,1.000000;;
         }

         Frame Bip001_R_Toe0Nub {
          

          FrameTransformMatrix {
           1.000000,0.000000,0.000000,0.000000,0.000000,1.000000,-0.000000,0.000000,0.000000,0.000000,1.000000,0.000000,1.860256,0.000000,-0.000008,1.000000;;
          }
         }
        }
       }
      }
     }
    }
   }
  }
 }
}

Frame Box001 {
 

 FrameTransformMatrix {
  0.667112,0.000000,0.000000,0.000000,0.000000,0.696682,0.000000,0.000000,0.000000,0.000000,0.492662,0.000000,0.000000,0.000000,0.000000,1.000000;;
 }

 Mesh Box001 {
  24;
  40.052070;36.618870;158.605146;,
  36.040877;35.682330;156.543258;,
  38.793610;34.965875;155.327770;,
  37.299341;37.335328;159.820634;,
  40.106246;38.165382;157.007206;,
  36.095050;37.228845;154.945318;,
  37.353517;38.881840;158.222682;,
  38.847782;36.512384;153.729830;,
  40.052070;36.618870;158.605146;,
  37.353517;38.881840;158.222682;,
  37.299341;37.335328;159.820634;,
  40.106246;38.165382;157.007206;,
  37.299341;37.335328;159.820634;,
  36.095050;37.228845;154.945318;,
  36.040877;35.682330;156.543258;,
  37.353517;38.881840;158.222682;,
  36.040877;35.682330;156.543258;,
  38.847782;36.512384;153.729830;,
  38.793610;34.965875;155.327770;,
  36.095050;37.228845;154.945318;,
  38.793610;34.965875;155.327770;,
  40.106246;38.165382;157.007206;,
  40.052070;36.618870;158.605146;,
  38.847782;36.512384;153.729830;;
  12;
  3;0,1,2;,
  3;1,0,3;,
  3;4,5,6;,
  3;5,4,7;,
  3;8,9,10;,
  3;9,8,11;,
  3;12,13,14;,
  3;13,12,15;,
  3;16,17,18;,
  3;17,16,19;,
  3;20,21,22;,
  3;21,20,23;;

  MeshMaterialList {
   1;
   12;
   0,
   0,
   0,
   0,
   0,
   0,
   0,
   0,
   0,
   0,
   0,
   0;

   Material  {
    0.529412;0.231373;0.031373;1.000000;;
    0.000000;
    0.000000;0.000000;0.000000;;
    0.000000;0.000000;0.000000;;
   }
  }

  DeclData {
   2;
   2;0;3;0;,
   1;0;5;0;;
   120;
   3169430341,
   3210958697,
   1055584054,
   1065353216,
   1065353216,
   3169430341,
   3210958697,
   1055584054,
   0,
   0,
   3169430342,
   3210958697,
   1055584054,
   1065353216,
   0,
   3169430342,
   3210958697,
   1055584054,
   0,
   1065353216,
   1021946829,
   1063475045,
   3203067716,
   0,
   1065353216,
   1021946881,
   1063475044,
   3203067721,
   1065353216,
   0,
   1021946688,
   1063475049,
   3203067701,
   1065353216,
   1065353216,
   1021947023,
   1063475040,
   3203067737,
   0,
   0,
   1055090217,
   1059250381,
   1059159432,
   0,
   1065353216,
   1055090217,
   1059250381,
   1059159432,
   1065353216,
   0,
   1055090217,
   1059250381,
   1059159432,
   1065353216,
   1065353216,
   1055090217,
   1059250381,
   1059159432,
   0,
   0,
   3211782830,
   1049113662,
   1046944454,
   0,
   1065353216,
   3211782833,
   1049113641,
   1046944457,
   1065353216,
   0,
   3211782836,
   1049113616,
   1046944462,
   1065353216,
   1065353216,
   3211782827,
   1049113686,
   1046944449,
   0,
   0,
   3202573876,
   3206734040,
   3206643064,
   0,
   1065353216,
   3202573870,
   3206734044,
   3206643062,
   1065353216,
   0,
   3202573860,
   3206734051,
   3206643059,
   1065353216,
   1065353216,
   3202573887,
   3206734033,
   3206643067,
   0,
   0,
   1064299183,
   3196597299,
   3194428102,
   0,
   1065353216,
   1064299184,
   3196597307,
   3194428076,
   1065353216,
   0,
   1064299184,
   3196597313,
   3194428054,
   1065353216,
   1065353216,
   1064299183,
   3196597292,
   3194428123,
   0,
   0;
  }

  XSkinMeshHeader {
   1;
   1;
   1;
  }

  SkinWeights {
   "Bip001_L_Toe0Nub";
   24;
   0,
   1,
   2,
   3,
   4,
   5,
   6,
   7,
   8,
   9,
   10,
   11,
   12,
   13,
   14,
   15,
   16,
   17,
   18,
   19,
   20,
   21,
   22,
   23;
   1.000000,
   1.000000,
   1.000000,
   1.000000,
   1.000000,
   1.000000,
   1.000000,
   1.000000,
   1.000000,
   1.000000,
   1.000000,
   1.000000,
   1.000000,
   1.000000,
   1.000000,
   1.000000,
   1.000000,
   1.000000,
   1.000000,
   1.000000,
   1.000000,
   1.000000,
   1.000000,
   1.000000;
   -0.045323,0.664075,-0.044592,0.000000,-0.150922,-0.055817,-0.677844,0.000000,-0.479797,-0.025432,0.108921,0.000000,52.143962,3.780442,-4.096512,1.000000;;
  }
 }
}

AnimTicksPerSecond  {
 4800;
}

AnimationSet Anim1 {
 

 Animation {
  
  { Bip001 }

  AnimationKey S {
   1;
   2;
   0;3;1.000000,1.000000,1.000000;;,
   3520;3;1.000000,1.000000,1.000000;;;
  }

  AnimationKey R {
   0;
   23;
   0;4;0.711251,0.000000,0.702938,-0.000000;;,
   160;4;0.705141,-0.007958,0.709020,0.001750;;,
   320;4;0.698196,-0.016592,0.715707,0.003132;;,
   480;4;0.691469,-0.024920,0.721962,0.004477;;,
   640;4;0.686083,-0.031968,0.726794,0.006200;;,
   800;4;0.683208,-0.036765,0.729245,0.008768;;,
   960;4;0.686620,-0.036935,0.725921,0.015063;;,
   1120;4;0.695086,-0.032416,0.717823,0.023138;;,
   1280;4;0.702381,-0.026031,0.710839,0.026294;;,
   1440;4;0.705869,-0.017153,0.707889,0.018636;;,
   1600;4;0.708134,-0.006673,0.706020,0.006108;;,
   1760;4;0.711251,-0.000000,0.702938,-0.000000;;,
   1920;4;0.716463,0.002182,0.697615,0.003125;;,
   2080;4;0.722825,0.003109,0.690958,0.009616;;,
   2240;4;0.729347,0.003265,0.683907,0.017730;;,
   2400;4;0.735087,0.003040,0.677478,0.025715;;,
   2560;4;0.739159,0.002728,0.672775,0.031806;;,
   2720;4;0.740707,0.002569,0.670951,0.034231;;,
   2880;4;0.738241,0.002235,0.673807,0.031295;;,
   3040;4;0.732104,0.001503,0.680767,0.024045;;,
   3200;4;0.724202,0.000759,0.689428,0.014827;;,
   3360;4;0.716541,0.000243,0.697519,0.006014;;,
   3520;4;0.711251,0.000000,0.702938,-0.000000;;;
  }

  AnimationKey T {
   2;
   23;
   0;3;-0.000000,121.442701,-0.001545;;,
   160;3;-0.000000,126.132915,-0.001545;;,
   320;3;-0.000000,130.823155,-0.001545;;,
   480;3;-0.000000,133.946624,-0.001545;;,
   640;3;-0.000000,133.250458,-0.001545;;,
   800;3;-0.000000,130.532083,-0.001545;;,
   960;3;-0.000000,127.608448,-0.001545;;,
   1120;3;-0.000000,125.040589,-0.001545;;,
   1280;3;-0.000000,123.384947,-0.001545;;,
   1440;3;-0.000000,121.840602,-0.001545;;,
   1600;3;-0.000000,120.996800,-0.001545;;,
   1760;3;-0.000000,121.442701,-0.001545;;,
   1920;3;-0.000000,125.084365,-0.001545;;,
   2080;3;-0.000000,130.669696,-0.001545;;,
   2240;3;-0.000000,134.050726,-0.001545;;,
   2400;3;-0.000000,132.924595,-0.001545;;,
   2560;3;-0.000000,129.594163,-0.001545;;,
   2720;3;-0.000000,126.819917,-0.001545;;,
   2880;3;-0.000000,125.347635,-0.001545;;,
   3040;3;-0.000000,124.079206,-0.001545;;,
   3200;3;-0.000000,123.009165,-0.001545;;,
   3360;3;-0.000000,122.132147,-0.001545;;,
   3520;3;-0.000000,121.442701,-0.001545;;;
  }
 }

 Animation {
  
  { Bip001_Pelvis }

  AnimationKey S {
   1;
   2;
   0;3;1.000000,1.000000,1.000000;;,
   3520;3;1.000000,1.000000,1.000000;;;
  }

  AnimationKey R {
   0;
   23;
   0;4;0.515371,-0.484141,-0.515371,-0.484141;;,
   160;4;0.511818,-0.487896,-0.511817,-0.487897;;,
   320;4;0.508126,-0.491740,-0.508125,-0.491741;;,
   480;4;0.504460,-0.495500,-0.504460,-0.495500;;,
   640;4;0.500992,-0.499006,-0.500992,-0.499006;;,
   800;4;0.497896,-0.502095,-0.497895,-0.502096;;,
   960;4;0.494853,-0.505095,-0.494852,-0.505096;;,
   1120;4;0.491648,-0.508215,-0.491648,-0.508215;;,
   1280;4;0.488624,-0.511123,-0.488624,-0.511123;;,
   1440;4;0.486129,-0.513496,-0.486129,-0.513497;;,
   1600;4;0.484517,-0.515018,-0.484516,-0.515018;;,
   1760;4;0.484142,-0.515370,-0.484142,-0.515371;;,
   1920;4;0.485338,-0.514244,-0.485337,-0.514245;;,
   2080;4;0.487884,-0.511829,-0.487883,-0.511830;;,
   2240;4;0.491301,-0.508550,-0.491301,-0.508551;;,
   2400;4;0.495116,-0.504837,-0.495115,-0.504838;;,
   2560;4;0.498864,-0.501133,-0.498863,-0.501134;;,
   2720;4;0.502097,-0.497895,-0.502096,-0.497895;;,
   2880;4;0.505369,-0.494572,-0.505369,-0.494573;;,
   3040;4;0.509044,-0.490790,-0.509043,-0.490791;;,
   3200;4;0.512400,-0.487285,-0.512399,-0.487285;;,
   3360;4;0.514739,-0.484813,-0.514738,-0.484814;;,
   3520;4;0.515371,-0.484141,-0.515371,-0.484141;;;
  }

  AnimationKey T {
   2;
   2;
   0;3;0.000000,0.000000,0.000000;;,
   3520;3;0.000000,0.000000,0.000000;;;
  }
 }

 Animation {
  
  { Bip001_Spine }

  AnimationKey S {
   1;
   2;
   0;3;1.000000,1.000000,1.000000;;,
   3520;3;1.000000,1.000000,1.000000;;;
  }

  AnimationKey R {
   0;
   23;
   0;4;0.972655,-0.164150,0.162246,-0.025952;;,
   160;4;0.972819,-0.162959,0.163442,-0.018839;;,
   320;4;0.972933,-0.161723,0.164666,-0.011506;;,
   480;4;0.972992,-0.160495,0.165862,-0.004282;;,
   640;4;0.972998,-0.159335,0.166977,0.002504;;,
   800;4;0.972964,-0.158299,0.167960,0.008523;;,
   960;4;0.972895,-0.157281,0.168913,0.014403;;,
   1120;4;0.972784,-0.156209,0.169904,0.020555;;,
   1280;4;0.972645,-0.155199,0.170828,0.026327;;,
   1440;4;0.972505,-0.154365,0.171582,0.031063;;,
   1600;4;0.972403,-0.153826,0.172065,0.034112;;,
   1760;4;0.972378,-0.153701,0.172177,0.034819;;,
   1920;4;0.972456,-0.154100,0.171820,0.032561;;,
   2080;4;0.972606,-0.154951,0.171053,0.027735;;,
   2240;4;0.972770,-0.156093,0.170011,0.021219;;,
   2400;4;0.972902,-0.157369,0.168831,0.013896;;,
   2560;4;0.972978,-0.158623,0.167654,0.006645;;,
   2720;4;0.973001,-0.159704,0.166624,0.000349;;,
   2880;4;0.972982,-0.160800,0.165567,-0.006069;;,
   3040;4;0.972910,-0.162030,0.164363,-0.013324;;,
   3200;4;0.972796,-0.163154,0.163247,-0.020001;;,
   3360;4;0.972688,-0.163938,0.162460,-0.024682;;,
   3520;4;0.972655,-0.164150,0.162246,-0.025952;;;
  }

  AnimationKey T {
   2;
   23;
   0;3;14.238114,0.894576,-0.011476;;,
   160;3;14.249656,0.686262,-0.011476;;,
   320;3;14.258378,0.471377,-0.011476;;,
   480;3;14.263810,0.259599,-0.011477;;,
   640;3;14.266022,0.060619,-0.011477;;,
   800;3;14.265686,-0.115878,-0.011478;;,
   960;3;14.263253,-0.288293,-0.011477;;,
   1120;3;14.258477,-0.468679,-0.011478;;,
   1280;3;14.251915,-0.637842,-0.011479;;,
   1440;3;14.245003,-0.776627,-0.011478;;,
   1600;3;14.239861,-0.865923,-0.011479;;,
   1760;3;14.238602,-0.886646,-0.011478;;,
   1920;3;14.242546,-0.820504,-0.011479;;,
   2080;3;14.250000,-0.679098,-0.011479;;,
   2240;3;14.257813,-0.488145,-0.011478;;,
   2400;3;14.263550,-0.273433,-0.011479;;,
   2560;3;14.266037,-0.060817,-0.011478;;,
   2720;3;14.265618,0.123823,-0.011478;;,
   2880;3;14.262771,0.311983,-0.011477;;,
   3040;3;14.256523,0.524667,-0.011477;;,
   3200;3;14.247978,0.720299,-0.011477;;,
   3360;3;14.240365,0.857396,-0.011476;;,
   3520;3;14.238114,0.894576,-0.011476;;;
  }
 }

 Animation {
  
  { Bip001_Spine1 }

  AnimationKey S {
   1;
   2;
   0;3;1.000000,1.000000,1.000000;;,
   3520;3;1.000000,1.000000,1.000000;;;
  }

  AnimationKey R {
   0;
   2;
   0;4;0.996486,-0.076702,0.006140,-0.033102;;,
   3520;4;0.996486,-0.076702,0.006140,-0.033102;;;
  }

  AnimationKey T {
   2;
   2;
   0;3;16.122315,0.001968,-0.012684;;,
   3520;3;16.122315,0.001968,-0.012688;;;
  }
 }

 Animation {
  
  { Bip001_Spine2 }

  AnimationKey S {
   1;
   2;
   0;3;1.000000,1.000000,1.000000;;,
   3520;3;1.000000,1.000000,1.000000;;;
  }

  AnimationKey R {
   0;
   2;
   0;4;0.990027,-0.136626,0.005621,-0.033880;;,
   3520;4;0.990027,-0.136626,0.005621,-0.033880;;;
  }

  AnimationKey T {
   2;
   2;
   0;3;16.122238,0.003477,-0.012363;;,
   3520;3;16.122238,0.003475,-0.012360;;;
  }
 }

 Animation {
  
  { Bip001_Spine3 }

  AnimationKey S {
   1;
   2;
   0;3;1.000000,1.000000,1.000000;;,
   3520;3;1.000000,1.000000,1.000000;;;
  }

  AnimationKey R {
   0;
   2;
   0;4;0.983689,-0.179819,0.004318,-0.001736;;,
   3520;4;0.983689,-0.179819,0.004318,-0.001736;;;
  }

  AnimationKey T {
   2;
   2;
   0;3;16.122315,0.004543,-0.012005;;,
   3520;3;16.122299,0.004547,-0.012005;;;
  }
 }

 Animation {
  
  { Bip001_Neck }

  AnimationKey S {
   1;
   2;
   0;3;1.000000,1.000000,1.000000;;,
   3520;3;1.000000,1.000000,1.000000;;;
  }

  AnimationKey R {
   0;
   2;
   0;4;0.978256,0.014008,0.204460,-0.031851;;,
   3520;4;0.978256,0.014008,0.204460,-0.031851;;;
  }

  AnimationKey T {
   2;
   2;
   0;3;16.125198,-0.000111,-0.006786;;,
   3520;3;16.125198,-0.000107,-0.006788;;;
  }
 }

 Animation {
  
  { Bip001_L_Clavicle }

  AnimationKey S {
   1;
   2;
   0;3;1.000000,1.000000,1.000000;;,
   3520;3;1.000000,1.000000,1.000000;;;
  }

  AnimationKey R {
   0;
   2;
   0;4;0.074217,0.580780,0.772624,-0.245436;;,
   3520;4;0.074217,0.580780,0.772624,-0.245436;;;
  }

  AnimationKey T {
   2;
   2;
   0;3;0.295364,4.330086,0.069824;;,
   3520;3;0.295349,4.330086,0.069832;;;
  }
 }

 Animation {
  
  { Bip001_L_UpperArm }

  AnimationKey S {
   1;
   2;
   0;3;1.000000,1.000000,1.000000;;,
   3520;3;1.000000,1.000000,1.000000;;;
  }

  AnimationKey R {
   0;
   2;
   0;4;0.733014,0.243470,-0.630711,0.074946;;,
   3520;4;0.733014,0.243470,-0.630711,0.074946;;;
  }

  AnimationKey T {
   2;
   2;
   0;3;16.122230,0.000000,-0.000004;;,
   3520;3;16.122222,0.000015,0.000000;;;
  }
 }

 Animation {
  
  { Bip001_L_Forearm }

  AnimationKey S {
   1;
   2;
   0;3;1.000000,1.000000,1.000000;;,
   3520;3;1.000000,1.000000,1.000000;;;
  }

  AnimationKey R {
   0;
   2;
   0;4;0.906392,0.000000,-0.422438,-0.000000;;,
   3520;4;0.906392,0.000000,-0.422438,-0.000000;;;
  }

  AnimationKey T {
   2;
   2;
   0;3;44.136810,0.000000,-0.000004;;,
   3520;3;44.136819,0.000000,-0.000006;;;
  }
 }

 Animation {
  
  { Bip001_L_Hand }

  AnimationKey S {
   1;
   2;
   0;3;1.000000,1.000000,1.000000;;,
   3520;3;1.000000,1.000000,1.000000;;;
  }

  AnimationKey R {
   0;
   7;
   0;4;0.951148,-0.092156,0.121316,-0.268527;;,
   160;4;0.949323,-0.148708,0.116337,-0.251272;;,
   320;4;0.944152,-0.204736,0.110949,-0.233131;;,
   480;4;0.935655,-0.260043,0.105169,-0.214168;;,
   640;4;0.923860,-0.314433,0.099019,-0.194450;;,
   800;4;0.908809,-0.367715,0.092519,-0.174048;;,
   3520;4;0.908809,-0.367715,0.092519,-0.174048;;;
  }

  AnimationKey T {
   2;
   2;
   0;3;37.683360,0.000000,0.000000;;,
   3520;3;37.683373,0.000000,0.000000;;;
  }
 }

 Animation {
  
  { Bip001_L_Finger0 }

  AnimationKey S {
   1;
   2;
   0;3;1.000000,1.000000,1.000000;;,
   3520;3;1.000000,1.000000,1.000000;;;
  }

  AnimationKey R {
   0;
   2;
   0;4;0.774278,0.557126,0.162988,0.252069;;,
   3520;4;0.774278,0.557126,0.162988,0.252069;;;
  }

  AnimationKey T {
   2;
   2;
   0;3;4.289875,-5.456856,2.394806;;,
   3520;3;4.289875,-5.456864,2.394806;;;
  }
 }

 Animation {
  
  { Bip001_L_Finger01 }

  AnimationKey S {
   1;
   2;
   0;3;1.000000,1.000000,1.000000;;,
   3520;3;1.000000,1.000000,1.000000;;;
  }

  AnimationKey R {
   0;
   2;
   0;4;0.976950,-0.000000,0.213467,0.000000;;,
   3520;4;0.976950,0.000000,0.213467,0.000000;;;
  }

  AnimationKey T {
   2;
   2;
   0;3;3.875542,0.000000,-0.000008;;,
   3520;3;3.875526,0.000015,0.000004;;;
  }
 }

 Animation {
  
  { Bip001_L_Finger02 }

  AnimationKey S {
   1;
   2;
   0;3;1.000000,1.000000,1.000000;;,
   3520;3;1.000000,1.000000,1.000000;;;
  }

  AnimationKey R {
   0;
   2;
   0;4;0.994951,0.000000,0.100362,-0.000000;;,
   3520;4;0.994951,0.000000,0.100362,0.000000;;;
  }

  AnimationKey T {
   2;
   2;
   0;3;3.875519,0.000015,0.000015;;,
   3520;3;3.875530,0.000000,-0.000004;;;
  }
 }

 Animation {
  
  { Bip001_L_Finger0Nub }

  AnimationKey S {
   1;
   2;
   0;3;1.000000,1.000000,1.000000;;,
   3520;3;1.000000,1.000000,1.000000;;;
  }

  AnimationKey R {
   0;
   2;
   0;4;1.000000,0.000000,0.000000,-0.000000;;,
   3520;4;1.000000,0.000000,0.000000,-0.000000;;;
  }

  AnimationKey T {
   2;
   2;
   0;3;3.875538,0.000000,0.000000;;,
   3520;3;3.875534,0.000000,0.000004;;;
  }
 }

 Animation {
  
  { Bip001_L_Finger1 }

  AnimationKey S {
   1;
   2;
   0;3;1.000000,1.000000,1.000000;;,
   3520;3;1.000000,1.000000,1.000000;;;
  }

  AnimationKey R {
   0;
   2;
   0;4;0.999870,-0.000398,0.016112,0.000006;;,
   3520;4;0.999870,-0.000398,0.016112,0.000006;;;
  }

  AnimationKey T {
   2;
   2;
   0;3;11.734268,-5.461197,-0.417755;;,
   3520;3;11.734261,-5.461197,-0.417763;;;
  }
 }

 Animation {
  
  { Bip001_L_Finger11 }

  AnimationKey S {
   1;
   2;
   0;3;1.000000,1.000000,1.000000;;,
   3520;3;1.000000,1.000000,1.000000;;;
  }

  AnimationKey R {
   0;
   2;
   0;4;0.825170,0.000000,0.564885,0.000000;;,
   3520;4;0.825170,0.000000,0.564885,0.000000;;;
  }

  AnimationKey T {
   2;
   2;
   0;3;4.650650,-0.000008,-0.000008;;,
   3520;3;4.650642,0.000000,0.000008;;;
  }
 }

 Animation {
  
  { Bip001_L_Finger12 }

  AnimationKey S {
   1;
   2;
   0;3;1.000000,1.000000,1.000000;;,
   3520;3;1.000000,1.000000,1.000000;;;
  }

  AnimationKey R {
   0;
   2;
   0;4;0.806297,0.000000,0.591510,0.000000;;,
   3520;4;0.806297,0.000000,0.591510,-0.000000;;;
  }

  AnimationKey T {
   2;
   2;
   0;3;4.650635,0.000000,0.000000;;,
   3520;3;4.650635,0.000000,0.000000;;;
  }
 }

 Animation {
  
  { Bip001_L_Finger1Nub }

  AnimationKey S {
   1;
   2;
   0;3;1.000000,1.000000,1.000000;;,
   3520;3;1.000000,1.000000,1.000000;;;
  }

  AnimationKey R {
   0;
   2;
   0;4;1.000000,0.000000,-0.000000,0.000000;;,
   3520;4;1.000000,-0.000000,-0.000000,-0.000000;;;
  }

  AnimationKey T {
   2;
   2;
   0;3;4.650642,0.000000,-0.000004;;,
   3520;3;4.650642,0.000000,0.000000;;;
  }
 }

 Animation {
  
  { Bip001_L_Finger2 }

  AnimationKey S {
   1;
   2;
   0;3;1.000000,1.000000,1.000000;;,
   3520;3;1.000000,1.000000,1.000000;;;
  }

  AnimationKey R {
   0;
   2;
   0;4;0.999570,-0.010559,0.002531,-0.027258;;,
   3520;4;0.999570,-0.010558,0.002531,-0.027258;;;
  }

  AnimationKey T {
   2;
   2;
   0;3;11.686767,-1.501305,-0.364784;;,
   3520;3;11.686756,-1.501320,-0.364777;;;
  }
 }

 Animation {
  
  { Bip001_L_Finger21 }

  AnimationKey S {
   1;
   2;
   0;3;1.000000,1.000000,1.000000;;,
   3520;3;1.000000,1.000000,1.000000;;;
  }

  AnimationKey R {
   0;
   2;
   0;4;0.820998,0.000000,0.570931,-0.000000;;,
   3520;4;0.820998,-0.000000,0.570931,-0.000000;;;
  }

  AnimationKey T {
   2;
   2;
   0;3;4.698433,0.000000,0.000008;;,
   3520;3;4.698440,0.000000,-0.000008;;;
  }
 }

 Animation {
  
  { Bip001_L_Finger22 }

  AnimationKey S {
   1;
   2;
   0;3;1.000000,1.000000,1.000000;;,
   3520;3;1.000000,1.000000,1.000000;;;
  }

  AnimationKey R {
   0;
   2;
   0;4;0.717845,0.000000,0.696203,-0.000000;;,
   3520;4;0.717845,0.000000,0.696203,0.000000;;;
  }

  AnimationKey T {
   2;
   2;
   0;3;5.425736,0.000008,0.000000;;,
   3520;3;5.425743,0.000000,-0.000008;;;
  }
 }

 Animation {
  
  { Bip001_L_Finger2Nub }

  AnimationKey S {
   1;
   2;
   0;3;1.000000,1.000000,1.000000;;,
   3520;3;1.000000,1.000000,1.000000;;;
  }

  AnimationKey R {
   0;
   2;
   0;4;1.000000,0.000000,0.000000,0.000000;;,
   3520;4;1.000000,0.000000,0.000000,-0.000000;;;
  }

  AnimationKey T {
   2;
   2;
   0;3;5.425751,-0.000008,0.000000;;,
