xof 0303txt 0032
template Frame {
 <3d82ab46-62da-11cf-ab39-0020af71e433>
 [...]
}

template Matrix4x4 {
 <f6f23f45-7686-11cf-8f52-0040333594a3>
 array FLOAT matrix[16];
}

template FrameTransformMatrix {
 <f6f23f41-7686-11cf-8f52-0040333594a3>
 Matrix4x4 frameMatrix;
}

template Vector {
 <3d82ab5e-62da-11cf-ab39-0020af71e433>
 FLOAT x;
 FLOAT y;
 FLOAT z;
}

template MeshFace {
 <3d82ab5f-62da-11cf-ab39-0020af71e433>
 DWORD nFaceVertexIndices;
 array DWORD faceVertexIndices[nFaceVertexIndices];
}

template Mesh {
 <3d82ab44-62da-11cf-ab39-0020af71e433>
 DWORD nVertices;
 array Vector vertices[nVertices];
 DWORD nFaces;
 array MeshFace faces[nFaces];
 [...]
}

template ColorRGBA {
 <35ff44e0-6c7c-11cf-8f52-0040333594a3>
 FLOAT red;
 FLOAT green;
 FLOAT blue;
 FLOAT alpha;
}

template ColorRGB {
 <d3e16e81-7835-11cf-8f52-0040333594a3>
 FLOAT red;
 FLOAT green;
 FLOAT blue;
}

template Material {
 <3d82ab4d-62da-11cf-ab39-0020af71e433>
 ColorRGBA faceColor;
 FLOAT power;
 ColorRGB specularColor;
 ColorRGB emissiveColor;
 [...]
}

template MeshMaterialList {
 <f6f23f42-7686-11cf-8f52-0040333594a3>
 DWORD nMaterials;
 DWORD nFaceIndexes;
 array DWORD faceIndexes[nFaceIndexes];
 [Material <3d82ab4d-62da-11cf-ab39-0020af71e433>]
}

template VertexElement {
 <f752461c-1e23-48f6-b9f8-8350850f336f>
 DWORD Type;
 DWORD Method;
 DWORD Usage;
 DWORD UsageIndex;
}

template DeclData {
 <bf22e553-292c-4781-9fea-62bd554bdd93>
 DWORD nElements;
 array VertexElement Elements[nElements];
 DWORD nDWords;
 array DWORD data[nDWords];
}

template XSkinMeshHeader {
 <3cf169ce-ff7c-44ab-93c0-f78f62d172e2>
 WORD nMaxSkinWeightsPerVertex;
 WORD nMaxSkinWeightsPerFace;
 WORD nBones;
}

template SkinWeights {
 <6f0d123b-bad2-4167-a0d0-80224f25fabb>
 STRING transformNodeName;
 DWORD nWeights;
 array DWORD vertexIndices[nWeights];
 array FLOAT weights[nWeights];
 Matrix4x4 matrixOffset;
}

template AnimTicksPerSecond {
 <9e415a43-7ba6-4a73-8743-b73d47e88476>
 DWORD AnimTicksPerSecond;
}

template Animation {
 <3d82ab4f-62da-11cf-ab39-0020af71e433>
 [...]
}

template AnimationSet {
 <3d82ab50-62da-11cf-ab39-0020af71e433>
 [Animation <3d82ab4f-62da-11cf-ab39-0020af71e433>]
}

template FloatKeys {
 <10dd46a9-775b-11cf-8f52-0040333594a3>
 DWORD nValues;
 array FLOAT values[nValues];
}

template TimedFloatKeys {
 <f406b180-7b3b-11cf-8f52-0040333594a3>
 DWORD time;
 FloatKeys tfkeys;
}

template AnimationKey {
 <10dd46a8-775b-11cf-8f52-0040333594a3>
 DWORD keyType;
 DWORD nKeys;
 array TimedFloatKeys keys[nKeys];
}


Frame Bip001 {
 

 FrameTransformMatrix {
  0.034844,-0.049816,-0.998151,0.000000,0.001738,0.998758,-0.049786,0.000000,0.999391,-0.000000,0.034887,0.000000,-0.000608,118.813606,0.019212,1.000000;;
 }

 Frame Bip001_Pelvis {
  

  FrameTransformMatrix {
   0.000000,0.999174,0.040636,0.000000,-0.000001,-0.040636,0.999174,0.000000,1.000000,-0.000000,0.000001,0.000000,0.000000,0.000000,0.000000,1.000000;;
  }

  Frame Bip001_Spine {
   

   FrameTransformMatrix {
    0.994174,0.000236,-0.107793,0.000000,0.000460,0.999979,0.006435,0.000000,0.107792,-0.006447,0.994153,0.000000,14.248810,-0.579468,-0.012758,1.000000;;
   }

   Frame Bip001_Spine1 {
    

    FrameTransformMatrix {
     0.998200,-0.036966,0.047224,0.000000,0.034027,0.997521,0.061603,0.000000,-0.049384,-0.059885,0.996983,0.000000,16.122834,0.000770,-0.012799,1.000000;;
    }

    Frame Bip001_Spine2 {
     

     FrameTransformMatrix {
      0.992212,-0.056968,0.110768,0.000000,0.046563,0.994449,0.094354,0.000000,-0.115528,-0.088462,0.989357,0.000000,16.123688,0.001136,-0.012702,1.000000;;
     }

     Frame Bip001_Spine3 {
      

      FrameTransformMatrix {
       0.979942,-0.054560,0.191670,0.000000,0.036020,0.994444,0.098915,0.000000,-0.196002,-0.090027,0.976462,0.000000,16.124741,0.001157,-0.012535,1.000000;;
      }

      Frame Bip001_Neck {
       

       FrameTransformMatrix {
        0.968584,0.000001,0.248688,0.000000,-0.000001,1.000000,-0.000000,0.000000,-0.248688,-0.000000,0.968584,0.000000,16.124085,0.000001,-0.007175,1.000000;;
       }

       Frame Bip001_L_Clavicle {
        

        FrameTransformMatrix {
         -0.156825,0.986270,0.051745,0.000000,0.955606,0.164765,-0.244272,0.000000,-0.249444,0.011140,-0.968325,0.000000,0.000000,4.340600,0.007393,1.000000;;
        }

        Frame Bip001_L_UpperArm {
         

         FrameTransformMatrix {
          0.534815,-0.762291,-0.364534,0.000000,0.841137,0.439256,0.315504,0.000000,-0.080383,-0.475359,0.876112,0.000000,16.122222,-0.000015,-0.000004,1.000000;;
         }

         Frame Bip001_L_Forearm {
          

          FrameTransformMatrix {
           0.169476,-0.000000,-0.985534,0.000000,0.000000,1.000000,0.000000,0.000000,0.985534,0.000000,0.169476,0.000000,44.136794,0.000000,0.000004,1.000000;;
          }

          Frame Bip001_L_Hand {
           

           FrameTransformMatrix {
            0.675532,-0.731301,-0.094107,0.000000,0.098507,-0.036975,0.994449,0.000000,-0.730721,-0.681052,0.047061,0.000000,37.683376,0.000000,-0.000008,1.000000;;
           }

           Frame Bip001_L_Finger0 {
            

            FrameTransformMatrix {
             0.791618,-0.490028,0.364984,0.000000,0.417010,-0.003307,-0.908896,0.000000,0.446592,0.871701,0.201728,0.000000,4.289875,-5.456856,2.394806,1.000000;;
            }

            Frame Bip001_L_Finger01 {
             

             FrameTransformMatrix {
              0.976876,-0.000000,0.213807,0.000000,-0.000000,1.000000,0.000000,0.000000,-0.213807,-0.000000,0.976876,0.000000,3.875534,0.000000,-0.000015,1.000000;;
             }

             Frame Bip001_L_Finger02 {
              

              FrameTransformMatrix {
               0.494662,0.000000,0.869085,0.000000,0.000000,1.000000,0.000000,0.000000,-0.869085,-0.000000,0.494662,0.000000,3.875532,0.000000,0.000000,1.000000;;
              }

              Frame Bip001_L_Finger0Nub {
               

               FrameTransformMatrix {
                1.000000,0.000000,0.000000,0.000000,-0.000000,1.000000,0.000000,0.000000,0.000000,-0.000000,1.000000,0.000000,3.875542,0.000000,0.000000,1.000000;;
               }
              }
             }
            }
           }

           Frame Bip001_L_Finger1 {
            

            FrameTransformMatrix {
             0.998487,0.011103,-0.053867,0.000000,-0.011784,0.999854,-0.012351,0.000000,0.053722,0.012967,0.998472,0.000000,11.734274,-5.461204,-0.417763,1.000000;;
            }

            Frame Bip001_L_Finger11 {
             

             FrameTransformMatrix {
              0.966194,0.000000,0.257818,0.000000,0.000000,1.000000,0.000000,0.000000,-0.257818,-0.000000,0.966194,0.000000,4.650642,0.000000,0.000000,1.000000;;
             }

             Frame Bip001_L_Finger12 {
              

              FrameTransformMatrix {
               0.630508,0.000000,0.776183,0.000000,0.000000,1.000000,0.000000,0.000000,-0.776182,-0.000000,0.630508,0.000000,4.650642,-0.000008,0.000000,1.000000;;
              }

              Frame Bip001_L_Finger1Nub {
               

               FrameTransformMatrix {
                1.000000,0.000000,-0.000000,0.000000,0.000000,1.000000,0.000000,0.000000,-0.000000,-0.000000,1.000000,0.000000,4.650650,-0.000008,0.000000,1.000000;;
               }
              }
             }
            }
           }

           Frame Bip001_L_Finger2 {
            

            FrameTransformMatrix {
             0.968275,0.058011,-0.243061,0.000000,-0.054546,0.998291,0.020970,0.000000,0.243862,-0.007047,0.969785,0.000000,11.686764,-1.501305,-0.364784,1.000000;;
            }

            Frame Bip001_L_Finger21 {
             

             FrameTransformMatrix {
              0.708282,-0.000000,0.705930,0.000000,0.000000,1.000000,0.000000,0.000000,-0.705929,0.000000,0.708282,0.000000,4.698435,-0.000015,0.000000,1.000000;;
             }

             Frame Bip001_L_Finger22 {
              

              FrameTransformMatrix {
               0.919754,0.000000,0.392496,0.000000,0.000000,1.000000,0.000000,0.000000,-0.392496,-0.000000,0.919754,0.000000,5.425758,0.000008,0.000000,1.000000;;
              }

              Frame Bip001_L_Finger2Nub {
               

               FrameTransformMatrix {
                1.000000,0.000000,0.000000,0.000000,0.000000,1.000000,-0.000000,0.000000,0.000000,0.000000,1.000000,0.000000,5.425743,-0.000015,-0.000004,1.000000;;
               }
              }
             }
            }
           }

           Frame Bip001_L_Finger3 {
            

            FrameTransformMatrix {
             0.956618,0.092458,-0.276286,0.000000,-0.084190,0.995578,0.041667,0.000000,0.278917,-0.016599,0.960172,0.000000,11.686198,1.606102,-0.362923,1.000000;;
            }

            Frame Bip001_L_Finger31 {
             

             FrameTransformMatrix {
              0.642599,-0.000000,0.766202,0.000000,-0.000000,1.000000,0.000000,0.000000,-0.766202,0.000000,0.642599,0.000000,4.316544,0.000000,0.000000,1.000000;;
             }

             Frame Bip001_L_Finger32 {
              

              FrameTransformMatrix {
               0.919754,0.000000,0.392496,0.000000,0.000000,1.000000,0.000000,0.000000,-0.392496,-0.000000,0.919754,0.000000,4.650642,-0.000008,-0.000008,1.000000;;
              }

              Frame Bip001_L_Finger3Nub {
               

               FrameTransformMatrix {
                1.000000,0.000000,0.000000,0.000000,0.000000,1.000000,-0.000000,0.000000,-0.000000,-0.000000,1.000000,0.000000,4.650642,-0.000015,0.000000,1.000000;;
               }
              }
             }
            }
           }

           Frame Bip001_L_Finger4 {
            

            FrameTransformMatrix {
             0.995595,0.042665,0.083493,0.000000,-0.043233,0.999053,0.005008,0.000000,-0.083200,-0.008595,0.996496,0.000000,10.216791,4.386833,-0.631813,1.000000;;
            }

            Frame Bip001_L_Finger41 {
             

             FrameTransformMatrix {
              0.905339,-0.000000,0.424689,0.000000,-0.000000,1.000000,0.000000,0.000000,-0.424689,-0.000000,0.905339,0.000000,3.003704,0.000000,0.000000,1.000000;;
             }

             Frame Bip001_L_Finger42 {
              

              FrameTransformMatrix {
               0.919754,0.000000,0.392497,0.000000,0.000000,1.000000,-0.000000,0.000000,-0.392497,-0.000000,0.919754,0.000000,3.003708,0.000000,0.000008,1.000000;;
              }

              Frame Bip001_L_Finger4Nub {
               

               FrameTransformMatrix {
                1.000000,0.000000,0.000000,0.000000,-0.000000,1.000000,-0.000000,0.000000,-0.000000,0.000000,1.000000,0.000000,3.003708,0.000008,0.000004,1.000000;;
               }
              }
             }
            }
           }
          }
         }
        }
       }

       Frame Bip001_R_Clavicle {
        

        FrameTransformMatrix {
         0.003807,-0.996106,0.088078,0.000000,-0.968617,0.018217,0.247890,0.000000,-0.248530,-0.086258,-0.964776,0.000000,-0.000015,-4.340600,0.007423,1.000000;;
        }

        Frame Bip001_R_UpperArm {
         

         FrameTransformMatrix {
          0.654971,0.479526,-0.584010,0.000000,-0.602394,0.797938,-0.020408,0.000000,0.456217,0.365171,0.811490,0.000000,16.122227,0.000000,0.000000,1.000000;;
         }

         Frame Bip001_R_Forearm {
          

          FrameTransformMatrix {
           0.553084,0.000000,-0.833126,0.000000,0.000000,1.000000,0.000000,0.000000,0.833126,-0.000000,0.553084,0.000000,44.136819,0.000000,0.000000,1.000000;;
          }

          Frame Bip001_R_Hand {
           

           FrameTransformMatrix {
            0.449468,-0.650003,-0.612760,0.000000,-0.844773,-0.086285,-0.528123,0.000000,0.290410,0.755018,-0.587887,0.000000,37.683373,0.000000,-0.000008,1.000000;;
           }

           Frame Bip001_R_Finger0 {
            

            FrameTransformMatrix {
             0.427206,0.727399,0.537016,0.000000,-0.522263,-0.286312,0.803285,0.000000,0.738063,-0.623632,0.257579,0.000000,4.289886,5.456860,2.394806,1.000000;;
            }

            Frame Bip001_R_Finger01 {
             

             FrameTransformMatrix {
              0.584227,0.000000,0.811590,0.000000,0.000000,1.000000,0.000000,0.000000,-0.811590,-0.000000,0.584227,0.000000,3.875542,0.000000,0.000000,1.000000;;
             }

             Frame Bip001_R_Finger02 {
              

              FrameTransformMatrix {
               0.877332,0.000000,0.479884,0.000000,0.000000,1.000000,0.000000,0.000000,-0.479884,-0.000000,0.877332,0.000000,3.875526,-0.000015,0.000004,1.000000;;
              }

              Frame Bip001_R_Finger0Nub {
               

               FrameTransformMatrix {
                -1.000000,-0.000000,-0.000000,0.000000,0.000000,1.000000,0.000000,0.000000,0.000000,0.000000,-1.000000,0.000000,3.875542,0.000000,0.000000,1.000000;;
               }
              }
             }
            }
           }

           Frame Bip001_R_Finger1 {
            

            FrameTransformMatrix {
             0.997242,-0.010846,-0.073430,0.000000,0.011784,0.999854,0.012351,0.000000,0.073285,-0.013182,0.997224,0.000000,11.734283,5.461201,-0.417759,1.000000;;
            }

            Frame Bip001_R_Finger11 {
             

             FrameTransformMatrix {
              0.402269,-0.000000,0.915521,0.000000,-0.000000,1.000000,-0.000000,0.000000,-0.915521,0.000000,0.402269,0.000000,4.650650,0.000000,0.000004,1.000000;;
             }

             Frame Bip001_R_Finger12 {
              

              FrameTransformMatrix {
               0.340645,-0.000000,0.940192,0.000000,0.000000,1.000000,-0.000000,0.000000,-0.940192,0.000000,0.340645,0.000000,4.650644,-0.000008,0.000000,1.000000;;
              }

              Frame Bip001_R_Finger1Nub {
               

               FrameTransformMatrix {
                -1.000000,0.000000,0.000000,0.000000,-0.000000,1.000000,0.000000,0.000000,-0.000000,-0.000000,-1.000000,0.000000,4.650650,0.000000,0.000000,1.000000;;
               }
              }
             }
            }
           }

           Frame Bip001_R_Finger2 {
            

            FrameTransformMatrix {
             0.913055,-0.058367,-0.403637,0.000000,0.054546,0.998291,-0.020970,0.000000,0.404172,-0.002870,0.914679,0.000000,11.686767,1.501324,-0.364777,1.000000;;
            }

            Frame Bip001_R_Finger21 {
             

             FrameTransformMatrix {
              0.098970,-0.000000,0.995090,0.000000,0.000000,1.000000,0.000000,0.000000,-0.995090,-0.000000,0.098970,0.000000,4.698440,0.000004,-0.000002,1.000000;;
             }

             Frame Bip001_R_Finger22 {
              

              FrameTransformMatrix {
               0.029316,-0.000000,0.999570,0.000000,-0.000000,1.000000,-0.000000,0.000000,-0.999570,0.000000,0.029316,0.000000,5.425751,-0.000004,0.000000,1.000000;;
              }

              Frame Bip001_R_Finger2Nub {
               

               FrameTransformMatrix {
                -1.000000,0.000000,0.000000,0.000000,0.000000,1.000000,-0.000000,0.000000,0.000000,0.000000,-1.000000,0.000000,5.425751,0.000000,0.000004,1.000000;;
               }
              }
             }
            }
           }

           Frame Bip001_R_Finger3 {
            

            FrameTransformMatrix {
             0.895635,-0.093934,-0.434758,0.000000,0.084190,0.995578,-0.041667,0.000000,0.436749,0.000716,0.899583,0.000000,11.686203,-1.606102,-0.362915,1.000000;;
            }

            Frame Bip001_R_Finger31 {
             

             FrameTransformMatrix {
              0.056882,0.045159,0.997359,0.000000,0.002672,0.998966,-0.045384,0.000000,-0.998377,0.005246,0.056703,0.000000,4.316528,-0.000011,-0.000006,1.000000;;
             }

             Frame Bip001_R_Finger32 {
              

              FrameTransformMatrix {
               0.091654,0.045159,0.994766,0.000000,0.001086,0.998966,-0.045450,0.000000,-0.995790,0.005246,0.091510,0.000000,4.650642,0.000000,0.000000,1.000000;;
              }

              Frame Bip001_R_Finger3Nub {
               

               FrameTransformMatrix {
                -1.000000,0.000000,0.000000,0.000000,-0.000000,1.000000,-0.000000,0.000000,-0.000000,-0.000000,-1.000000,0.000000,4.650635,0.000004,0.000000,1.000000;;
               }
              }
             }
            }
           }

           Frame Bip001_R_Finger4 {
            

            FrameTransformMatrix {
             0.995318,-0.043504,-0.086311,0.000000,0.043233,0.999053,-0.005008,0.000000,0.086447,0.001253,0.996256,0.000000,10.216782,-4.386841,-0.631798,1.000000;;
            }

            Frame Bip001_R_Finger41 {
             

             FrameTransformMatrix {
              0.722478,0.000000,0.691394,0.000000,-0.000000,1.000000,0.000000,0.000000,-0.691394,-0.000000,0.722478,0.000000,3.003693,0.000011,0.000000,1.000000;;
             }

             Frame Bip001_R_Finger42 {
              

              FrameTransformMatrix {
               0.859491,-0.000000,0.511151,0.000000,0.000000,1.000000,0.000000,0.000000,-0.511151,0.000000,0.859491,0.000000,3.003708,-0.000004,0.000000,1.000000;;
              }

              Frame Bip001_R_Finger4Nub {
               

               FrameTransformMatrix {
                -1.000000,-0.000000,-0.000000,0.000000,0.000000,1.000000,0.000000,0.000000,-0.000000,-0.000000,-1.000000,0.000000,3.003711,0.000000,0.000000,1.000000;;
               }
              }
             }
            }
           }
          }
         }
        }
       }

       Frame Bip001_Head {
        

        FrameTransformMatrix {
         0.893008,0.091487,-0.440645,0.000000,-0.169931,0.975184,-0.141912,0.000000,0.416726,0.201607,0.886393,0.000000,15.765381,-0.911513,-0.005142,1.000000;;
        }

        Frame Bip001_HeadNub {
         

         FrameTransformMatrix {
          1.000000,-0.000000,0.000000,0.000000,0.000000,1.000000,-0.000000,0.000000,0.000000,-0.000000,1.000000,0.000000,29.144013,-0.000000,-0.000002,1.000000;;
         }
        }
       }
      }
     }
    }
   }

   Frame Bip001_L_Thigh {
    

    FrameTransformMatrix {
     -0.940254,0.012734,-0.340236,0.000000,-0.101541,-0.964312,0.244522,0.000000,-0.324980,0.264461,0.907992,0.000000,-14.164123,12.974436,-1.606896,1.000000;;
    }

    Frame Bip001_L_Calf {
     

     FrameTransformMatrix {
      0.901298,-0.000000,-0.433200,0.000000,0.000000,1.000000,0.000000,0.000000,0.433200,0.000000,0.901298,0.000000,54.040717,0.000000,0.000000,1.000000;;
     }

     Frame Bip001_L_Foot {
      

      FrameTransformMatrix {
       0.946647,0.048543,0.318597,0.000000,-0.049037,0.998776,-0.006475,0.000000,-0.318522,-0.009494,0.947868,0.000000,58.826867,0.000000,0.000000,1.000000;;
      }

      Frame Bip001_L_Toe0 {
       

       FrameTransformMatrix {
        0.000000,0.000000,1.000000,0.000000,-0.000000,1.000000,0.000000,0.000000,-1.000000,-0.000000,0.000000,0.000000,14.261973,0.000002,18.354534,1.000000;;
       }

       Frame Bip001_L_Toe01 {
        

        FrameTransformMatrix {
         1.000000,-0.000000,0.000000,0.000000,-0.000000,1.000000,0.000000,0.000000,0.000000,0.000000,1.000000,0.000000,1.860256,-0.000002,0.000000,1.000000;;
        }

        Frame Bip001_L_Toe02 {
         

         FrameTransformMatrix {
          1.000000,-0.000000,0.000000,0.000000,-0.000000,1.000000,0.000000,0.000000,0.000000,0.000000,1.000000,0.000000,1.860256,0.000002,0.000002,1.000000;;
         }

         Frame Bip001_L_Toe0Nub {
          

          FrameTransformMatrix {
           -1.000000,-0.000000,-0.000000,0.000000,-0.000000,1.000000,0.000000,0.000000,-0.000000,0.000000,-1.000000,0.000000,1.860256,0.000002,-0.000001,1.000000;;
          }
         }
        }
       }
      }
     }
    }
   }

   Frame Bip001_R_Thigh {
    

    FrameTransformMatrix {
     -0.883519,0.005539,0.468362,0.000000,-0.080999,-0.986672,-0.141129,0.000000,0.461338,-0.162627,0.872192,0.000000,-14.169944,-11.828470,-1.447011,1.000000;;
    }

    Frame Bip001_R_Calf {
     

     FrameTransformMatrix {
      0.936548,-0.000000,-0.350541,0.000000,0.000000,1.000000,-0.000000,0.000000,0.350541,-0.000000,0.936548,0.000000,53.736064,-0.000000,0.000004,1.000000;;
     }

     Frame Bip001_R_Foot {
      

      FrameTransformMatrix {
       0.992276,0.070746,0.101899,0.000000,-0.069678,0.997471,-0.014009,0.000000,-0.102633,0.006800,0.994696,0.000000,59.151955,0.000000,-0.000004,1.000000;;
      }

      Frame Bip001_R_Toe0 {
       

       FrameTransformMatrix {
        0.000000,-0.000000,1.000000,0.000000,-0.000000,1.000000,0.000000,0.000000,-1.000000,-0.000000,0.000000,0.000000,14.261973,0.000000,18.354526,1.000000;;
       }

       Frame Bip001_R_Toe01 {
        

        FrameTransformMatrix {
         1.000000,-0.000000,-0.000000,0.000000,0.000000,1.000000,0.000000,0.000000,0.000000,0.000000,1.000000,0.000000,1.860252,-0.000001,0.000000,1.000000;;
        }

        Frame Bip001_R_Toe02 {
         

         FrameTransformMatrix {
          1.000000,-0.000000,-0.000000,0.000000,0.000000,1.000000,0.000000,0.000000,0.000000,0.000000,1.000000,0.000000,1.860268,-0.000000,-0.000001,1.000000;;
         }

         Frame Bip001_R_Toe0Nub {
          

          FrameTransformMatrix {
           1.000000,-0.000000,-0.000000,0.000000,0.000000,1.000000,0.000000,0.000000,0.000000,0.000000,1.000000,0.000000,1.860252,0.000001,-0.000001,1.000000;;
          }
         }
        }
       }
      }
     }
    }
   }
  }
 }
}

Frame Box001 {
 

 FrameTransformMatrix {
  0.667112,0.000000,0.000000,0.000000,0.000000,0.696682,0.000000,0.000000,0.000000,0.000000,0.492662,0.000000,0.000000,0.000000,0.000000,1.000000;;
 }

 Mesh Box001 {
  24;
  -9.060327;0.000208;-2.185510;,
  -6.069825;0.000208;2.185897;,
  -9.060327;0.000208;2.185897;,
  -6.069825;0.000207;-2.185510;,
  -9.060327;1.916266;-2.185510;,
  -6.069825;1.916266;2.185897;,
  -6.069825;1.916266;-2.185510;,
  -9.060327;1.916266;2.185897;,
  -9.060327;0.000208;-2.185510;,
  -6.069825;1.916266;-2.185510;,
  -6.069825;0.000207;-2.185510;,
  -9.060327;1.916266;-2.185510;,
  -6.069825;0.000207;-2.185510;,
  -6.069825;1.916266;2.185897;,
  -6.069825;0.000208;2.185897;,
  -6.069825;1.916266;-2.185510;,
  -6.069825;0.000208;2.185897;,
  -9.060327;1.916266;2.185897;,
  -9.060327;0.000208;2.185897;,
  -6.069825;1.916266;2.185897;,
  -9.060327;0.000208;2.185897;,
  -9.060327;1.916266;-2.185510;,
  -9.060327;0.000208;-2.185510;,
  -9.060327;1.916266;2.185897;;
  12;
  3;0,1,2;,
  3;1,0,3;,
  3;4,5,6;,
  3;5,4,7;,
  3;8,9,10;,
  3;9,8,11;,
  3;12,13,14;,
  3;13,12,15;,
  3;16,17,18;,
  3;17,16,19;,
  3;20,21,22;,
  3;21,20,23;;

  MeshMaterialList {
   1;
   12;
   0,
   0,
   0,
   0,
   0,
   0,
   0,
   0,
   0,
   0,
   0,
   0;

   Material  {
    0.529412;0.231373;0.031373;1.000000;;
    0.000000;
    0.000000;0.000000;0.000000;;
    0.000000;0.000000;0.000000;;
   }
  }

  DeclData {
   2;
   2;0;3;0;,
   1;0;5;0;;
   120;
   2993761821,
   3212836864,
   843076691,
   1065353216,
   1065353216,
   2993761821,
   3212836864,
   843076691,
   0,
   0,
   2993761821,
   3212836864,
   843076692,
   1065353216,
   0,
   2993761821,
   3212836864,
   843076692,
   0,
   1065353216,
   0,
   1065353216,
   0,
   0,
   1065353216,
   0,
   1065353216,
   0,
   1065353216,
   0,
   0,
   1065353216,
   0,
   1065353216,
   1065353216,
   0,
   1065353216,
   0,
   0,
   0,
   0,
   0,
   3212836864,
   0,
   1065353216,
   0,
   0,
   3212836864,
   1065353216,
   0,
   0,
   0,
   3212836864,
   1065353216,
   1065353216,
   0,
   0,
   3212836864,
   0,
   0,
   1065353216,
   0,
   0,
   0,
   1065353216,
   1065353216,
   0,
   0,
   1065353216,
   0,
   1065353216,
   0,
   0,
   1065353216,
   1065353216,
   1065353216,
   0,
   0,
   0,
   0,
   0,
   0,
   1065353216,
   0,
   1065353216,
   0,
   0,
   1065353216,
   1065353216,
   0,
   0,
   0,
   1065353216,
   1065353216,
   1065353216,
   0,
   0,
   1065353216,
   0,
   0,
   3212836864,
   0,
   0,
   0,
   1065353216,
   3212836864,
   0,
   0,
   1065353216,
   0,
   3212836864,
   0,
   0,
   1065353216,
   1065353216,
   3212836864,
   0,
   0,
   0,
   0;
  }

  XSkinMeshHeader {
   1;
   1;
   1;
  }

  SkinWeights {
   "Bip001_L_Toe0Nub";
   24;
   0,
   1,
   2,
   3,
   4,
   5,
   6,
   7,
   8,
   9,
   10,
   11,
   12,
   13,
   14,
   15,
   16,
   17,
   18,
   19,
   20,
   21,
   22,
   23;
   1.000000,
   1.000000,
   1.000000,
   1.000000,
   1.000000,
   1.000000,
   1.000000,
   1.000000,
   1.000000,
   1.000000,
   1.000000,
   1.000000,
   1.000000,
   1.000000,
   1.000000,
   1.000000,
   1.000000,
   1.000000,
   1.000000,
   1.000000,
   1.000000,
   1.000000,
   1.000000,
   1.000000;
   -0.189451,-0.634985,-0.077079,0.000000,0.277044,-0.005066,-0.639208,0.000000,0.429836,-0.151003,0.187495,0.000000,-32.073354,18.217165,-13.717459,1.000000;;
  }
 }
}

AnimTicksPerSecond  {
 4800;
}

AnimationSet Anim1 {
 

 Animation {
  
  { Bip001 }

  AnimationKey S {
   1;
   2;
   0;3;1.000000,1.000000,1.000000;;,
   5600;3;1.000000,1.000000,1.000000;;;
  }

  AnimationKey R {
   0;
   36;
   0;4;0.719112,0.017308,-0.694447,0.017923;;,
   160;4;0.723905,0.017143,-0.689452,0.018000;;,
   320;4;0.728624,0.017093,-0.684458,0.018196;;,
   480;4;0.735402,0.017070,-0.677163,0.018538;;,
   640;4;0.742077,0.017156,-0.669825,0.019006;;,
   800;4;0.747211,0.015707,-0.664166,0.017671;;,
   960;4;0.752298,0.014259,-0.658467,0.016291;;,
   1120;4;0.750550,0.011325,-0.660591,0.012868;;,
   1280;4;0.748857,0.008397,-0.662611,0.009490;;,
   1440;4;0.739103,0.008321,-0.673479,0.009132;;,
   1600;4;0.729228,0.008453,-0.684160,0.009010;;,
   1760;4;0.720343,0.010861,-0.693441,0.011283;;,
   1920;4;0.711342,0.013468,-0.702585,0.013636;;,
   2080;4;0.705948,0.015613,-0.707921,0.015569;;,
   2240;4;0.700430,0.016929,-0.713289,0.018165;;,
   2400;4;0.693421,0.017513,-0.720085,0.018391;;,
   2560;4;0.686283,0.018162,-0.726870,0.018605;;,
   2720;4;0.679899,0.018500,-0.732871,0.017162;;,
   2880;4;0.673490,0.018206,-0.738785,0.016597;;,
   3040;4;0.669558,0.018824,-0.742327,0.016978;;,
   3200;4;0.665599,0.019629,-0.745846,0.017518;;,
   3360;4;0.663456,0.020678,-0.747705,0.018348;;,
   3520;4;0.661341,0.021755,-0.749524,0.019196;;,
   3680;4;0.663836,0.020316,-0.747384,0.018045;;,
   3840;4;0.666383,0.018847,-0.745181,0.016854;;,
   4000;4;0.671163,0.018619,-0.740884,0.016866;;,
   4160;4;0.675978,0.018426,-0.736498,0.016911;;,
   4320;4;0.680816,0.018261,-0.732030,0.016984;;,
   4480;4;0.685667,0.018119,-0.727489,0.017079;;,
   4640;4;0.690520,0.017994,-0.722885,0.017191;;,
   4800;4;0.695365,0.017882,-0.718226,0.017315;;,
   4960;4;0.700191,0.017776,-0.713521,0.017445;;,
   5120;4;0.704988,0.017671,-0.708781,0.017577;;,
   5280;4;0.709747,0.017562,-0.704015,0.017703;;,
   5440;4;0.714458,0.017443,-0.699234,0.017821;;,
   5600;4;0.719112,0.017308,-0.694447,0.017923;;;
  }

  AnimationKey T {
   2;
   36;
   0;3;-0.000608,118.813606,0.019212;;,
   160;3;-0.046774,118.441242,0.017299;;,
   320;3;-0.092565,118.067507,0.014714;;,
   480;3;-0.158854,118.489485,0.009824;;,
   640;3;-0.224770,118.909414,0.003582;;,
   800;3;-0.275535,119.884557,-0.001370;;,
   960;3;-0.326211,120.860416,-0.007141;;,
   1120;3;-0.308160,122.128538,-0.003600;;,
   1280;3;-0.290805,123.397363,-0.000528;;,
   1440;3;-0.193837,124.362368,0.009986;;,
   1600;3;-0.096969,125.322637,0.017587;;,
   1760;3;-0.011232,125.459290,0.021335;;,
   1920;3;0.074449,125.592563,0.022681;;,
   2080;3;0.125106,124.771494,0.022130;;,
   2240;3;0.176663,123.953101,0.020724;;,
   2400;3;0.241801,122.574797,0.018710;;,
   2560;3;0.307448,121.195866,0.015373;;,
   2720;3;0.365637,120.094835,0.011769;;,
   2880;3;0.423659,118.991782,0.007103;;,
   3040;3;0.458795,118.807066,0.003420;;,
   3200;3;0.493904,118.620314,-0.000730;;,
   3360;3;0.512653,119.193152,-0.003408;;,
   3520;3;0.531066,119.766016,-0.006188;;,
   3680;3;0.509379,120.711526,-0.002842;;,
   3840;3;0.487126,121.657741,0.000392;;,
   4000;3;0.406282,122.723174,0.010289;;,
   4160;3;0.326092,123.786611,0.017598;;,
   4320;3;0.212724,124.457651,0.023541;;,
   4480;3;0.100037,125.123955,0.025277;;,
   4640;3;-0.009000,124.985075,0.022975;;,
   4800;3;-0.117258,124.844147,0.017153;;,
   4960;3;-0.174720,123.904179,0.012324;;,
   5120;3;-0.150987,122.890342,0.013865;;,
   5280;3;-0.115855,121.866176,0.015898;;,
   5440;3;-0.075955,120.837734,0.017688;;,
   5600;3;-0.000608,118.813606,0.019212;;;
  }
 }

 Animation {
  
  { Bip001_Pelvis }

  AnimationKey S {
   1;
   2;
   0;3;1.000000,1.000000,1.000000;;,
   5600;3;1.000000,1.000000,1.000000;;;
  }

  AnimationKey R {
   0;
   36;
   0;4;-0.489736,0.510058,0.489735,0.510058;;,
   160;4;-0.483682,0.515802,0.483681,0.515803;;,
   320;4;-0.477551,0.521484,0.477550,0.521484;;,
   480;4;-0.473205,0.525430,0.473205,0.525431;;,
   640;4;-0.468813,0.529352,0.468813,0.529353;;,
   800;4;-0.469255,0.528961,0.469255,0.528961;;,
   960;4;-0.469705,0.528562,0.469704,0.528562;;,
   1120;4;-0.474312,0.524432,0.474311,0.524432;;,
   1280;4;-0.478906,0.520239,0.478905,0.520240;;,
   1440;4;-0.483897,0.515601,0.483896,0.515601;;,
   1600;4;-0.488821,0.510934,0.488821,0.510935;;,
   1760;4;-0.491632,0.508230,0.491632,0.508231;;,
   1920;4;-0.494464,0.505475,0.494463,0.505476;;,
   2080;4;-0.493786,0.506138,0.493785,0.506139;;,
   2240;4;-0.493660,0.506260,0.493660,0.506261;;,
   2400;4;-0.492915,0.506986,0.492914,0.506987;;,
   2560;4;-0.492174,0.507706,0.492173,0.507706;;,
   2720;4;-0.497298,0.502687,0.497298,0.502688;;,
   2880;4;-0.502878,0.497105,0.502877,0.497106;;,
   3040;4;-0.511995,0.487710,0.511995,0.487711;;,
   3200;4;-0.520898,0.478190,0.520897,0.478191;;,
   3360;4;-0.525983,0.472591,0.525982,0.472591;;,
   3520;4;-0.530967,0.466983,0.530967,0.466984;;,
   3680;4;-0.529741,0.468374,0.529740,0.468375;;,
   3840;4;-0.528548,0.469720,0.528547,0.469721;;,
   4000;4;-0.524029,0.474756,0.524029,0.474757;;,
   4160;4;-0.519424,0.479791,0.519423,0.479791;;,
   4320;4;-0.515011,0.484524,0.515011,0.484525;;,
   4480;4;-0.510455,0.489321,0.510455,0.489322;;,
   4640;4;-0.507476,0.492410,0.507475,0.492411;;,
   4800;4;-0.504445,0.495515,0.504444,0.495516;;,
   4960;4;-0.502394,0.497594,0.502394,0.497595;;,
   5120;4;-0.499941,0.500059,0.499941,0.500059;;,
   5280;4;-0.497421,0.502566,0.497420,0.502567;;,
   5440;4;-0.494865,0.505083,0.494864,0.505084;;,
   5600;4;-0.492305,0.507579,0.492304,0.507579;;;
  }

  AnimationKey T {
   2;
   2;
   0;3;0.000000,0.000000,0.000000;;,
   5600;3;0.000000,0.000000,0.000000;;;
  }
 }

 Animation {
  
  { Bip001_Spine }

  AnimationKey S {
   1;
   2;
   0;3;1.000000,1.000000,1.000000;;,
   5600;3;1.000000,1.000000,1.000000;;;
  }

  AnimationKey R {
   0;
   36;
   0;4;0.998537,-0.003225,-0.053975,0.000056;;,
   160;4;0.998533,-0.005091,-0.053908,0.000088;;,
   320;4;0.998527,-0.006969,-0.053810,0.000121;;,
   480;4;0.998521,-0.008305,-0.053723,0.000145;;,
   640;4;0.998515,-0.009672,-0.053621,0.000171;;,
   800;4;0.998518,-0.009305,-0.053632,0.000156;;,
   960;4;0.998520,-0.008939,-0.053643,0.000141;;,
   1120;4;0.998529,-0.007165,-0.053747,0.000095;;,
   1280;4;0.998535,-0.005542,-0.053834,0.000059;;,
   1440;4;0.998537,-0.004233,-0.053911,0.000044;;,
   1600;4;0.998538,-0.002954,-0.053967,0.000030;;,
   1760;4;0.998539,-0.002328,-0.053990,0.000029;;,
   1920;4;0.998539,-0.001622,-0.054007,0.000023;;,
   2080;4;0.998539,-0.001891,-0.054003,0.000030;;,
   2240;4;0.998539,-0.001998,-0.054003,0.000034;;,
   2400;4;0.998539,-0.002247,-0.053998,0.000039;;,
   2560;4;0.998538,-0.002499,-0.053994,0.000045;;,
   2720;4;0.998540,-0.000861,-0.054017,0.000015;;,
   2880;4;0.998540,0.000910,-0.054016,-0.000016;;,
   3040;4;0.998536,0.003870,-0.053956,-0.000069;;,
   3200;4;0.998527,0.006886,-0.053821,-0.000125;;,
   3360;4;0.998518,0.008747,-0.053710,-0.000164;;,
   3520;4;0.998507,0.010651,-0.053574,-0.000205;;,
   3680;4;0.998512,0.009991,-0.053610,-0.000184;;,
   3840;4;0.998516,0.009357,-0.053643,-0.000165;;,
   4000;4;0.998528,0.007233,-0.053756,-0.000105;;,
   4160;4;0.998535,0.005353,-0.053849,-0.000059;;,
   4320;4;0.998538,0.003810,-0.053919,-0.000029;;,
   4480;4;0.998540,0.002441,-0.053971,-0.000009;;,
   4640;4;0.998540,0.001744,-0.053995,-0.000007;;,
   4800;4;0.998540,0.001038,-0.054011,-0.000005;;,
   4960;4;0.998540,0.000595,-0.054018,-0.000005;;,
   5120;4;0.998540,-0.000131,-0.054024,0.000006;;,
   5280;4;0.998539,-0.000896,-0.054023,0.000018;;,
   5440;4;0.998539,-0.001678,-0.054015,0.000031;;,
   5600;4;0.998538,-0.002453,-0.053999,0.000044;;;
  }

  AnimationKey T {
   2;
   36;
   0;3;14.248810,-0.579468,-0.012758;;,
   160;3;14.231163,-0.915612,-0.012757;;,
   320;3;14.205550,-1.251777,-0.012758;;,
   480;3;14.182786,-1.487425,-0.012758;;,
   640;3;14.156051,-1.723416,-0.012758;;,
   800;3;14.158906,-1.699771,-0.012758;;,
   960;3;14.161789,-1.675713,-0.012758;;,
   1120;3;14.188918,-1.427661,-0.012758;;,
   1280;3;14.211861,-1.177867,-0.012757;;,
   1440;3;14.231918,-0.903777,-0.012758;;,
   1600;3;14.246643,-0.630543,-0.012757;;,
   1760;3;14.252717,-0.473331,-0.012756;;,
   1920;3;14.257133,-0.314039,-0.012756;;,
   2080;3;14.256218,-0.352284,-0.012756;;,
   2240;3;14.256066,-0.359341,-0.012757;;,
   2400;3;14.254928,-0.401295,-0.012756;;,
   2560;3;14.253701,-0.442931,-0.012757;;,
   2720;3;14.259742,-0.153707,-0.012757;;,
   2880;3;14.259643,0.164616,-0.012757;;,
   3040;3;14.243766,0.692391,-0.012755;;,
   3200;3;14.208573,1.216881,-0.012754;;,
   3360;3;14.179299,1.520551,-0.012753;;,
   3520;3;14.143829,1.821047,-0.012753;;,
   3680;3;14.153190,1.746847,-0.012753;;,
   3840;3;14.161888,1.674823,-0.012753;;,
   4000;3;14.191346,1.403558,-0.012754;;,
   4160;3;14.215790,1.129454,-0.012754;;,
   4320;3;14.234085,0.869108,-0.012756;;,
   4480;3;14.247842,0.602608,-0.012755;;,
   4640;3;14.254112,0.429621,-0.012756;;,
   4800;3;14.258301,0.254656,-0.012755;;,
   4960;3;14.259926,0.136885,-0.012757;;,
   5120;3;14.260582,-0.003361,-0.012756;;,
   5280;3;14.259819,-0.146755,-0.012756;;,
   5440;3;14.257622,-0.291444,-0.012758;;,
   5600;3;14.253930,-0.435575,-0.012757;;;
  }
 }

 Animation {
  
  { Bip001_Spine1 }

  AnimationKey S {
   1;
   2;
   0;3;1.000000,1.000000,1.000000;;,
   5600;3;1.000000,1.000000,1.000000;;;
  }

  AnimationKey R {
   0;
   36;
   0;4;0.999088,-0.030400,0.024174,0.017764;;,
   160;4;0.999022,-0.030475,0.022990,0.022323;;,
   320;4;0.998931,-0.030568,0.021858,0.026924;;,
   480;4;0.998923,-0.029486,0.020719,0.029220;;,
   640;4;0.998908,-0.028415,0.019571,0.031512;;,
   800;4;0.999042,-0.025585,0.018948,0.030035;;,
   960;4;0.999163,-0.022792,0.018348,0.028594;;,
   1120;4;0.999351,-0.018306,0.018791,0.024675;;,
   1280;4;0.999504,-0.013791,0.019220,0.020774;;,
   1440;4;0.999632,-0.007230,0.019917,0.016915;;,
   1600;4;0.999703,-0.000733,0.020591,0.013037;;,
   1760;4;0.999705,0.004410,0.021477,0.010471;;,
   1920;4;0.999674,0.009537,0.022334,0.007882;;,
   2080;4;0.999629,0.011981,0.023359,0.007275;;,
   2240;4;0.999575,0.014381,0.024434,0.006720;;,
   2400;4;0.999536,0.015866,0.025365,0.005649;;,
   2560;4;0.999492,0.017390,0.026304,0.004587;;,
   2720;4;0.999495,0.017808,0.026320,-0.000896;;,
   2880;4;0.999468,0.018233,0.026309,-0.006338;;,
   3040;4;0.999439,0.017728,0.024879,-0.013707;;,
   3200;4;0.999356,0.017187,0.023443,-0.021040;;,
   3360;4;0.999354,0.014801,0.021584,-0.024646;;,
   3520;4;0.999328,0.012393,0.019737,-0.028280;;,
   3680;4;0.999435,0.008331,0.018850,-0.026541;;,
   3840;4;0.999521,0.004263,0.017951,-0.024833;;,
   4000;4;0.999607,-0.000212,0.019019,-0.020594;;,
   4160;4;0.999655,-0.004614,0.020083,-0.016289;;,
   4320;4;0.999637,-0.009577,0.022177,-0.011960;;,
   4480;4;0.999572,-0.014494,0.024233,-0.007631;;,
   4640;4;0.999478,-0.019298,0.025612,-0.004054;;,
   4800;4;0.999344,-0.024123,0.027023,-0.000507;;,
   4960;4;0.999274,-0.026701,0.027114,0.001867;;,
   5120;4;0.999251,-0.027663,0.026609,0.004950;;,
   5280;4;0.999225,-0.028396,0.026019,0.008133;;,
   5440;4;0.999191,-0.029035,0.025394,0.011357;;,
   5600;4;0.999145,-0.029711,0.024782,0.014564;;;
  }

  AnimationKey T {
   2;
   24;
   0;3;16.122834,0.000770,-0.012799;;,
   640;3;16.122834,0.000768,-0.012801;;,
   800;3;16.122742,0.000639,-0.012811;;,
   960;3;16.122696,0.000572,-0.012818;;,
   1120;3;16.122710,0.000457,-0.012819;;,
   1280;3;16.122710,0.000343,-0.012824;;,
   1440;3;16.122726,0.000177,-0.012827;;,
   1600;3;16.122726,0.000012,-0.012827;;,
   1760;3;16.122773,-0.000120,-0.012824;;,
   1920;3;16.122787,-0.000249,-0.012823;;,
   2400;3;16.122818,-0.000312,-0.012820;;,
   2560;3;16.122909,-0.000450,-0.012813;;,
   3200;3;16.122925,-0.000457,-0.012812;;,
   3360;3;16.122773,-0.000366,-0.012820;;,
   3520;3;16.122726,-0.000303,-0.012824;;,
   3680;3;16.122680,-0.000202,-0.012828;;,
   3840;3;16.122650,-0.000099,-0.012831;;,
   4000;3;16.122696,0.000015,-0.012830;;,
   4160;3;16.122726,0.000127,-0.012827;;,
   4320;3;16.122773,0.000252,-0.012824;;,
   4480;3;16.122818,0.000377,-0.012818;;,
   4640;3;16.122894,0.000497,-0.012811;;,
   4800;3;16.122941,0.000619,-0.012804;;,
   5600;3;16.122894,0.000684,-0.012802;;;
  }
 }

 Animation {
  
  { Bip001_Spine2 }

  AnimationKey S {
   1;
   2;
   0;3;1.000000,1.000000,1.000000;;,
   5600;3;1.000000,1.000000,1.000000;;;
  }

  AnimationKey R {
   0;
   36;
   0;4;0.996998,-0.045842,0.056744,0.025961;;,
   160;4;0.996885,-0.046046,0.054991,0.032806;;,
   320;4;0.996718,-0.046257,0.053291,0.039674;;,
   480;4;0.996736,-0.044684,0.051585,0.043136;;,
   640;4;0.996736,-0.043127,0.049866,0.046590;;,
   800;4;0.997055,-0.038884,0.048936,0.044436;;,
   960;4;0.997347,-0.034655,0.048014,0.042341;;,
   1120;4;0.997756,-0.027858,0.048680,0.036567;;,
   1280;4;0.998086,-0.021037,0.049327,0.030816;;,
   1440;4;0.998353,-0.011132,0.050349,0.025150;;,
   1600;4;0.998489,-0.001321,0.051362,0.019475;;,
   1760;4;0.998468,0.006435,0.052668,0.015716;;,
   1920;4;0.998372,0.014169,0.053952,0.011942;;,
   2080;4;0.998238,0.017819,0.055510,0.011079;;,
   2240;4;0.998087,0.021446,0.057076,0.010279;;,
   2400;4;0.997969,0.023692,0.058494,0.008706;;,
   2560;4;0.997842,0.025995,0.059877,0.007145;;,
   2720;4;0.997846,0.026734,0.059903,-0.001036;;,
   2880;4;0.997784,0.027483,0.059886,-0.009199;;,
   3040;4;0.997766,0.026836,0.057743,-0.020231;;,
   3200;4;0.997622,0.026179,0.055570,-0.031246;;,
   3360;4;0.997674,0.022679,0.052806,-0.036674;;,
   3520;4;0.997674,0.019147,0.050037,-0.042145;;,
   3680;4;0.997941,0.013030,0.048709,-0.039648;;,
   3840;4;0.998163,0.006879,0.047361,-0.037156;;,
   4000;4;0.998323,0.000109,0.048963,-0.030896;;,
   4160;4;0.998397,-0.006574,0.050580,-0.024538;;,
   4320;4;0.998292,-0.014075,0.053717,-0.018151;;,
   4480;4;0.998083,-0.021529,0.056818,-0.011746;;,
   4640;4;0.997828,-0.028796,0.058883,-0.006508;;,
   4800;4;0.997484,-0.036093,0.060996,-0.001273;;,
   4960;4;0.997325,-0.040001,0.061130,0.002229;;,
   5120;4;0.997289,-0.041500,0.060377,0.006827;;,
   5280;4;0.997249,-0.042659,0.059497,0.011578;;,
   5440;4;0.997193,-0.043677,0.058565,0.016393;;,
   5600;4;0.997108,-0.044750,0.057651,0.021182;;;
  }

  AnimationKey T {
   2;
   25;
   0;3;16.123688,0.001136,-0.012702;;,
   480;3;16.123672,0.001132,-0.012706;;,
   640;3;16.123520,0.001045,-0.012727;;,
   800;3;16.123504,0.000941,-0.012738;;,
   960;3;16.123490,0.000834,-0.012748;;,
   1120;3;16.123490,0.000669,-0.012758;;,
   1280;3;16.123504,0.000501,-0.012764;;,
   1440;3;16.123520,0.000253,-0.012769;;,
   1600;3;16.123520,0.000008,-0.012770;;,
   1760;3;16.123581,-0.000186,-0.012766;;,
   1920;3;16.123627,-0.000380,-0.012758;;,
   2240;3;16.123642,-0.000472,-0.012751;;,
   2400;3;16.123702,-0.000620,-0.012736;;,
   3200;3;16.123749,-0.000677,-0.012729;;,
   3360;3;16.123597,-0.000532,-0.012753;;,
   3520;3;16.123534,-0.000435,-0.012765;;,
